100 100
0000100000000000100000001000000000000000100001001000000000000000000000000000000000000000000010000110
0000100001000000000000000000000000010000000000000000000000000100001000000000000000000000000000000000
0000000000010010000001010000000000000000000000100000000000010001101000000000000010001000000000000001
0001000000000000000000000000000000000001000000001001000010000000010000000100000000000000000000010000
0000000000000001000000001000000000001000000000000000000000100000000000000000000000011000010100000000
0000000010000000000000010000000000000000000001000000001001000101000000000000000011000000010000010001
0010010000010010000010000000000000000101000000000000100000010001000000100000000101000000000000000000
0000000000000000000100000000000001000000000000001100000000000000000000100001001000000001000100000000
0000000001000000000000001001000000000000000000000000010000000000000000100000100001000000000000000110
0000000000100000000000000000000000000000100000101001000000010000000010001010000010100011000110010001
0010000000001001000000000000000000000000000000001100010000001000100000000000000000000000000000000101
0000000000001000000000100000000000000000000001000000000000000000000000000001000010001010000000000000
0000000100000000000000000000000000000000000000000011000100000001000000000000000000000000000010000000
0000000100000000000000000000000000000000000000000010000010100001000111000000100000000000100100000100
0000000000100010000000000000001000010000000000100100000001000000000100000000000000000000000011000000
0000000100000001100010000001000000000000000000000100001000010000000000101000000010100000000100000000
0100001000000100000000000000001000000001000000000000000011000011000000010000000100000000010000000001
0000010000000001100000000000000010000000000010000000000000000010000100000000000010000000000001000000
0000000000010001000000000000100000000010000000000000110000000000000000000101000000000100100000000001
1000000000100000100100000000000000000100010000000000010000000010000101000000100000000100000000001000
0000001000100100000000000000000001100000101000000000001000100001001000000000000110000000000000000000
0000000010000100100000100000000000000000000010100000010000000000100000000010001000000000000000000000
0000000010001000001000010000000010001001000001010000001000000100010000000000100000100000000101000000
0010000000001000000000000001000000010000000100000000100000000000000000000000001000000001010000000000
0000000000001000000100000010000000000000000000100000000000000000001000000000000100000000000100000000
1000000000000100000000000000000001000000001000100000000000000000000000001010000000010000011000000001
0000000000000011001000000000000000000000000010000100100000100000000100000000000100000000100000001000
0110000000000000000000000000010000010010000000000000000000000000010000000000000000000000000000000000
0001000101101000010000100000000100000000000000001000000000010000010000010000000000000000100010000000
0110100000000000000100000000000000011001100000000000000001000000001100000000000000101000000000000000
0000110000100000000000000000000001000000000000000000000000000100000000000000000001000100010000000000
1001001000000010000000000000000000010000000000100000101000101000000000000000000000000000000000000000
0000000000000000000000000000001001000000010000000000000000000000000000000000000100000000000010001001
0000000000000000100000000000001000000000000000001010000100000010000000100010000000000000000000000000
0000000000000011000000001000000000000100000100000100000000000000001100000100000000001000000000011000
0001000000011100000000000100001100100100000000001000000001000000001000000000010000000000010000000001
0000000000000000000000000000000000000100000000100000100001000000000000000000000100000000010010000001
0000010001000000000100000000000000100000010000001000000000000001000000000100010000000000000010000000
0000000000000000001000100100000000000000000100000000000001000000000000010010000000000001001010000000
0010000000000110000000000000000000001000000000000000010010000000000000000000000000000100000000000001
1000000000000000100000000010001000000001000100110000000000000010000000000000000000000100000011000000
0000000000000000001000000000000000010000001010000100000000010000000000100000000100000010001101101000
0010001000000000000000000000100000000000000000000000000001010100000000000001100100000100100000010000
1000001000000000000000000000101000000000010010000000000000001000000100000000000000101000000010010000
1000000010000001000000000000000000000000000010000001000011000000000000000000010000000001000000000000
0000001000000000000001000000000000000000000000010000001100000000100000000000000100100000010001000100
0000000000000100000001100010000000000100100000000100000000000000000000000000000001000000010100001000
0000000000101000000000000000000010100000000000000000001000000000000000010000010000001000000000000000
0000000000000100000100000100000000010000000000000000001000000000000101000000000000001000010000000011
0000001000000000000000001000001000000010000000100000100000000000000001000000000000001000000000001000
0000100000001010110000000000010000000001000000000000100010001000000010000100000100000000000001000001
1000000000010001000000000000000010100000000000000000010000000100000000000010000000000100100010000000
0000000000000000000001000101100100000100000000010100001000000100000010000000000001000000000000000000
0000000110000000000010000000000100000000100000000000000000000010000000000000010000000000000000000001
0000000010000010000000100000000000000001001000000001110010000000100000100010000001000100000000010000
0000000000000000001000100000000000000000000000100001010000000000010000000000000000001000000000000000
0000000000000100000000000000000000000010000000000000000000000000010000000000000000000000000000000000
0000000000000000000000000000000000000100000000100000000100000001000000000000000000001000000010000100
0000000000000000010101000000000000000000000100100000000000000000100000000000000001000110100000100100
1000000001000010000000000010000000000000000010000000100000010010010000000000000010000000101000000000
0000000000000010000000000000001000100000000100000001000000000000000000000001000000000000000000000000
0001000101000000010000011001000000000000000000000000000000000011000000000000000000000001000000000000
0000001001010000000000100000000000000000010000010000000000000001100001011000000000001100000000100000
1000000001000000000010000000000000000100000000000000000000000100000000000000110000000001010000001000
0000000000100000010000000000000000100000100001000000000000000010000000000000000100000001000000000010
0000010010000000000000000000000000000000000000000000000000000000000000000000001001000000000010000000
0000000000010010001000010000010000000000010000000000000001000000000000001001000100000000100000000000
0100000001110100000000000000000100000000000010000000000000001000010000000010110000000010100100000001
0000000000000000000000000000000000000000000000000000000010010000100110000000000000000100000000000000
0000000000000001010000001000000010000000100000000001001000110000000000000010010000000000000000000000
0010100000010101000001111000000000000000000000000000010000000000000000010000000000000000000000000100
0000000100100000100000010000000000100000000000000000000100000000000100000000000000000000001000000000
1000000001000000001001000000000000000000000000000000000000000000000000000000101000000000000000000000
0100000000000000000000000100000000000000001000000000001001000000010000010010000000000000001000000000
0000000000000001000000001000000010001000000100000000010000000110000000000000000000000000001100000000
0000000000000000000000000000000000010000000001000000000000000100000000000000010000010010000001001000
0011100010110000000000000000000000000000000000000000000000000000000000010000000000000000000000000000
1000000000000000000000010000001100000110000000000010000000000000000100001000010000000000000000000000
0000010000000000010000000000100000000000000000000000000010000000000010000000000010000000100000000000
0000000010000000000000000000000000010000000000000010100000000001000000110000000000010010000010000101
0000000100000000000000000100000000001000000001000000000000010000000000000000000000100000000001000000
0100010000100010001000000000000000000000000000001000000101000000000101000001000000000010100000100000
0000100000010000000000000000000000000000000000000100000010000000000000000000000000000000010000000000
0000000010000000100000010000000000100000000110000001000000000000001000000000001000010000000000000000
0000000000010000000110000001000000000000000100000000100000000000000000000010000000001000010000100001
0000000100000000000000000000101010010000000000000000000010000000000000000101100000000000000000000000
0000000000000100000010000000000100000000000100000010000001101000001000000000000100000000000100000000
0000000000000010000000000000000001000000000000000000000010000000000000000000110000000000001000000010
1110000000000000000000000000010001101000000000000000100000010000000000000010000000000000000001010001
0000001100000000000000000000000001100000001000000000000010000000000000000100000100000000010010000000
0000000000000000100000000011000000000000101000000000000000000000000100000000000000000000000000000000
0000000000000000000001000000000001000000000000000000001000000001000000000000011000000000000000000000
0000100000000000001000000000000001000000000000000000001001000000000000000000000000000001000000000011
0000000000100000000000000000000000000000000000010000000000000000000000000000000010100000000000000000
0000010000000000000000000000100000000100000000010110100000011000001000000000000100001000001000000000
0000001000000001000000010000001000010000000000000000100000000000000010000000011000101000000000001000
0010000000000000000000000001000000000000010001000000000000000000000000001000011000010001000000000000
0000000000000000000000100000010001000000000111000100000011000000010010000001000000000000000000010000
0000010000000010000001001000000100000000000001000010000000000000000100000010000000001010000000100000
0000000000000000001000000000000000000000011000000000000011000000000000100001000000000000000010100100
0 0
99 99
