95 100
0000010010000100000000100000000000110000101110100000000001000000001000000010001000001001000000000000
0000001000001001100100000010100001100000010100001001000001100010001010000010011000000000101000010000
0010000001000100011000011000000000100000000000010000000101001000000110000100000001000100000000100000
0000000000001000010010010000000000001010010000100010010011010001000000000000000100000001000000000000
0000000000001000000000110000011000011000000001001011100010000000000110000001000000000000010000000001
1011110000000100000000000100001000010111000000000000000001011010000100110101000000010110010001000010
0000001010001000000000100100100110000000000110110011000010110000110010011000000100011000000000000010
0001010000000000000000000000000000000000000010000000100000110110000110000000000000011000000000000100
0000001000100000000000000000010000101000100000010000100000100100000000010001000000000100011001000110
0100000000000001000000000001000010001000100010001100000011100000010010000110000000000000000001000000
1000000000000000000000000010100000010000000010100101100101011000000000001100000000000100000110001000
0001110010010001000000100000100001000100011100010000000010000000100100001001100100110101110000010100
0000000000100000001001101000010010000000011000101000101000000000000001000000000000001000000100000000
0100100001011000100000001000100000000001100000100011010100000000000100100000000010000001000000000000
0100000000000000100010000000001000000001000001001100100010000000010000001100000000101001100000001000
1100000010000000001000010001000000000000100001000110001000000010000000000000000100000001000000001000
0000001010110000000000010010101101010000011010001000101010000001000000000000000000000100000000010010
1000110101000110100100000000010100000000110000000010000000010000100000000001000000010100000010110010
0000001000000011000000010010001000100000010111000000011010100000110000000001100011001001000000000010
0101100000000000000001000100101000010000000000000000000110000001000101000000000011010001000000011001
0000000001010000011001000000000000000010000100000000100000000010001000000100000010001010010000001000
0101010001100010100101010000001001010100011000000100011000000010011001000001010111001000100001000000
1110000100000010000110000000010010000000000000010000000000000001000000000000000001000110000100000100
0111101000010000000000100001100001000100000001101011011000000000100000000001000000000000001010101000
0010011000000000000000001000100110000011000001000001000100010100000100001000010010000000000100000000
0000001001101000111100000101000000100011100101000000000001000000000001000000000000000100000000001000
1010000100001000000000000100100001000010000000100001000000001010001000100000100100000000000100100011
0000001000100000000000001100000000000001010100100010000001100010100000000000001010000100000000000000
0000000100000000010010101000010011000000001000000100100101000101100000000000100000000011001000000000
0010000000000001000001011000001010111001001000101000010000010100000000000010000000000000101001010000
0000000010010000000000001000000000010100000011111001001001000010000000000000011000100000000110000010
0000001000100110000100100000000000010110010010110000100000000110001000000100000000001001000011010000
0000001010000000000000000000000000000010111100000000001000001000000100001010010000000010100100000101
1001000010000000000100000000100000010011001000000000000000010000000010000000100101000000001000000000
0000010100000001000000001100000010000000101010000100000000110010100000101100100000001010000000000010
0000010000000001001001001001110010011000100000000100000101000001001000001100000000001010001011100000
0000010100000001000010001000000100000001001000100001010000010010011110000001001000110000000000011010
0101010000000001010001010000000010000000101100000001000000000000000010000000000100000000000000100001
0100000100100000000000100000000000110001100101000000100000001010001001000100000100000100010100110000
0000000000010000100000000000000001000100010001000000011000000010100010000000000111010010000000010000
1100000000000010010001010101000000100011000010010001000000000000010000000000010100000101000000100101
0000010000000010000001011000000000000100000000000011001000100011000010000100010000001100010000010000
1000100100000000010000100000100000000000010000100000000000000000100000000000000001000000001001000000
0011000100000101000000010000011000001100000010100100001000011000001010000011000000000000000000000000
0000000000100000100000111001001000000000001010001000000001010010100001101000000000000000001000000000
0100000000001000000000000001000000010000100000000000010000001000000001001010001010010000100001100000
0001001000000110000000100000100110000010101001000010010010001000101000100010000100000000000100000100
0110000001110011001000001010000000000000000000010000010000000010000001001100001000000011010000100000
0011000110010001011010111000000000000000000000000001000001110000100000000100000010000000000100000000
0001000000011010010010000110000000000011100101001010001100000000001010100010000000000001001000110000
0110011000010000111000000110000000000010000000001100110000010001000001101010000010100100000000001001
1000001000000100000000001000100000000000010000110000011010010000000010010001000000000000111001000000
0100000000001000100100100010010000111000000000101000000011000100000100010010001010001010000000000000
0001000011111101000001000001100001110000000000100010000000000000010000000000000000100000010000001001
0110000000000100100101000000000100100100000000000000000101100000000101001000000000010000000001000000
0100010000000000000010100000000010010000010000000000000100000000010000000000100100011010001000000001
1010000010010010000000000010000000000100100000000010000011110000010010010100000001001000000011000101
1100010000000000000100000100000100000000000100000000000000000000010001100000000000101100001000110010
0000000100010000000000000100100110000000000001100001000000000000000000000101010000000000000100000010
0000100000010000010010010000010000001100100001000001000010001000001000000000000001000001110101000001
0000000000001000000010001011000000000000011000000001000010100010000001000000001000000000101101011000
0100001000000100000100000000000000100001001100100000000001000010100011000010100010000000000010100000
1100010000000000000000001100000000100001001000000000101100010000010100100000000000100000000000000010
0000000000000100101100011010000000000000010000101000110100100100000000000011000011011001001011001000
1000000101010000000010000000100100000001010100010000010001000000010000010000000011000100100010010000
0001000001100100000001000000100000100000000100000010001000100000000001001000001001000000000000000000
0010101000101100010000000000000101000000100100000000000001001001000000000010101000000000000000100010
0000000001001001000000000000000010000011010001000100001000001000010101000000000000100010011000000001
0000001000000100000110001000000000100000010000100000010010010100000100000100000010010001000000001000
1000110000100000000000011000100100001000000001000000000010010000101000000000000000000000000010000000
0010000000000000001100000001000010000000010010000000000100010011000000000110000000010100000000000000
0000000000011001110000010100001010001000011000001000000000000011000001000000001000000100001101011110
0100000000010000010000100001000000000000100100000000001000001101000001101100010000000000000010000011
0000010001000100001000010001000001000000100000001000000000000000000001000000001000000000010010000000
0000000010000011011000000100011111010000000100000000001000110000100100000000000000000000000000000010
1000000010000001001101100000000010001000111001000000100000000000000000000000000000100101000000100000
0100000000000010010000101000000010001000010000001000001101000000110001010000001010100001100001100001
0000110001101000000000010000100000000000100000000010100001001100010000010001100000000010100010000110
0000000000001010000110000010100010010001000100000000000101100100000000100010100010001000000000000100
0010000001111001000001000000000010000100000000000001100001000000001000010001010000001000000010000101
0101110100000001010000011010000000000000010100001010000100000010100000001001000000000000000000010100
0001000000001100100010000000111001000010010101001000000000000010000011001000011101000000000000001001
0000000000000000010000000000010110100011100000000000000000000000000100000001000000000000000000000100
0001001110000010010001100000000000000000010001101001000010100000111000010001000000000000000110100010
0000000100100001001010100000001000000000011100001000100000010000000001010000100000000000100110110000
0010001000010110111000000110000000000011000000000001111010000010000000000010000000010000000000000000
0000100010001000000000100000000010100100000000010010000001001000000000111000010000011000010100000011
0010000000010111000001000001010100000010101000000011110010000000010001000000000110000000100010000000
0100000000000000010001010101100010000000010000001001000000011001000001000000011100001101100101011000
1010000001000000001000000000000000000000000100000110000000001000100110010010000110000001000001000100
0010000010010101000000100000101000100000100000000000000110100100000100000100100000001000010000000100
0110110011000000000000001010001100001000010110100110100000001010100000010001000100000001001000011000
0010000000011110001000000110000000000001000100000000011101010101000000011000000000000000000010100000
1000100000000111001010000000010000010010000000010010011100000000000000000001000100000111000110000010
0000010000001000000000000000010011000000000000000101001010000000100000011001000000010001010100011100
29 85
90 1
