96 101
00100100001000010000000000000010001000000010000000010000111001001110000000100010000000000110010010000
00110010010000010000100000001000000000000010000001000001000010000001000010000001000100000001001000000
00000000000001000000001100110010010000100000000000010001100001000000010010000100001000001101000010010
00000101011001000011000100000010000000000010001000000000010000100000000001010000001000000010000000010
00110001001000010010000001010100011000000000000000011000010000000000000000000000010110000001000100000
00010010011010000100101100000100000000010011001101000000000000000001101000000100000000000010001000000
00000001000110101000000000000001000000100000001001100001000000000000010000000000000010010000000100000
01011001101000000100001100100101000000000010000100000100000010000100001000000011010000101100100000000
10000100000000000000110000000100000100100100110100000001110000000000001000010000000010001001010000000
01000000000000000000110000010010001000001000010011000011000000000000000000001000000010000010000000100
10000010000000000010000001001000000010000001001000000000000010000001000000100000000100000100010011101
10000000010101000010000000101100000110101000001000000000000010000000000000100001101110001000101101000
00000000000000001001010000010001000011010001000100000001000000000000000000000000000010000010010010000
11000001000010100000010010100000000001000001101000000011010000000000010000010000100000010000101001000
00000000001110001011001001001011000111000001000000000001000000000000100000011000100001000100000000011
00000000001010000100000011000100101000110000100001000000100000000010000010000000101100000000000001011
00000010000000100000110000000000000100000000000010101000000001001001000011001000001001101000010000000
00010010100000000000000000000001000000000001001000000100100001010100011011000000010000100011001000001
00011010010101000000000000000000000000000101000001010001100100001101010000000001000000100000000001000
01011001001000000101001010000100100010001000000010010101000001000110000000000000010100001000000000001
01010001111100100000000000000100000000000010000100010001001011001001000100000100000000100100001000001
00000000100001110000000000000001000000000001010100101000000000000010010100000001000010001000010010011
11000010010000000000010010000001000000010100000110000000110000000000110000100100001000010000100000000
01010010001000100010001000000000001001000000100000000000000000000000001010000000110000000110001100100
00000000011001000110000110010001001000001100000000000000010010001110001000100000000000000010000010010
00000000000000001100100100101000000000000001000000000000000000101011000000000000010110001000000000001
00000000000000000000010000100000000001100000100001000000000000011001010100110000100000001001100000000
00000000100010000000000010000000110010000010000100010000000000111001001100000000111110100100101000110
00001001010000100001000000000000000000000001101011000011100011100001000000001100010010000001000000010
01000000000001000001000011000100010000001000001001000000000001000000101000000000100000000100000110000
00100001000010001100000110000000100000101000000100000000000000100000000010000001000101000000000000101
00000100000100000100000110011000000100001101100100001100100010000000000101000000000000110001011001110
11000010000000000000000000110000001000000001010000010000000011100001100000000001100001010100000101000
00100100010000000111010000000000010000001000001001000010000000000000000000111000000001000000000101001
00000001000011000000001000000000010000110000000010000100000100001000000001010000000100000001000000100
00000000001000000010000000010000000000000000010010000100010001000000000000000010001000010000010000001
00000000000000000010000000010010000000001000000000101010010010000000010001100010000100100010100001000
00010110010001100001010000000100001100111000000001000000000000000001100000000100000010000110000000000
11000011000000100000100100000000010000000000100000010000001100010000001100000001010001110100000001001
00000110000010001111101000000000001100100000000001000011001100001000010100000010010001000000010000000
10001000000000000000100011000000000000000010100000010000010100001000000000001000000001011100000100000
00000000100000000000000000001101100011000000000000000000000000100000010000100110010000001000000000010
00110000000010110000010000000100100000000000001100000000000000100001000000000000011000000100000000001
00010000100000000100000010000000001000100100101010000100000000000000000000000000000000010000001101000
10101010100001000000000000001010001010010101000000000110101010000000000000010100000001000011100001100
00000101000010000000100000100000100000001001100000000010000001000001100000000101000000010000011000000
00001100000001000100000000000000000110001001100100000010100000000010011010000011110000100010000000000
10000010000000000001001000101011010000000000000000010000101010000000010000010100010000000010000001010
00011011011000101101000000000000100010000000000000100001000000101010101010001010000000000100000000001
10000000000100000000000011000000000100011010011000001010000100010000001001000110010100000000100000000
00000101000000000010000000001000000001000001000000000000000000010000100010000000000001001101000000010
00001111000000000000000000000011000010100010000000000001000000000001010000000001100000001000100000000
00010001010000011000000100000000000000010000001100001000000000000000000100000100000000000000000000000
00000010000000010011000001000000000000000000010000010000001000111010010000010000000000000111000000000
10000000000000100000001001000010000100001100000000100101000000100000100010000100010101000001001000001
10000000100100001010000100000010000001000000010000000000000010000001001000100000000000000000010000001
00000000000000111010001001100001001001000000000000010000100101100000100010001000000100000000101000001
00000000101000000111000000000000001000000100000001001010000000000100000000000001000101000000000010000
10000000000001000100000100110000100100000000100000000100000011110000001000001001100000000100100000000
00100001000000001001000010101000000000000000000010100000100000100001000000101100110000000000001000000
00000001100010100000000010000000001100100100000000001000010000000010101100100000000000000000001000001
00000010000000001101100010000000000010000000101000100010000010010001000000001000000100010000001100000
00011010010100000000110100001111001000101100000000001101000100011100001000001000000010000000011000000
10100100001000110100010001001000110000000000100010000000000010000100100000010001010001100000000000100
01100001010000000000010000100100000100100000100000100000000000000001000100100000100000010000101000010
10000000000100100101011010000100000010010001000000000001000000101000000100000000000111101010001000010
00011000100110001000010000010001000100001101000000010000000000011000010100000000100100010000000000100
00001010000101000000000000000000010000101000110010000000010000100000011000010101000011000000001100000
00000000000001001100001110000001011000000000001110001000100010100001010001000101000000000111000010110
00010000000000010000001001000010000111000110000000000000010000000000000001001000000100000000001000100
10010011000010000100000010100001010100000100001000000100011000000001000000000100000100000100000000001
01101000000100000001100000001100100001000000000000100000000010111000000001001100110000000101000000101
00101010000000001000000110001000000001000001100001000000000000000001000011000000001000000100000000001
00011010000000000010110000010001010101000101000110000010000001000001001011000100001000010000000000100
10010000000110000110001000010010011000010000010010000000000100000100001001001001011000010000010100000
00000000000010100000000000110011010101101000110010100000000011010000100000000101001000010000000000000
10001100000000000000001100010000010000001000000001010001101000111000010100000000110010100000000000011
01000100000001000000000000001001100001000100000100001100000000110101100000100000000010000011000101000
00000001000000000010000000000000000001100100100001000001000010000000000000000110010100100100000000001
00001110001010101000110000100110010001000110010000000000000000000010011011000000010100001100000000100
00000000000000000000000100011001100110010100000000011000001000010000100100100000100000000000000010000
11000000000100010000000110000010000000010000000000100110100101000000100100100000000000001000000000000
01001000010001010000000000000100010000000000000000000000011000000100000000110010110010010000000000100
00001000000001000010010000010010000001000000000000000001010101000100100000000000010001001010000000011
00010000001010000000100000000010000000010101000010000010110000010000000000000001000000000000011000100
00000000010011000010000000111000000000000000010100000001110111000000000000000000000000001011000000101
10000000000011100000001001100000100001000000000001000000001000000001000110010001000000001000000011100
01010100010000000101001001100000001000110011000000011000010100010010000100110000010000001000000000001
10000000010100010000000001010000000111100010110010000010000000000010001000000001111000000011000000110
00001001001000000000000011010010000000000001000001110100010000000000000000000000000100001010000000000
00001110000000000000001010101000000000010000000010010100100101000100000010101000000001000000000000101
00000011000001000000000000001000001000000000000011000000000000000001000001100010000000000000000000010
00100000010100000100000000000000000100000000010000000000001100000110111001000001010000001000011000000
10000101000001010000001010000000011100000100010001000001000000000110000000000000110100000010000000001
00000101000110000111000010010001100000110110110000001000010000000000100110100011000100011100100010001
00010010000100000100000011001100100000111100100001000110000000000001000000001010100100001000100010000
46 27
3 95
