97 102
000100000111000010100000000000000011110010000000000000001000001100100000000001000000000000001110100000
000010010000001001001000000011001001000100010101000000011000000000000000000000001100000000000000000000
010000001000000010000000000000100000000000010000100000001000001010011000000010010010101100000000000100
000100001100101000011110001011010000100001000101010100000100000000000000100101101100100100011100100000
001000010000110000000000100000111010011000010100100010000010000000100001000000010000001000110100101000
010001000100110010001100000001001000000100000000010000000000010000110000011001000000000001000000100101
000100100000000110000010000000000010000011100100011100000011000000000000010100100000000000010010000000
000001000000000000000000011000000000000000100010101000001000000010001001000001100000000000100010111010
000101011000000100010100110100000000110100000000100001000110000001001101010011100100001100000100000000
001001001000001000000000000000000000001000001000100001000000001000001000100000000000000000001001000100
000000010000100100001000000000000111010111000001010000000100000000100001000000000000010000101011001000
011000000110011010100000100001001000010001010000100100000100011010011000100100101001000000000000000110
000000000010000000111100010010000001100100001000010100101001001000110010100101000000000110000010000010
100001000000001010101000000100000001100000010111001000000000000000001000000100000100000010100000000000
001100100000100001001000000000100000100000100001001001000110101000101000000000110001001010000010001000
000000000000000000000010000000011000111100010000001000010100010100000000000000000010000000110000011001
100000000001000000010010000011000000000101000000000000010100100101000001000100100000000001000110001010
010010010000100100000011001000000000000000000010000000000100000001100100010010011000000001000000000001
000000101001001011000000000000000000010010000010011010000000000010001000001010100000010010010000001011
000100110000000000000000000000001100000000100000010000000000001000000000100000000011000011000000000000
001000000000000000000000000000000000000000111000001000000000000001000010100000000000001100000000100000
000000000000010100000011010100010000010011000010010100000000000100000000000100100000110100000000010010
000010000000001000000000000000001000000000000000100000000100000100000001000000110000000000001110100010
000000011010000001000000000000100000000000010001000100000000000001000000000000000000000000000100000001
000000101010100011000000010000000000010000110000000000000110100101000000010100001000001000010001010000
100001101100010000000110001000001000000001100000100000000010000010001000000000000100010101100000000000
000000000000100111000010000010000000110101001101010000100000000010000000000000100000000010000000000000
001000001100000000001110000100000000010000000000010000100010000000010000000100100000000000000000000100
100000100100001001000000100000000000011001000010010000000010000000010100000100001001101000000100000000
000000001010000110000010000000000000000001000011000000101100100010001011000010001000001000011001100001
000000100000001000011100000100110000000001000000000100000100000011000011000110010000100000000010011000
000001001000100000111010000000011000001101000000110001000011000001010011000011000110000110000001010001
000000000010000110000000010100100010000000000000001000011000000000010000000000000000110100110000000000
001010000000001000010100010000000000011001010010000001011000100110010010000000001001000100011000000000
110000000000010011000000001100100010100000000001000000000000100010000001011001110000000000001100000100
011000100000000100000000010000000000010000000000000100000001000010100100001000010010100000101100101001
000000000000001000000101000000000001100000000010000001101100000000000000000001001000000000000110001010
000100100000010000010000000000000100000000000000000000000000100000001110000000000000000011001000010001
000010000010000000001000000011000010011110000000000100001001010100000100001000011000001000000000000000
000100000100000000010000000100000000001000000000000000000000000000000000000000000010001000000110001001
000011010100001000001000010110100100110100000000100000100000010000110000010000101000001010101000000100
010100001010000101100000011010010001000000010000110010000110100100000000000100000000100001100100000100
000010100000000000000100011000100001000000000000000001001000100000010100000000000010101000001000000110
001000000011000010000101100000000000010000001000000000000000000000000100100000000000001010011100000010
000100000001000010101000000001100000001110010000000100000001000010010000010000001000111000000000000010
000000000000000000001000110000000010000100000000000000000001000000000000001000100001100000100000100010
000000000010000011000101100001100001000010000010000101100000100010111000000010010001000000001010000000
000000000001000000010000000100000110010100101100001000010000010000100001000001000001110000000100010000
001000000000100000001010000000110010000000000001100001000000001000010000010010000001000000000000010100
000000001000010011100000001000001000000101100000000001010000000000100100001000000000000100000000000000
010000000000000010000000000001000100010010001000000000000000100000001000000000000100100001000001010000
000000011100010000010000001100000000000000000100000100100001000000000110100010010010000000000001000000
000000001000001000000000101100000011010011000000000000000100000000100001000000000000000001010000000000
000000000000000010000100000000111000000000000000100000000010000000001001000010000100000000100001100000
000000010000000001100010000001100000000000000000000000000011100000000000000000001000101000100000010000
000000001000000000110010001110000001001001000000100000000000100001100100011111000000010000000100000000
000110010110100011011010001010000010110100000000010100000000100100000100000000100010000000000001110010
000011010001000010000010000000000010000001000000000000000100001001000100000001010000110111000100100011
100001000000011000000000010000010010001110011000011001000100010100100000000101000000000000010000100000
000000001100001000001011000000100000010010000000000000000001011100000010000000100001101001100000101001
000000000000000010010010000110000100001010001000010100000100001000000000010000100110101000000100100101
111000010001000010000100000000101110100000001000000000000110000000000111000000000000101001000000010000
010000001010000000000000000010010000000110001101001000010000010101000000000100000100010000000001010000
000011001000000101000010000001000010000001000110100000000001000000010000000101000100000000000011000000
100000011000000000010001000000000000000000001001101100000111010000001000100001110001100000001010000010
001001100000001000000110000000000001010000100000011100010000001000010000000100000000000000100000000000
001000010100010001101001000000000100100010000100000010100000010001001100001100000010100010000000000000
000001010010100100000000000000001000000010000100001000000010100001001010100000000011000000000000001010
010101101100100000111110110001101000000011011000011100000110000000110001100001100000000001010000000000
110010001111100110110000000001000000011101001010010100000000000101010000000000100000010001000010010001
001000000000010000000011100000110010100000010100000010000100001100010000000110000000000000001101001010
001000000010000000101010000000000101011010000000000000000000000000001100100110100001010010000000101000
000100000100000000000000000000000000000110100001100000000001000001001001000010000000001001100100000000
100000000000100000000010001001000000000000010000000001010001001000000100000100100000100000001000000011
000000000001000000001000101111001000000000000100010000000000000000000001000000101000000000001000000100
000000000100000100010000001010000000000000000001000000000001100000100000000000001100001001000000000000
011000000000100000000000000010100001000001010100000110010110000000000000010110001000011010001100001000
000010000000110110000000000000001000000101000001000001001000001001011011000011001100010000000000001000
100001100000000000011100000100001000000000100001000100100100000100000110000111000100000000000100000100
010000000010001100000001000000100001000000100001000000000100100000010100100100101110100000100000000000
000000000100001010001000000110010010000110001101100101010010001000101000001100101100000000110010000010
000001001000101000000000100011100010101000100000000000000010000110010000000001000000001000001001100011
011000001000000000000000000010000000000101000000000000000000001000011111100010000000000000000000010000
000000000011000010001001100000000000000110001100000011010101000101000000001010010010000000000000000100
000000100000001011110100000000011001101000000010000000000011100000000000000001000000001001001000000000
000000000000000000100000000001001000100000000000001000000111000010000100000001000000010010000001101000
001000101000010101010000000000000000100101000010000010000000010010010110001000011001100100000110000111
000001010000000000100000100001000000001000000000110010000001000000000010010000000001000011000000100000
000001000100010000110000000010000001000100010010000100010001000001000100100010010000010000100001000010
000110100001000011001000100010000000000000000001000100000000010101000000000000010100000000100000000010
000011000010000110100100000100000000101010000000000010101010000010000000000000001010001000010010101001
100001000101100000000000000001010101001000000000001001001011000000000000010010011000001001000001001000
001000000000000011000001000000000010000000001000000000000000000001000000000000000101000000000000000111
110101100011000111000000000000000000000000000000010101000000100000000000000100000000000000100000111000
010000000000001000000100000010010000000000000100010011000000000100000001000010000100100000001000000010
100000000000010000000001000010000101001101000000001101000110101000001100000000010000011001010100000111
011000001010000000000000000110000001000001001111011000010100000000000000000001001000000000010010100000
64 89
12 2
