98 103
0000000101000000000101000010000001000010000000010001100100000000010110000000000111110010000000010001000
1000000000000001100001000000000010000010110000000000101000001000111011000000100001000001010000000101100
0001000000000000100000100010100001000000000100100010101010000000000000010000000000000100011101001000101
0100000000000010001111000000000001100011000010011000001000000100010000101001101010000100001000000000000
0000100010000100000000000100010000000000000000000001000000000001000000010000001000001000000110000001000
0100001111001000100100000000100100001000011001000010000000101000000000000000001001010011011001000010000
0000010000000000000100000010001000010000100001011000100000000100100000000000000000010000000010011001010
0000000000001000100000001000000000010001010001000000000000001000101010000100001000010000100100000100000
0000000000000010011000000011000100000001000000000101100000010000000001000000010000001110010001000000100
0000011001000010100000000000101110100100100100110010000000000000001010000001001100100100000100100000000
0000001000000011010100010000000000111000110100110001000100001000001000000000101000001000110001001000000
1000011100000001100101011000000110001001000100010000010000001000000000001000000001000000000000001000100
0000000010000001111000000010100000000010000100000000000100000010111000111010000001000000110000011100010
0100000000010101000010000100000010101100001000100000001000000001110010100000010010000100000000011000110
0000001000000000000001110001000000000010001001000000010000000010000011000000000001010000100000011000100
0000010000001010011000001110010000000100000000110000010010100100000000010000000000000000000010100000001
0100000011110000010100100000000000000010000001000000100000000000110000000000000101101100000000000010100
0000000110100100000001000000000000000000001000000000000000000000010100000000000010001000000000011001100
1000000001000000010010000000000000000101000000000010000100000000100001010100000001110100000000101000000
0000000100001000000010000000000010000000000001000010000010000000001010001001000000000000100100001000100
1000000001100001001000000000000001000010100100000000011000000000000000111000000001000000010001001001000
0000001100001000110000011000000010011101000100100011000001010001000000010000010000000010010011000000000
0001000100000100000000000100001100000001000000000000010000010010000000000001000000000001001101010000000
0000000100001000000000000000000000000000101000100110010001000000000011101101000101010111010000001000000
0001000001100100000100000000001010100001010010110000000000001001001111010000101000111000000010010000010
0010000000100000010000000001100000000010000001100100000001010011000010100100000100000000000000000001100
0000100001000000010000101001000100001000001001100001001000100000110000000110011000000000001000000000000
0010000000000010000000000000100010000000001100000010000010001000000000000100100101101000010010010001000
0000001100000001000000010001100011001001000000000110000011010010000000000001100000000000100000100000110
0000000100011000010000001100001000000100110010000000000111000100110000000100000000010100011100100101010
0100011000010000100000101000000000101000000110010000000000110000001000001000010001101101010001110000010
1100100000001001010001011001010101000000000010010000000001000000100001000010100000000000000000000010000
0100110000000000001100001111001001100001100000000000100100000000010010100010001000000000010000000000000
0000001010001000010000000000100100000100000010000100001001010010000000000000001001000000001101000000001
0010100000000000000010000000100100000010000000000010010100100000011000000000000010000000000110000111000
0010000000010010000000011000000000100100010000100000000000000100010000001000010010000010000100001000000
0011010000100000100000000000000000000001011000010010000001011000001000000000000000000010000100101010000
0000000100000101000001001000000000000001100100001010010000000000000000001000000000000000100001010000110
0011000110000100000100000011000100100000100000010001000000100010001000010000000001000000000000000000100
1110010000001000100001000000100001000000011010000000011000000000000001000110100101100001000001010000000
0000000110001100000000000010010011010001000000100000000000000110000001000000000000000111000000100000101
0000001000000001100000011000000000000010000000010000000101000001001000000100001101101000000000010010010
0011010001101001100001001100100000001010000101001000000000010000001000010000001100000000000001001001010
0000110000010000001000100100000000100000001100010101001000101000000100101010100000000110001000001000001
0010010010000100000001010010100001101000000000000000000010000000101100000001000000010000000111000000000
0000001010000000100110100000101110000001001010010000000000000000001000010010000000010100000000010000100
0000010000001000000000110000000000110000000010000100000000000001000100111000101010000000100010000111000
0001000010000010100000000000000000100000000000000000000100001000001001000001000010010000100000100000001
0001000100000000000000001100000011000000011000010100001101001000000000000010001000011000011010010000000
0110000001000100010000001000000010010010000000100100011100000001001100000100010001000000010000001001000
0000110000000000000010110100000000100000000100000010000000010000000000000000001100000100000000010000010
0000110001001000010100000010000010101000001101000000000100000001000010001010001000000000100000000001000
0000000001000000101001001001000000010000010000000000000010100100000000000000100000100000001000011100000
0010011000000000000100000110000000000000000000010001101100000000000010000111010101000000101000000010000
1000010000100010000000001000000100000000100000010001000010000100010000000101101000000000000000001000001
1010000000001000010000101000011000001000000000000000000100100010100001000001100100001000010100000000001
0000000000000010000110001000000000000101001000110100000100000000000011100000011000000010000001000000000
0000000000001100010000010010100111100001000100011000100001010000000000010000100000011001000000000001000
0010000000000000011000000011000000001100001010110010001000001000000000000000000010000000001000010001010
0000000000000000000000000000000000110000101000000000000000000000001000000000111100010100010000100010000
0000000000100011011000100010001100000010101100000000000100000000010010000011011000101100001100000000001
0001100000001000001000000100000010000000110000000010100100000000000110000000100000110000000000010000000
0100000000001001101000000010000101100000001001000010001000000100100100000000000000001000000010100000100
0001010001110000010000000000001100010000101000000100010000110001000000000000000000000000000000000110000
1010100000100000000000001001001010000100000100000111010100100100010011010010001000000000100000010111000
0000001100000010000100100000000000000000000000100000000000001011000011000000000001000000000000010000000
0000010000000100000000000001000110101000001010000000110000010111000001001000001010010000000000001010000
0000000000100001000100000011010010010000000000101100000000101100000000010100000001010000000100000010110
1000000101010011000001010101101010000000000000001000100100000000001000000111000000001001011110000000000
1110001110010000001000000100011001000010100110000000000101100111000000000000110000000000011000011000000
0100111000000100000000000000000001010000000100010000001101010001010101111000000100000000100000100000000
0100001000000000010000000000000100000000010000000001000100000011000000000000001000001000110010000000000
0010010001000000000000010000010000010100000010100000000001100000001110100010000001000000100000010010000
0001001100001000000000010000000000000000000010000010000000000110001000000000000010000100011000110000100
1000000100000010001000001000001100001000000000001011011000000000010000000100000000010100000010110100000
0110000000000000000001000100110010001001000000000001000100000001001010000000000100000000010000111001000
0000100100100010001000000000001100000010000001000111000100110000010000100000100010001000000100101001000
0100110011000000011101010000101110000001000000111100010000000100000000010001001000100000001000001000010
0000101000000000000000100010100000000000000001000000100000000000000011100000000100000000100010010010000
0001000010010011000000001000000000001011000000110101010000100000001010000010000010000010010001000000000
1100000100000000000100000000010000000000100010000000011000100001010010000010000001000000000000000010010
0011000000100010010011011000010100010000010001100000000000000000000100001000010000000000000100010000000
0100000000000000000000011100000100010000000001000100010011000000010000001000001100000010000000001000000
0001000010100100100100000000000000101000100000000010110100101000001001010101000000000110100000000010000
0010000100100000000100000000000000001000001000000100000100101101010000000101010000001000000010000001000
0111000110001000000010000000000000000000001000100000000000101000000100000101000000000011001000100000000
1010001001000001000101110100000000101000000000000000000000010010000010010000000100000000110000001010000
0010101000010110000000010001000000001000001000010000000010000000000000001000000000000010000000001000000
0100010000010000000011010000001000110100100010100100011000000010000001000000000000010101010010000001000
1000110010101010000010000010000000000000100000010000001011000110000010001000000000111101100100000000000
0000000000001000011000000000000100000000000000001010101010010100000000000100011100000000100010100001000
0000000110011000100001000001010000001100101110000110010010000000100000000000110100000011100000001100100
0000000100000100100001000010000000000000000000000000000010010010010000001000000000100010010000000000001
0000000000000000100001000100001001000010010000000000101000001000000000000000010000010000100100010010000
0100100000000000000000000001000000000001110101001010000000010110011000110000010000010001000101001000011
1001101001101010010000100011100000000001000000000010000100000100000100010000001000000000000001000010000
0100000100001000001000000000001001001000000000011010000000010000000000010011100010000100000000000000010
0010000100000010000010001000010000000011011010000000010000010000000001000001010010010001000000001000000
36 32
95 90
