99 104
00001011001000000000111000100000000100000000100000000100010001000010000000000100001000000010000100000100
01000101000000000000001000000000000000000000001000100010000010000101010010100000001000000001001000010000
00000000000001011000000000000011100000100000100000000001010000100000000100000000000100000000010000001100
01001000000010001000000000100000000010011101000011000001000000000010010000000000100010001001110000000000
00100011001100110101000001000110000110000100100100000000001001000000100000010010001000011001000010000000
01000010000001010101000001010000001010000100011000110000001100100000010100010010010010000000000000000000
10010000000000000000000100000000000001000000000000011011001000010110011100100100010001000000010001000000
00000000010000000100000110001011100100000000001010100000000000000000001100000011000010100001001101000001
01000000000100000000010010100000000000101100000101100000000100000001000101011011000000000010100000010100
10000000011000000100000000000011000000100000000000000010100110000000000000000100000110100000000000000000
00110010001000111000000000001000000000000001101010001000000001010000000000100001000000100000101000000001
01001000000100010101000011001001000000000001000011000011110100000000000000000000001000001001110000000000
00000000000001000000000000000010010000000000001000001000000011010000000000100110000110010000000101000100
00000010110010100100100000000000000010010000000100100010000001000000000000000011000000000000000001100000
00000000011111001010101100001100010000000000001000010000001000110000000001000100100010000010001000000000
00010100000000000001000000000001101001110000010000000010000100001001000001000101000101011000100011001000
00000100000000000100000000000010110000000000011100001000010101100000011000011010000000011000010001000000
01010000001000000000010000000010101011000000100001001000000100000000001001101100100000000000000001000100
00001000110100000000000000101100011010000000100010000000000000010000100000110000000100011001000011000010
10110111011000000001000000000000110000010001000000001100000001010000000010110000100100101000000000100000
00111010000001100010010001000000100000000010100000001101110000100000000001000110010000000000000001000100
01000000001010000000000100000000000000000001001000000000000011000101001000001000010000000000000000000000
01000000100000000000001000000000101100010000010000001000010000000010001010000100011000001010000000000011
00010000100100001000001101100000100000000000001110010000010001010100000001101000010000100000000000010000
00000000010000000000000000000000100011001000110110000000000110110000000010100000000000111000100000011000
00000000100000010000000010001010000000000001100000000100000000000000000100110000001010000000010100100010
01000001000010000001000000000000000000100010000000010100000000111000010100000010000001100010100000001001
00000000000000000010000000010100010010000110000000000000000010001100000000100111000000000001010010000000
00000000000010100001100000010000000000000001000101101000000000000100001000000000000000100010000001110000
00000001000100011000000110111110000001000000001000010000001010100000000000000000110000000010100100001010
00000000010000100001010000000100000000000000000001100010110100001001100000010010000010010001000000000000
00001000100000000100000000000001000110011000001000000000000000000000100000101001000000000000000100001011
11000110001000000000100010001000000100011000100010000100000000010000000000010111001000000000000000000001
00000000000100000110101000100000110010000000110000100110101111100010010000110000110000000010000100010000
10001000010001000000010000111011000001000001010100000000000100000000010000000001000000100100000000000000
00000010000000100100010101000001000101000100100001100100100101110100100010001001100000001011100000011000
00100000000011000101110001000001001100000000010010000000001010000000000100000100000111010100000000010000
00000000000000000000000000100000000101000000000001100100110000000000000101001110000001000001010001000000
00000000010000000000000000001000000001000001000100000001000000010000101000001000010100100100000000000001
00011010000000010100000100110100000011000000011000000100010010000000010000101000000000000000011010011010
00000100100001000001010101001001001000001001101000000110010010100000000000000000100100000000000000000000
00010001000011000010110010000001100100101100100100001000000000000101000000010010000000001000000000001101
00000000000000000110000000100001000000100100011000100000000000010010110000000000001101000110000000000000
01010110000000000000000110000000111000011010000001000000000000100100000010100000000000001000000000100000
11000001100000001001101101010000000000011100000100000000000000000100001000010000100000001000000000110000
10000010110001001000000000110100000101100000100000000000010001001001000100000000100000101000010010000001
00000010000000100001010110000000100000000100000011000100000000000010000001001100000000001000100000000100
00100000001010100100000000011000010001000000010000000000001010000000000001000000001000100000100100010000
01100001000000100100100100100000010010100000000100100000000001010000100010100000000100000000010011010000
11000011100100010000001110000000000000000000000000000000000000000010001000101000000000100100000000100000
00000001111110001000000000100000100001010001010100011000001000010000001000000001011001000100010000100000
01010010000000100011100011000000100000000000001000000000110000000000110000001001000000101100000001100000
00000010000010100000011000000000000001000010100000000100000100100000100000100000000010010011000000100000
00100010000110010000001100000010000000011010100110100000000000000000000000100010000000000000100000000011
00010100001100101000001000100000101011000101011001000000000001010000101010000000000000010000000000101000
11010000010110101001000100000010000100001000001000000000000000010000010000000100000000000010010101000000
01101010000110000100000000000001000001000000000010010110000100101010010000000010000000010010000010101000
00010101000110001010010010000000000010000100000100000010000000000001000010001110001000000000010001000000
01000001001001001001000000000011000010001000011010010000010000101101010100010000001000000001000000000000
10000101100000011010000000001100001010010100100010001110000010010000100000000000010000000000000000000011
10100001110000000100101000000000100100000100011010000000110000010000000010000110011010000000001000000100
01010001000000001011000000001001000100000001010111000000000000101000000100111000000000000001000010010000
00010101000000000100000100000001001001000000000100000100000000000000000100000001000000000100000010000100
00000000000000000000111000000000000100010000000001100010000000100010001001010110000000000010011100001100
00111100001000000000100000001000000100000000000000000000100001001000100000101000000001001100001000010100
10000000000000001100000000001000000000001110000100000100000000001010001001001001110100000000000000000001
11000000000011000000000000010000010001100000000010000000101010001001010001000000010100000000110000100100
10001000000001000000000010000000010000000010100000101000000010000100000000000000010110100110000111100000
00100000001111100000010110000010000001010000010000000000000001000000000000000100000000001100000000001011
00010100001100100010000001000100100011001000100100000000100010000000010000011001010001000001100000000000
00011010000110000000001000000100000000100000101000000000001000000101000100001010110001010001000000000001
10001000000100000000000000000000000000000100010000000000110000000000100000000000100000010110010000001000
10000010001000001010110001101000000000000000100000001000100000000000001100000100000010010000100000001001
10010000010000001101000000100000000000010010000000010111000000100000000000000100001010010000000011001001
00010000011000010000000010000000001000001000000000000000000010010000000011100000000000000000000000000100
00010111010000000110000001000000100000100000000000001010001000100000000100000100100001000000100000010100
01000010000001000000100000011001000000000000010001110100000010000101110010010000111000000000000000000000
11000010010000000011100110000000000001000000001010000100100110000001100000000011000000011100101000101000
00000010001001000001000000001110000000000000010000000001001000100001010001000001011000010001100000000100
00000100000000100000001001011000100010000101001000000000010000100000010000000000100000000010000000011000
00000100010000100000000010000010100100000010001100000000010000000000100001010000000001000010000001001010
00000000100001000101100000110000001000010000000000000010000110110001100000000010010001000101011011001000
01000000000000000001000000001000010000010010011000000000001000001000000000010010000000000010011000010000
00100010001100001000000000000000000000010100011000100000010010001000000010010010000000101010010001000000
01000000100010001100000010001000001000110010010000000000010100000100000000110100110010100100110100000000
00010000000000000000000000000101011101000000100000001000001011110000000000011000000100010101000000000010
00000001000000000010000101000001000010000100000000100010000000100000000000010000001000001001010000010111
00000010101000000000100110000000000000001000100110000000001000001000001000100111010000000010010001010000
00010001000000000000001010100111100000000010001000001001000000100010010001001000100100001000011010000001
01100000000010001001001000100010000000000001000000100001000001000000000000000000100000000000001001000100
00000010000110000000010100000000000000100000000000101001001000001000000000100000110001010001100100010000
01100000100000000000100100011010000100001000100010000000000010001000000000000100000000100010000000000010
00100011000000000100001000000000100000100000000000000100000000011000001000000110000001110100100100000010
10010000000000000001100000000000100000000000000001100000000000101010010000001000000000100000110000000000
01000001001000100000000000000000000000001000011000001010000100000000100100000000000000000010100100000101
00100000001000000000101001000100000000010010000000001000000010001100000100001000000010000000000010001000
00001010010100000100000000000000000100000000010000001100010000000001011000000100000100101000101101000010
01000100100001000000000000010000010010000000001011000011000000100000100000000101000000111010000000110000
00000000000001000000000000000000010010000000000000000100000100100001101110100101000010100000001000101001
4 73
96 26
