100 105
000010000001001001010000000000100010001010110100000010001010010000100000001000000000000000001000100010010
000011000000000000010000000000000100000000000010000010000010000001100000010000000110000010000000010100000
000010000110100001100101000000000000001000000001000001000000000100000000000010001000000000000010000000001
010000100100000010000000110011000000000000001000000000000000000010100000001011000000010001000000000001010
000111001010000010000100000010000000110010100001000000000000001010110001110000000000000000001110000100100
000100000001001000001000010000001000000111010100100000010111000000010100001001100010010000000010100010001
000000010000000000000001000100101110001000100001000001100000001110110000010000000100110000011001000010000
000101010000100000010000100000000101011011010100000100100011100100010000110001101000000010010000010000000
000000000000011001000100000100100110000010000001000100000001000001000100001001000100000010000000010000010
010100001000010000000110000000000011000011000010000000000000000000000001000000001000000010010000001001000
000000000000000001000100101001100000000000110000001010100000001000000000000000000000100000000010001000000
000010011000000010000010000101000000001100100100000000000000011100000000000101010100000000000001000001011
000000001101000001001000100000000001000010000000000000000001010001000000100100000101000100010001000000000
100001000000000100000000100010000010000011000000000100010000001001001000011010000010001000000000000000100
100001010001000000000000100000000010100100000110001001011000001000001110001001001101000000001000011001001
010010000000100001110010011100000000010001000000000010001001011100110000000011010000100100000000000001000
000000001000000000000011100000010001100000100100100010100000100101000000010010100001000000010100000010000
110000000001000110000010001001100010000000000100000000000001010001000000010110000000000000000110001000100
100001000000000100000000000000000010010000000100101010001010000011100000000010000010000000010001010000000
000100010010000000000000000000000000000000000001001000011100000000000001000000011000100100000110000000100
001110000000000000001001000000001010010001000000000000000001100001000001000011000000000000010000000000100
101001000000011000000010000000000001101010001000000011000000000101000000000010000000001010000100100000000
010000000000000101000100000000000000001110100100110000000000000000101000000100000000000000000100000000100
100100000000000000000000000100000000000000000000000000000000000101110001101101000000000011000000101000000
001000000000000000010010010010001100010000001001101000010011000000000010000011000001001000010100000001000
100100000010100000000000000001000000010000101100000000000110000010100000000000000111001100000000000110100
100000101010000000000000000010000000000000010001010010101000000000000010001011000000000001001000000000100
000100000011000101000010011000100001110000000000000100011000000000010001100000000000000100100100000001000
000000100000001010000100000000001010000010000101001000000000000000000100000000000000010011000100000000000
000001000000011110100001001000000000000000000000010000100000101000011100000101000100100111000111100000000
000000000001001000101000001001000001100100110000001100000001010111010001000000000000100000000010010000000
001000100000010000010000000100000000100000000100101001011000000000100100000101000100000001010001011100010
000010000000001000000001000000010001100000000100000000001000001001100010010100001000000000101100001000000
001001000000100100000000100000010000100000100000000100011010000000000000001000001011001000000000010010000
001000001000100000000010010001000010001010000010000001000000000100001000101000111000000000000000001000100
000010000000000000000101000010000000000000101001000010000010100110000110001000000001101000000000000000000
110000000000000001000001000000010001110000010010101000010000011001000010101000101000000000110001011000100
000010000000001011000000100100110000001000000000010100001000000001000000000100000010000000000101100110000
011000000010100010100000000000010000000000000000000101011100000000100000110001000000010100001000110000011
100000000000000000000001011100000001100010100000100010000001001001000000000000100000100000100001000000000
000000100000000000000010000000010000010000000000000000010000001101010101000001010000001000001000001000000
000001001010000000000001001000000011000011001000000100011000100000110110000010000000010001000101010100010
000000100100000100010000000100001001000000000101000000000110000000100001000000100000000000010010010000000
001100000100110000000010010011000000010000000000000111000001000000000000010000010001000000000000000001000
011010001000000100000000100001000000000100000001000001000000001100010001000001000000110000100000011000010
010000110000000000000000010000000100110000110000101100000000000000100000100000001110000100000000000000010
001000010000000100000000000010001000000001010010100000010000100000000010100000101010010000000000000000001
100010001100001001000010001000100010000000000011100101000110000001100000000000100000010000000100000000010
000100000000001000000000000000000000101010001000000000001000001000001010001101100001010000100000010100100
000100000100011000000001001100000000000000000000001000001000011100010110000000000000010100100000110000000
000100000001000010000000000010001010000010100000000000000010010001100010000011010010000000001001000000000
011000010000001010000000110000000100000001110001000001000001000100100000001011010011100100000000000000001
000001000000010100000000010010000000100100000000010001101000000000110101000001001101010000000000000011100
000010000000110000110000000000101000001000001100000001011010000001110000000100001000000000111000110001000
010000100000000000000001000001001010010001000001000010000110100101011001100100000010000000000000000000000
100000001110100000010000000000001000001000010000010000000010011011010000000110000010000000001110000000000
000000110000000001000000000000000000000000000100000101000010000000100100001001000000000101000110000010001
100000100001010000000010100000011100000001000010100010000000100000100000010010100000011000100010000000001
001000110000011001001000100011000000000000000110001010000101101100000011000000000001101000000000000001000
000000000010000000100100000101000100010001110100000000100000010000011101000001101000000000001000000000000
001010010000000100010000000000000011100001000000001000000000000001000011010010000100000000001001000000010
000011011001010000100000000010001011000000000100000000100000000000000010000101001000111100100000010000010
000110000000000000000000001000010010000010010000001010010010000010000000001000000001000100000000000011000
010000000100010000000100010100001011100000011100100000010000100000010000100000100010101000100101000110000
101100010000101010001100110001000101100000000000000010011010111000010110000010010010000100000010000000100
001010000010000000001000100000001000001011010010000001000001001010000100001000001010100000000001001100000
001010010100100000000100000010000000000000100000100000000000110001000011000000001001000010000100011001000
000010010000000000000000000000100000010000000000000000010000100110001010010010000110000100100000001000000
000010000000010100011000011001000010010000011000100001000011100110001010100000010100000100010000000001000
000000001000000001001000100010000000000000001000000011000010100010000000000100011010000000010000000000000
010100000000011000010001000000000101100000000010000100010000010000010000000100000100000000010001000000100
010010000000000000000000011000000000001000010001011110000000001000000110000000000000010010000011000000100
010000001100001000000100000001001100101000010001000000111111001000000000000000000000000010010000101010000
110010000010010000000000000001010000000000101000010000001000000000010000100001100000011001000010000000000
100001000100000011101101100001010010000000000010000100100000000000001100010010000000000000000100000000000
000000001010000101001100000000100001100101101000100000101000000000000000010100000011000010001000010000010
100000000011010100001000010000010100000001000000100000100000011000000000000000000001111000100000010100010
100000011110010001000000011000000110011000000000000010000000110000010000100000010001010000000000010000010
100100010000000110000000110000000000000000000010001000001000011001010000000010000010000010000000000000000
010010000000000111000100000011010001000100000000100000000010001010011001010100100000010000101000110110000
000010101110000011111010000001000000010010100011000000001001010101111000000000010000001101000000000000000
000001000000000000000001100000000100000100000000100000000000001000000000000000000000100000000010000000000
000000000001000001001000000001001100000000000000000001000000000000010011001010000000101100010000011100000
010000001000001001011000000000000110001001100000001010000000010000000001000000000001000000010000001001010
100000000001000001100101000110010110010000110010100001100101100010000001000010011000010000100011000000010
000000000011000001110000011111000010010001000000001000000100110000000010000001000000000000000010010000000
000000000001010010100100000000111010101001000001000000010000000000000100001001001010010001000111000000110
100000000010000000000100011001010000100001110001010000000100000010101000010000001001100010001000100000000
000100100011000010000000000000000010011100001000000100010000001010000000000000011000100010000001000100000
000100101000001001000000000100000001001001000000000000100000001000100100000010000100000000010000000011010
110000000000000100000011100000100100000000001100000000000000010001001000000100000011000000010110001000100
000000100000000010100010110000111000000000001100000000010000001000000110011000000110000000011000001000000
000000000000100000000000000010000000000100010001000100010000010100001100000001000000011000001010001100000
010000000000011011111000000001011000000000010100000000000000001001010000001000001100000000000001000000010
100000110000010010010000000011000000010000000000110000000011000000000010000000000001100100000000000000000
010000000000000000100010110000000110000000000000000000100000000000000000010000000010100001010010100000001
000010000000000000000100011000000000000000010100000001100000000010001001010010010001000000000000100010100
000011000100110100001000000101000000100000001000000000000000100010000000001000000000000000000000000000010
000001000110110000011000001011110000001000100000010001000010000111000000011001001000010010110001001000000
010000001000000101000000000000000010010001000010000001011000000100001000000011000011000101100100000100000
4 95
95 3
