105 105
000000000001100000001000000001000000000000000000000000000000000000010000000010000100000000000100100001000
000010000000100000001000000000100001100000000000000000000001000000000000000000000000011000010000000000000
000000100000010000000001000000000000000100000000010000000000000000000000000000100100100000010001000000000
000000100000000010000010000000000000000000100000000000001010000000001000000000110000000000000000000000000
000000000001001000001100000100000000000000000000000000000000001000000001000000001000000000100000000000000
001000001000000100000000000001000000010010000000100010000001000000000000000000000000000100000100000000000
000100000000000100000110010010000010000000000100001000000000000000001000000000000100000000100000000000000
000000000000000000000100000000000000101001001000000000000100000010000000000000000010000000000000000000000
100000000000000000000000101001000000000000100000001010001001000001000100000000000100100000000000000000000
000000000000000000001010000000100010000000000000000000000000000100100000000000000000000000000000000101010
100001100000000000010010100000000000000000000010000000000000010000000100000000010000000000000000000000000
000000010000000000000000001000000000001000000000000000000001001000000000000010000000000000000000100001001
000100000010000000111100000000000000010000000000000000000000000000000100000000000100000000000000001000000
000000000000000000000000010000000000000001010000000000000000000001000000000000010100000000001000000100000
010001000000000100001000000000110000000000001000000000000010100000000000000000000010000000000000000010000
000001000000000000000000110001010010000000000010000000000000000000000000000000000100001000001000000000101
000100101000000000000000000000000100000010100100010000000100000000000000000000000000100000000000000000000
000100001010000001001000000000010000001000000100000000000000000000100000000000000000000100000101000000000
000000000000001000000000000000000000010000000000100000000001000100001000001001000000000010000000100000101
100100000000000010100000000000000000100100000000101000110000000000000000000000000000000100000000001000000
000010000000011001000100000000000000010000000001010000000001000000000100000000000000000100100000000100000
000000101000000000000000000000000000001000000100101011000000000100000000010100000000000100001000000100000
000000000000000000000000000000100100000100000000000000000010000000000000100010000000001000000010000000000
010000000000100000000000000010000000000000000010001100001000000010000000010100000010010000000000100010000
000100001000000000000000000000000000010000010000000100010100000000000000000000000010000000000001011000000
000000000000000000000000000000100010011000000000000100000000000000000000100001000000000000000010100010000
000000001000000000000000000001000000000001000000001000000000000000100000010010000000000000000000100000000
000000010100000000001001000000001000000000000000000000000000100000000000000000110001000000000000000000000
000001000100000000001010000011000000100000001000010100010000000010000000000000000000000000000000010000000
001000010000000000000100000000000000000000000000000000000000000001110000101000000000001000000000000000000
001010000000000000000000010000000100000000000100001000000000000001000000000100100000000000000000001100000
000000000001000000000000001001000010000000000000000000100000000000000000100000000001000000000000000010000
000000000000000000000000000010000000000000001000000000000000000000000100010000010000000000000000000001000
000000000100000000100000000000000001000001010000000000000000000100000000001000001000000100111000000010000
100001000100000000000001001000001000000010000000001000000000000001000010001000000000000001000000000000000
000000000000010000100000000001000100000000000001000000000001000000000101000000110100000100000000000100001
011010000000010000010101000000001000010000000000100010000000000000001001001000000000000010000000000000000
000000000000000000000000001001000000000000100000000000000000000000000000000000000100000000010000100000000
000000000100010000000000000000000010000000100000000000000000000000000000010001000000010100100000001000000
000000000000000000000011000000000000100000100001000000000001100000100001000000000000000000000010000000000
010000000000000000010010100000000000000010000000000000000000000001000000000000000000000000010000010000000
000000000000000000001000000000000000100000000000000000000000000000000100000010000000100000000000000000000
000000010000010000000101000000000010000000000000000000100000010000000001010100000000000100010000000100010
000000100000000100000000000000110000100000000000010000001000000001000000000000000000010110000000000000001
011000000100000000000100000100000001010000000100000000000000001000010000010100001000000000000010000000001
000100001000000000000000000100000100000100100000000000000000000000100000000100000001000000001100000000000
000000010000100000000000000000000000000000000000000000000000000000101100000000110010000000010000001000001
000100000000000000000000000000000010000100100001100000010000100000010000100001000001000010000000000000000
000000000000000000000000000010100000000100000001000100000000001000100000000000000000000100001000000010000
001010000000010010001000000000000010000000001000000000001000001000010010000000000000000000100000000000000
000000001000000000000000000000000010100000000000000000000001000000101001000100000001000000010000000000000
010010000000001001000010100000000000000000000010100010000010000000000000001000000000000000000000000000000
000000010001000000100100000000000000000000000000000000000001000000000001000000000000001000000000000000000
001000000000000000001010000000000000000100010000000000000000000000000000000000000000000000000001000010001
000000000000000010100000000001000000000000000010000000010000000000000100000000000000001000010000100000010
001000100000000000000000000001000000000001000010000000000010100000000000000010000000100000010000000000000
010000001000001000000000000010000000000000000000001000000001000000000000010001000000000010000000000000000
000000000010001000100000010010000000000100000000001000001000000000000000100000000000000000000010010010001
000001000000000000000000000001000100000100000100000000000000101000000010100010000000000000000000101000000
010001000000000100000001000000000000000000000000000010000010000000000000101000000000000000000000010000101
001000000011000000000000000001000100000000000010000000000000000000000000000000000001000000000000000000000
000000000000000000000000000000000000010100000010000000000000100001000011000010010000000000000001000000000
000000000000000000000000010000001000000001000000000001011000100010000000000010000010000000000000100010000
000000001010011000000010010000000100000000000001000000001000000000000000000000000000001110000000100000000
000010000000101000000000000000000001000010000000000010001000100000000000000000001000000100000000000000000
000100010000100000000101000000000000000000000000000000100000000010000000000000000000000000000010001000001
000000000010000000000001000000010000000000000000000000000000000001000010000000010010100000000100110000000
010000000000100001000000000010000000000000001001000000000000001000000000000000000000000000100000000000000
000000000000000010000100000000000000000001001000000000000010000001000000010000001000010001000000000100000
100000000000000011000010000000000001100010000000001000000000000000000000000000000000000000010000000000100
000000000001000000000101010010000000000000000100000000000000000000000000000100000000000000000000000010000
000001000100000000001000000000000000000000100000000000000000000010010000000000000000100100100010001000010
000000000010000100000000000000000000100000000000100000000000000000000001000000000011001000000000000000000
010000000000000000000000000100000000000000011000010001000000000000100000000001000000000000100000000000010
100001000000000000000000000000000000000000001000000000000000000001000001000010000000000000000000011000000
000000000000100000000000000000000010000100000000000000010000000000000000000000000000100100001000000000000
000000100000000000000000000000000000000000000000000000000000001000000000000000000010000000000001010000000
000000000000000011000000000000000000000010000000000011000000000010010000000000000000000000000110000000000
000010000010000000000001000100000100000000001000000000000001010000000010000100000000001000001000000000010
000000000000001000000000000101100000000000000000000000000011000001000000110000000000000000000000001000000
001001100000000010000000100000000000000000000100000000000000000100000000000000000000010000000000000000000
000000000000000001000100000010000000000000000000111000000000000010000000110100000000100000000000000000000
001000000000000000000010110000000000000100000000100000100000000000000100100000000000110100100000000000100
000000000000000010100000000000000000000001000000000000000000000000100000000000000000000000000000000000000
100001110010001000000000000110000000100000000110000001000000100000000000000000000000100000000001000000000
000001010000000101100000000000000000010000000000000100001000000100001000000000000000000000000000100000000
000000000000100000000100000000110100011000000010001000010000000000000000000000000000000110000000000000000
000010000001000000100100001010100000010000001000000000000000000000000000000000000000100000000000100000000
000000000000010000000010000000000000001000000100000000000000100000000001000000000000000001001100000000000
000010010000000000000000000000000000000000000000010100000000001000000000000000001000101000010000000000000
100000000000010000000000100000000000100000000001001000001010000000000000000000000000000000000000000010010
000000000100000000001000000010100000101000001000000100010000000000000000000000000000100000010011001000100
001000010110001001000100001001000001000000000000000000101000000000000010000100100001000000000000010000000
001000000001000000000110000000000001100000100000001000000000000000000100001000000000000000000000001000000
000000000001000000000000000000000000000100000100000000000000000000000000001110000000001000000000000000000
000010100010000001011000000000100000000000000000000000000000000000000100000000000000000000100000000000000
110001000000000000001000000010100000010000100000000000000000000010000000000010000000010101001000001000000
000000001000000000010000000001001010000000000000000000000000000100000000000000000100000000001010001000000
000000001000000001000000100000010100000000000000100000100000100000000000010000000000000000000000000000000
000000000000100000000000010010010000001000000100000100000000000010000000000000001001100000000001010000000
000010000001000100000000000001100000000000000000000000000001000000000000000000000010000000000010000000000
000100000000000001000000001000000000000101010000000000000000010000000100000000000100000010100000000000000
000000001000000000000000000000000000000000001000000001000000010000000000000000000100000000010000000000000
000010000000000001000000000000001000001000011000000000000000000001000000000001100000001000000000000001001
100000001000001001001000000001001000010000000000000000000000000010000000000000100000000010000001000000000
0 0
104 104
