101 106
0000000000000100000010000000011010110000100100000000000000100100011101001100000000000001100010001100001001
0000101100000100000000000100010000000000100100100000100000100100000001001000000010000100000000000000001000
1000000010001001000100000001100000001000000000001000100010000011010000100001000001000000000000110001000000
0100000000110000001100000001000000001100000000100010100000000000000001001001100000010100110000000000000000
0001000010000000000100011100010000001000000011100000100000100111101000110000000110000100100000000000001100
0000100000000101010000010000000000000010100100000000000010101000001011000001000000010100000110000000000100
0010101000000010100100000000000100000000000000000000001100100000001000001010100011011000100010000100000100
0000000000000100000001011011000001100100000100001000001000000010010000000000100000100000000000000010000000
1001000000000010000100000000000100100010001000000000000100001000000000111001000001001000001000000000000000
0001000011000000000100001101100000000000000000000000101010000001000000000100000000101100010000000011000001
0010000100000000010000101010000000000000000010011000100000000110010100000000000000001000000001111001010010
1000100000100000000000000010000000001001000101101001101000010000000000000000000110001000000001000000000000
0000000000010000000001000011000001000100100000100000100000100011000100011001010011000000010000000001000001
0101010001000000100000010000000100101000110100100010000100000000000000110000000101001000110000000000110000
1000000011001000001000000000000010011000000000001000011101000000100010010000000000000001010000000100100110
0010010010110100110000000000001010000000010000100110100010000001100110000000100000000000000101000000100000
1010000000000010010100000000000010000000100010011001010000000101010010010010010000010010011111010001000100
0010010000000000010100110000000000000101110010000000000101000001000000000000010111000000000000000100000101
0001001000000000000010000010001010101000000000100010000010010000010000010000000010000101000000000000110000
0100000001101100000001000000001100100000000110010100000000010100000000010101000100010010001110000001001011
0100000001010010000001000100001000001010000000100100000100000000000000000000010001100000000010001001001000
1010000010011000000000000000001000000000101010000000010000011110010001001000000000000000000000000100000010
0100000000000000110010000000001000000000000000001000000100000100000000000010010000000000000001010000000010
0100000000010010010110100001000010010001010000000011000000000000010100000100001000000000010001000000000100
1000000001000100001000101000010001010000010000011000101110000001000001100010000000010000100000000010010001
0001000000000100001000000100001000011000001000001001000000001001000000000110001000000010000000001000000000
0010100000000000000100000000010010000011100000100110000000000101000101000000011100011000000000000000000110
1000011000001000100000000000001011010001000000001000010000010000010000000000100000010000000010100000000000
0100100010100000000111000001010000100000000001010000000011000000000000010100000000010010001010000001100000
0101000001000010000000000100001101111110000000000110010000100000110000000000000001000101011100000000011000
0000000100000000000010000000000000000000110100000000000000000100000011001000010100000010000001110000000010
0000000000100000100110000000000000001000100000001100001000100001010001000100001000100000000001000110000010
0000010000000001000001000010000000000001000011000001011000000010000001100000000000001010010001100100000010
0000000011000000000001110000001000000000000000000010001001000000000001000100010011100000001000000001000001
0000100001000010001110110101000000010010010010000001101010000000110000010000011000000100000010000100000001
1010000101010000011000010000010101000000100000100000001100000000000000000010000000010001000001000000000010
1010000000000000000001001000000100000100100000000000010010111000000000000011100010000001110100001100101000
0001000010101010000100000000000011010000000000011000100000000101000000010001100000000000000000000100000000
0000000001011000000001000000010100110001100001000010000000010000010100000000000011001000110000000000000101
1000001000000000010000001010001000010000000010100010100001000000010000000001000000010100101010011001000000
0000000000100101010000010000000100000100010100101010000000001010000010000010010000000000000001110000000100
0000000000000000000100010001100000000000000100000101100010000010010010110011100000000000000000000000010000
1000001000000000100001000000010000000010000001100000001000000000000001000000010001000000000000000000110000
0110000000001001000110000001000000010101001100000000110011000000000100000001100000000000000010001100101001
0011000100010000010010010001001001111000000010011001000000001001101100001010000010010000000100000100100010
0000000011100000111001010000000000100000110001000100000111000000000011010011001000001110000001000000010000
0001100100100100001011001100000100100001100000001000000000010100010010001110000000000000001000100000010110
1010000100000000110000000000000000000000000100001000010100000001000000101000000010001110000101110000101000
0010000000000010000000000000000001000000000100100000000100000000000000110000000000010000100010100000000000
0010000000011100111001010000000000000100000001110000000001100000100010000000010001100001010111100101100011
1000100000101001110000010000000000001001110100100101100000000010010000000000100010000100000111000010011000
0000000110001100010010000000000010001101100000000001000000010010101000000010000001000000000000000000010000
0000000100000000001000000000000000000010000000000000101100010001000000001101000000110010010101100000000000
0010000000010000000000010100010000000000000100010000100010000100000011000001000100101001000011110000000000
0010000000000000100100000000101001110100110000000001000101010100010001000000000000000000001011010000001000
0000100000010000001010001100000010000011000000001010000010000101001001010001000000010000000000000000000001
0000001001111000000000000001100101000001000011000111000000100000010000000000000001010000000000100000001100
0001000100010100000001100000000000000000001000100001001001001000001000000010010001011101000010000001000010
0001001000000100000010000000000001101000010000100100110000000000000000000000100011110101000000000001000010
0001000011000000001100100001010000000011010110000000001100000101000001000100000100000000100000000000000010
0000000010100000011000010000000000010000000100010000100000110111011001100001000000001000000001000100000000
1000000000010000100001000000000000010110000010100011010000001100000000001100101001000001000000011100100010
1100000110000010100000001000001001000000100000100000010001000001101000110000000101000001010001000000000100
1000100000000001000000000000000000000001000000000000001001010101101010001000010000000100000000000100000001
0011100000001000001000110000000111010000001000001001010000000000010010000000000101010001010010000011000000
0110000000000001000000100000000000100101010000000011000001000001110111000000101000000000100000101000010001
0000010010000000000100000011100001000000110011000100100001010000000000100100000000100000000100000000001000
1000001000000010000001000001100100000000100000100000000001000101110100110001100000000000000001000000100011
1000000000000011000000000100100000000000100000100000000100110000000001000001001000010000000000001000100010
0010000010011010010010001000000000100001010000000000100000000000000010000010000000000000001000000001000010
0001000010000000000100000010001010001000000000000000000010010000000000000000100010000000000000101010001000
0000000001000000000000000010000000000000010001001101000000100001001010000001000001000000100000100100001111
0000010000000010000000010001001000000000101000011100000000001111001001001010000100101001000000010000101001
0000000100000100000000001010001000000100010100010001000000000110000010000000000100000000010100010010000011
0000010001000000000000000010001110001000000000000011000001001000000000000101001001100001010100000000100001
1100100100100000000100000000010011010000000010100000000000110011000000000001001000000000000001101011000000
0000000000001010000100000000000100010000000000000010000000001000010000000000100000000100010001100000010000
0100001000100000000000000010010100010000101000000000000000010100000000010010110000000000000000000001000000
0000001001000001000000100100000000000001001000010010100100001000001100000000001000001100000000000001000000
0010010110010000011000100000000000101000000000000000001000000000000001000010000110100000110100001100000000
1001100000000000100000001000011000100000000000100000000000000000100001100000100000000010000100100000000010
0001100100011000000000011001001000110000000000000001000010000000000000100010101010001010000000100000010100
1000100000101101000110000000000000001000000000000000000010001000000110001010001000100010000100000000010101
0100000000000000000000010000000000101100000000000000010000010100001110000000000001000100000000000100010010
0000100000001000000000100000000000000000000000100000010000001000010000100001000000100100000101000000000000
1000001010100010010000000000000000000000000000000001111001100111000000011000010001000010000000000000101000
0000000001100000000100010000010000110000000000000010100000000010000010010010000100000001000000000000000001
0000100000100000000000000000000000011000000010001000000000000000000000010001000000000000000110000010000011
0000001100000100011100010011000000000110000101001100001000100000000001000010100000000000110010100101000000
0000010000000000000000011000000001001001000000000000000000010000010100100000000100101100001001010001000101
0100000100001001001011111100100000000000001111010000010000000000000000100000001000000001100001000000010001
1010001000001010000000000001000000010000011010000100100000010100000010000000011000110001010100101000010010
0000000000000000100100000010100000010010100000000010000000000101010100000000000101001001010000000000001000
0000000000000001010000000000100000000010010100001001100000010010000100110000111000000100111000000000100100
0001111010010000000100010100010000000101010001000000000000100000001100000000000101010100000000000001011010
1110010000010000110001000001000001101000010001000000000001000000010100000000000000100010000000001000000100
0010000000000001001100000000110010000001000000100110000010000000000010000000000010010101000001000001000000
1000000101001000001011000100100001001000010000001100001010010001011000010000010000100100000000110000001010
1000100110000001000000000001001000000100000000000001001000100001010010000001000000000100010010010010101100
0010000000110100100000001011000001001000000001000100110000000010100001010001000000000001000000110001000001
1001001100001100000000010011000000000101010000000010000101000010010000001001000010010010010011010000000011
83 54
0 10
