102 107
00010011000100000001000000001000101000101000000000100000010000000000000010000000000110000100001000010000000
10000100000010000000000010010100010110000100100000000000000010000000010000000100100100011100000000000001000
00000000001110000011000100001000000000110000000000010000001010000000000000001000100001100011001001101010010
00000010010000100100000000000000000100001001000110000000101000000000000000100011100110001000001001001000100
00010100000000000000001000000011001000000010000001000000000100110010011000001100001000010001000010100000100
10100011001000100000000001010000000001011010000000000000010000111000110000000000101000000101000000000010100
00001000000101000100010000000001010011000001000000000010001011100101011000110000000000000100000000000100001
00000110000010000000000010000010000000011100010000000001000001010000000110000000000000100100100000100001001
00000001000000000001011010100000000100000100000000010000010000000010000000000010100100000000000001000000000
10010010000001000011000101000000000110000010010000011010000000110100000000100100010000001000000000000100000
00000100010000001000001010010101000000000100000000010100101010000000100000001000000100000100100100000000000
00001010000010100010010100100010001010010000000001111000010100000000000000000000000100000000000000000000000
01000110001000001000100000001000000000000010000000000100100101000000010000000000001000110000000000010000000
00000110000011100001100100100000000000100000000000010000010010010010110000000000000000010000010000010100011
00000000000000000000000000000000000001110000001000011000000000000000010000000100001010010001001000100000000
00011000010001000100000010001000010000000010000110000000100000000100000100000000001101000000000100000000100
10010000000100010000001000001000001010100100101000000000000001100010100000100000000011000000100000010000100
01000000110110000000000100000001100001010000001000100001010101000000000000000001000010000000000000000010010
00010001000010000000010000001000000000010100001000000000000000001010000000010000000010100001000000000110010
00000101100000000100000000000000001000100001100000000000000000001101001000000000000001000000000110000000000
11000000001000001000000010010100010010000100101010011000010001001000001101010010101001110000010000010001000
00001000000001000000000001000000110000000000000000000001000000000001000010000000101010001100001010010001010
11000000100011001001010010100001100000110100000010000110000001000000000000000000000011111010000010000000000
00100000001100100100000010100000000001000100100000011000110100101000000100010100000000000000000000111000100
00000010000000000000000010000000100000101010010000010001010001000000010111110011100010010001000000101010000
00100000000011000000100110010100100000000000000010000100000000001101000001000000000000000100001010000001000
00000001001000001100100000001000000000010001000000100001000000000000110000000000000011000000000100101100100
01000100000000011000000101000100000000010001000000011000011110000100100000000000000000001000011001010000000
00100000100000000000000001000000100001000001000000000000010000010011100000000000010000110010000000100100010
00000110000110000011000000010001010011010000000000000001010000010000000001000001110100010000000111010000000
00100000100001000000000000000111000010000111000111000010100001100110100100000001001001100001100000000000000
01001000000000000000000000010111010000000000101101000101000000110000000010001000000000000010000101000000000
01000000101000000110110000000000001111010100100001000000000000001001000010010001001000000001101100100010000
00100000000000000010000000100000100000000000100000100011000100000000000000100001000110010000100000000000000
00000001100000000000001001110110000001001011010100000000000100011000000001000100000000010000000000000000001
10001000100000000000010000100110100100101010011011000010001001000100000000000000000000000010110000000100000
01000100100000000111010000001000011000000000000100000000000001100011000000000000000000100100011000000010000
00000000000100010100100101010010000000010000001101010010000000001000011010010000000000100001011000100000110
00110001000000010001100000000001100010110001010001010001100100001000000000100010000000000000010000000100000
00100001100101010000000000101000000000001000000100000000001000110000000000001000000100000000000100011000000
00000010010000000000000000000010000101000000000100100000101001000000100011001101001000010001000001100000001
00100000100101000100000001100000110000010000101000000000000000000000000000000000011000100010000000010000000
00100001101010001001000001001010100000000000100000000110001100000000000000100000100001001000001010110111001
10110011100001010101110000010000000000100000001000011000001000010000001001010100010000000000010100011010000
01100000000010000001000101100000100000100000011010010000011010010000000011000000000001000000000000001101000
10000000000000000101000000010000100000000000110110010000001011010000110010000100010000010010000010100100000
00000000000010000110000111000000000010101110010001001001001000000001000010000100010000000010000000000000010
00000100010000110000100001000000000100000000000000100011000000110000000010100101001100001000110000000100010
00000101000001010000000000000100001001000000000001100000000000000000010000000110001001001100100000000000010
00000100100000000010001000000000001000000001100000100011001100000000000100011100010001100001001000000100101
01000100000000000000010011001111010001010000100000001001000000000000011000010110010001010000010000000000010
00000000000000000000000001010000000000001010010001011000000100100000011000111000001000000000000000000010000
01010000100010000001000001000000000001001000110110000010100000000000100000000000000001100000000000000000010
10000001001000000001010001000100000010101000100000000001000000000011000000000000000110100100000010010101101
00000011000000000000010000001000000000011000000000001000110100010010000000100001001000001011000000010000000
00000000000000000000100110011010000010000001000010101001001010000000110100000001000100000000000000001001000
00001000000000000001000100011000010110100000001000100000001000000000000100100001001001001000000011000000011
00000000001000000000000000000000000000000000000000000000010000000000110000001000000101000000000001100000000
00000100000000001000110010110010000000100000000100000001101000010000000100001100001100100001000000000010000
11000011000000100010001000000000010101000000000011000000001000000000000000000110000000101000010000000101000
00000000000000001110100110001000100010100000000000001000000000100000001000100001000100000000001010101011010
00000000000001001000000100001101010000010110100001001010110000000001000010011010100000000000000010001110000
00000010010000000100000000000001001000010000000100000000000011000000000000000100000010000001001000010010100
00001000000000001000000000101000000010100000100000011000010010010000010100010000000000100100100100001000100
00001000001000000110100100100000100100110100010000010100100000001000000000000000000000000000000000110101000
01000010001100101100000000000100000000001000000000010010010101000110100001000000000001000100100010000001000
10011010000001100010100010000110000000001011000000000100000000100000000100000001010010100101010001101100000
00010011001000100010110001001000100000000100101000110000000000000101010001000000001010110001001001110010101
00111110110000000010000000001000000000000000111000000001001000000000000000000000000000010000100010001000001
00000001010000000000010000100000000010000001000010001100101000100000010000001000100000010000001000010001010
00000000000000010010000001100000010000100000000100000010100100000010000000100000100000000001001000100100100
00001000000001000000000110001000001101000000010000000000100000000101000000001110011000000000100010110000000
00011100001000000000000000000001000001001100000000000001000000000000000000000000000000000000101000010001010
00000010000100000000000110000000011100100100001001000000000000010000000000100000000000000000001001111010101
00000100000010000000000000100000010010100000001001001000100000100000010010001000000001010001001100110001000
10000000000110001100010010000000010100000000000100100000000101100100000001000100001000001000000000000000010
00110000000000001100000000010000000001000011000101100000000110000000000000010100110010010000000000000001000
00000000001000011000000001000000001000110000000000100001001010100000010110110001101000000000000001000000100
00010000010000001011001000001000001000100000100110000000000100110000010001001001010000001101000010000000100
00101000000001100000010110000010001000000001001000100000000000010000000000000000010100100110000010000001001
00000000010000000010010000000010000000000100000110000000000001100000000000001100000000000001000000000110001
01000000101000100000000010000010000000010000000100001001000000001000110000000110000100000000010000010000100
00101000010001010111010000000000000010011000110010000000000000000001110001000000000000001000000000000111000
00000010000000000000000010000000000000010001000000010001000101110000000110000001110000101000001000000010000
10001000001101010100000000100001100110000000000000001100010000000000100000011001000100100000001000100111100
00010000000000000100100000000000000000000000110000000000100000100000000011010000000000010000010010001010000
10010101100000000100100010011001000000000000100100000111101100100000100000000001001110000100000000000000000
00000000000001000000010110000100000000000000010100001100000001001000100000000000100000010000000000100000010
10000000000011000000000000000000011010001011001101001000100000100000100111010000001000100000000011100110010
10000110001000000000100010010010100000000111000000000010000000000000001101110100011001000000101000000000001
11000010001001000100000011010001011000000011010001110010000000000000100010000000000001001001100100000000000
00100000000001000000000010000000000000000010000010000010001000010110011001101110000000011000000001101000000
00100000010000010000010000100010000000000001101100000000000000000100100000000001100000001100010000100000101
10010000100001000000000111010110100001000100010000001000000000110000010000001000011001010000000000100001100
00000100000001000000001000010000010100000100000000010000000000110000101100100001100100011101000000000000001
00011010001011000010010000110011010100001010010010000000000000010000010001101010000000100100000000000010010
00000100110000000100000000001100000000001010000100000100100011101001000000100001001000000110010100011100000
10001011000110001010010000000000000010000010000000000000010011001100110000000000000000000000000001001000000
10000100001110000010000100000001000010010000001010010000000010001101000100010000100001000000010101001000000
00000000000010000000000000001100000000010001100000000001000010000000000100000000000001000000000000011100000
00000001000000000010000000000001000000000000000000000000100001000000100000000000000100000100000011000000000
10000000110000110100000010000000000000001001000011100000000000000001011001001000000100100011000101001000000
5 59
101 1
