103 108
011100010000010100001000000000001000000001001010000000110000000101100100001000010000001000000110100100000000
000001000100000000000000011001000000000001000101100000100000001000000100000000010000000001000011100100001000
110000010000100001001001000100010000000100010000010000000011000010100110000000000100000000000100000000000000
001000000000000101000001110000010000100001000010011000000110100000000000000000000000000011100000100000000000
110000100000001000000000100000000001000001000100010100000000000000100000000000100010100000100000000000000000
001000000100011001000010000110100000100011000000001000000000000000010000000000010110001000100000100000011100
001001010000100000000100000000000000000000000100010000000100000110100101000000001101100000010011100000000100
100000100001000000000100000011001000000100100000000001010001011001010000000000001000000000000010000000010001
010000011100000110000001000000000000001110110000001000000110000010010100001000000011000000000000000100010110
000000001000000001001010001000000010100000000000000000000000000000000111000011000000000001000010010100010000
000100001000000000001010000100001010000010000010100000000000000101000010010000011000001001010100011000011000
000000100101100000010000000000000000000000001101000000010000001010000100001011000001000000000010010110000000
010100001001000100000010000001000000000100000001001000010010010001000000100010000011010101000100000100000000
010100001010000000011011010001000001100000000001100000000001000000001000000001011000010011000000000000010001
010000010100000011000000000110001000000000000000000010100111000010010000000011000000010000010000000001011000
000000000000000001011000010000000010000000110001000010001000000000000101000010000010010000000110011000100110
001000000000000000000100000100000000000010010000011000000010000001000000110000010001000000010001000001000010
010100100000011000100000011000001000000000000000000001010000001000000000000100000000100001000100001000010100
100010000001010101100100001000001000000000000000000000000000000000000001000000000001000011110010000000011110
000000000001000100000010000000010010000000000110100100000101000000000010000000100000001001000000100000010000
000000000000000000000000000001000100000001010000000000000000000000010000001010000000010000000000001010001001
011010100000000000000001010000001001011000000001000000000100000000010011001100010000000000010101000000100111
010100110000000001100100000000000000000100000100100000000000100000000010000011001000000000000000100001101010
001000000000100000000100000000000011100000001010100100000000001001000000100000010001001110010000000100010000
000100001001100000000000010001001000100000110000010101100000000000000001000100010010010010100000001000000000
100000010101101010001000001000000010010000000100000000001000100100000000000011000000010010000101001001000000
000000000000000000100000010000000000101010100100011100100010001000000001011000100001000000000000000000000010
000100010010000010000000100001010000101000010000000000000000100000101001000010100100000000010000000000000000
100001000000001001000100001000100001000000001100010011011100000001001000100000100010000000010011011100100100
001100000110000000010000010001101001000000000000000000101010000000000100000000001001000100100000100000000011
010000100000000000001100101000001000110101101000010001011000101000000100000000000000000010010010100010000001
100011010010010110010000010000001101010000010000000110000000000000000000000010001000000010010000000000101000
000001000000000000010011000000000000001000100000000000001000000100000000001110000000000000100001000010000000
000010001000001000000000001000000001110001000000010000000000110110000001000001000100011000010010001101000001
100000110100101000100001010000000000000000000000000000000000000001010000000000110010000010000001001100100100
000100100000001001010110000011000000000110100000001010010011000100000000100000000010010000001000110001000001
001000011000000011010000100010010000010100000000101100000101001000010001000000000000010000001000000010000000
000100000000100001000001000100000000000000000001001000010000001000010010000000000010000010010010000000000000
000110000001010000000000000000000000000000000000000001010000100000100100000011000100010001010000000000000001
101111100000000001001100000000000000000000010000010001001100000100000101000000101000100000010110000000001100
100101000000001000010011100000000100000001100000000000010001001000101010000000000000000100000011000001001000
000000100000100000000000000000000000000000000101000010010001011111001000011100000001000000000011000000110100
000001000000100110110001000001000000100000000100100000010000000000001000000001000010000101010000000001000010
000100011000000000100100110000001001000101010000100000000000000000000011000100100001000010001101001010000000
000000010000000000000000000000011000000000000100001100000110000000000000000000100100001000010000000000000000
001000000100000100001000000011001000001000010001000100000000100101100001100001011000000100000000000000000000
000000001000000010000011110010000011010001001010010100100011000001001000000000100000001001100100000000100100
001100000100000000001000000000011100000000000001000000000000011000000100000000000000100001000100100000000000
100000001000000100000000000000000000001010000100100000000100000000000110010000000110000100000000000001100000
000000000001000001000010001001010000000010100100000000000100000000100000000000000010000000000000000001000110
000000000000000000000010000001010000000010000000110010010001000000000010100011010110010101101000000000010010
000010000011000000010101011010000000000100010100001000000010000110001000010010001011000000000000000000010000
000000000000000100011000000000100001000000010000000010000110010000100000000000000000010110001000000000011000
000101000000100000000001000100000000101001000000000010000101001001001101000100000000000001000001100100000001
000000000000001000100110010000001011001000100100011000001000001000000000000010000000001100000010001000000000
000010000000000000100010000000001010000110001000000000000010000000000000001010010101001100100101100000100100
001000000100000010001000000000001100110000001010000001001000000100000100001100101000110000001000000000010000
000000000000010001000011111010000001110000000100111000010000000101010000010000110000000000000100000001001000
100010000000000000000100000011110100000000000010000000000110101010100000000000010000101010000000001000110001
000001110100000000000110010000001000110011000110110000000000010000100000100010000000001010000100000100010100
000000000000000100000010000000000000000110000000000001000000111100010000001000001000000001011001000100101000
001000010100010010010000000001010100000000100010001000000000000000000000000010100000000010000000000000001010
010000000001000000101000000000000100000010000001011000000100000000100000011000100110000000000000100110001011
001110011110000001000100000110000001000000000100100100001100010100000001110000010000000000101000001000000100
000001000000010000000000100100100000000000000000100100101000000100000010000010000000000010001011100000001000
000001001101001100100001000010100000011001100000100000001000001100000011010000000000000000010100010010100000
001000001000000000000000011000000010000000000000000000001000100001010100010100110000000000000111010000010000
000010000100001000000011000000000000000000100100000000000000100110010000011000100001000101111000010000101000
010000100001001110000010000000000010001100000001000111000000010000000000010000000110000000000110010101010001
000000010000100001000110100000000011000000000100000100100000010000100000111010000000000001001000000000100000
010000011010000001000000000000001000000000000011100000101001010010000100000110100110010000001000000010000000
111010010000000010000101001100000010001011000100110001100000000000101000100101000000001101000000100000011100
010000000010000000000001010000101000000001000000000000110001011000000100010010010011001001010000000110001100
000010000000100000000000001101000010100010000001100100010000101000000000100101100010000001101001000000100011
101010010010000100011000010100000011000000000000000010000000010001001000000000100000000000000000010100100010
000010000001000001000001000100111000110000100000000000000000010000001110000000000000010000010000000000001000
000010000110000010000000001000010010100000000110001111011000100000000010000000010000000100000000000000011100
010101001000001000001010010000000010001000100100001011100000001111011000001000010101100010111010000000000010
001000000001100000000000000100110101010010010101001001101000100110000000000001000000000101000100001010010000
010000000000000000000000010010001001000000000011000010000010010110000000000111000011100000011000110110000010
000000000101000000010000010011100100001110111001000000100001000000100000100000000000000100010000000000010000
000010010000000000010000001001001000100000000000000100000010100100000000000001000000000000000100001000000000
000000000000000000110000001100110100001011010010010010010000000001000001000000000000010111010111000000000100
000111000000110000011000100010010001000100000000110100000000001101101001001000000001000000000010000000000000
000010001000001000000000000001000011011000000000000000000001010000000001110100000000100010000101000011000001
100100000000000000010000100100101000000000100000000000110000011000010010100100100100000010100000000000001101
000010000100101000000001100000000000100001100000010001000100000000000111000001001100000110000000000100000010
010101100100100001000010101110011000010001000000000000010010000100000100000100100000000000100000100000000000
001000000100000100000010000110000010000000100010100011000010000000010001110000000010001000000000001000000000
000000001110001000100000000000000110100001000000001000000000000100000010000100011000001000001000101000001010
110101001000010000000000010000010111100100000100000001000100000100100101000000000001000010001010000000000000
100000000010001000010000000000010110010011000100000001000010000011110100101000110000100000001000100001000010
010010000000001001000000100100000001000000100110010001000000000100100000100010011011100110010000010100100000
010000000101001000000000001111100000001001001010000000000000010000000010000011000010010010000000000001100000
100000010000000001000001000110000000010010000011000010001101010000110001000110000000100100001001101000000000
000010100101000000100000001011010000000101001000000101000000000000000000010000000000000000000100000100000000
000000000100100000000001000001110000100000101100000000001100000000001000000000010000000101000000000000010100
110100000100000000001000000000000000000011010000100010010100000100000010010000000110000100010010010001000000
100000011000010000100000100001000000000011100000000000000000000000000000100001100000000100000000000010010000
000000101000001000000100000011010000000000001000000010011001000000000001100000001000000000011110000000000100
000000000000010000000000000000100000000000011000000100000000100001010000000000010100111000000110000001001000
110001001101000101000101010000000000001000000010000010010011010001000001000000000010000010100100000100100000
100000000000010100100001001000000010110110000000000010110000001000000010011010000000000001011000000101001100
90 59
6 18
