110 110
00010000000000000100000000010010001000000000000000110000000000000000000001010000100000001000000000001000000010
00000000000100000000101100000000000001000100000000101000000000000001010000100000001010000000001001100010000000
00000001000000010001001000000000000000000001000000000000000010000000000000000100000000000000000000000000000010
00000000000000010001000000000000000000000100011010000000000000001000000000000000000110000001000010000011100001
10000000000100001000100100110000000100000000000000000100000101000000000000000000000000000000000100100000000000
00010000000001000000000100000000100000000000000000000000100000000000000000001000000000001010000000000000000000
00001000010000010000001010000000000000000000000000000000000000000001000000000000000000000000000000000010000000
00000000000010000000000000000000000000001000000000000000000000001000000000000000000000000010000000001000000001
00000000000101000000000000110001000000000000000000000000010000000000000000000000000010000000000010001000000000
01010100000000000000000100001000000100000000000100000100000110010000000100000000000000000000000000000000100010
00000110000000000000000000000000001100110001001000000000000010000011000010001000000000000000001000000000000000
00000000100000101000000000000000000000000000000001000000000000000000000010100000000000000000000000000000000000
00000000000000000000000000000100000000000010000010000000010000000000010000000001000000000000000000000010000000
00000000000000000000000000000000000000000000111001000000010000010100000000000010000100000000010001000000000000
00100000001000100001001000000000000000100000110000001000000000001000000000000000000000000000000001000010000011
00000100000000000010010011000000000000000001001100000000000000000000001000000010000010000000000001000000000000
00000000000000000100000000000000000010001000000000000000000000010001000000000000000000000001000100000000000000
00100001000000000000100000010000000100000100000010000000000000000000000000000000000000010000000001000000001000
00000000000000000000000000000000000000010001000000000000000100000000000001100000000100000000000001110001000000
00000000010010110000000000110000000010000110100000000000000001000001000001000000000000000010000000100000001001
00000000001000000010000100100000100000000000000100010000000100000000000001000000000010000000010000000000000000
00000000000000000000010000000010000000000000000000001010000000000000000000000011000010000000000000000100011000
00000000000000010000010000000010000000000000010010000000000000000000000000000000100000100000000000000000000010
00010000000000010000000000000000000100000000010000010000000000000000100000000010000000000000011000001000000000
00000000000000000110000000000000000000000000010101000000000000100010010000010000000000001100100101000100000001
01010000000000000000000000000000000000000000000000100000000000000000010010000010000000100111000000000000000000
00000000000000001000000010000000100010011010000000000001100000001000000001000000010001001000000000000000100000
00000000000000000000110001010000000000010000100000000000000000000000000000000000000000000000100000000000000000
00000000000000100000000000100000000000010001000000000000000000000000000100000000010000100000000001100000000000
00101000000000000000010000010010000000000000000000000000100000100000100000000010000100000000000000000000000011
00000000100000000000000000000000000000000000000000000000000000000000000000000000000000000010000000000010000001
00000000000010100000000000000000000100000010100011000001001010000000000000010000000010000000000000000001000000
00000000100000000000000010101000000000001010000000000000111000001001000000000001000000000000000000000000001000
00000000000000000000000000000001000000000000010000000000000000100000000000001000000000000010000000000000000000
00000100000000100000000000000000110000010000000000010000000000000000001000000000000000000000100000000000000000
00000000010000000000000000000111100000001000001000000100100000000000000000000000000000000001001010000000000010
00000000100000001000010000100000100000000000000000000000000000010000010000000001000000000000011100000000000000
00000000000000000000000000000000011001000000000000000000000000000001011000100000011100000000000000000000000000
00100001001000001000000001000000001000001000001000000000001000000000000010000000000000000000000000001000100000
00000000000000100000000000000001110001000000100000000000010110000000000000000010000001000110000011100100000000
00000000100100100000100000100010010000010000000010000000000000000100000000000000000000001000000001000000000000
00001100000000000000000000000000000000000000000000000000000000000000000000000100000000000010010100000000000010
00000000000000000000000001000101010001001000000000000000000000100000000010000000000000000000010000000010000000
00000000000000100001000000010000000000000000000001000000000000000000000000010000010000000011000000000000000000
00000000100000010001000000000000010000100001000000000000100000000000000001000000000100000000100100100000000000
10000000001000000000000000000000100100000010000000000000000000001000000010000000000000000000000000000000100000
00000001010000000000010000000000000001000000100000100000000000000010000010010000000000000000010000000100010001
00000000000010000000001000000000000100010100000000000000000000000000000000000000000000000000000000000000000000
00000000111000011000001000000000000001000000000000000000001000000000010110000000000000010001010000000000000000
00000000000000100000000000000000001000000000000000000001000000010000001000000000000001010000000001000000000000
00000001000010000010000000000001000000000000101000000000000000000100000000001000010000000000000000000010001000
00000000000110000000000000000000010000001000000000000000000000000000100000010000000100000010000000000000000000
01110000000100000000000000000100000101000010000100000000000000100000000000000000000010010000001000001000100000
00000010000010000000000000010000000000000000000010000000000000010000000000000010010000000001000000000000000001
00000001100000000010000000000100100000000000000000001001000000001000001000000000000010000000000000000010100000
01100000000010000000100000101000000000001000000000100000100001000000000000000000000000000000100000000000000000
01000000000000000000000001000000000000000000000000100010000000000000000000000000000000001000010000000000000000
00000000000010100100000000000000000001000001001000000000100100000000010010000000000000000001000000100001000000
00000100000000000010001000000000001000000001000000000100101000000000000010000000000000010001100111001001000000
00000000000100000000100000000000000000000000000000010000000000001000000000000000100001010001000000000100000000
00000000100101001000000000000000000000000011000100001100000010000000000000000011000001000000000000000000000000
01000010000001000000000100000110000000000000000000100000000010010100000000000000000000000000010000001100000000
00000000000000010000110000000000010010000000000000100100000000010000000000000000000000010000000000000000000000
01000000000011000000010000000000000000000000000000000000000000100000000001000100000000000000000010000000100001
00000000010000000010000100000000100000000000000000000000000000100000000000100000000000000000000000000000000000
00000000000000100000000000000010010000000010000000000000000010000000000000000000100000000000100000000000010100
00000010001000000000000100100000000000000000000000001101100001000000010000000000100000000010010001000000000000
00000010000000000001000010000010000000000000000100001000000100000100001000000001000000000000000000110000000000
00010000000000000000001000000000000001000010000000001000000100010000000000010000000000000000001001000000000000
00000000000000000001001100001000000000011000000000000000000100000101010100000001000000010000011000000000000000
00001000000001000000100000000001000000000000010000110000000000000000100000001000000000000000000000000000001000
00000000000000000010000000001000000100000000000000000000000000000000000000000110100000000000000010000000000000
00100000000000000000000000000100000000000000000000000000001000000000000000000000001000000000000010000000001000
00100000000000000000000000010000000001000000000000000000000010000000100100000010000000000010000000100000011000
00000000000000000000000011000000000000010000000000000100000000101000000000000000001000110101000000000000100000
00000000100001000010000001001100000000010000000000001000000001000000000100000000001010000000000100010000000000
00001000000100000000000000010000000100001000000000000101000000000000000000000000000000100010000010001001001000
00000010000000100000000000000100000010000000000000100010000000001000001100000000000000000000000000000000000000
00000000010000000000010000000010001000000000000000111000000001000000000000000000001000001000000000000000000000
10000000000010000000000000000000000000000000000000000010000000000000000000000011000000000100000100000000000000
00010000000000000000000000000010000000001000000000000100001000010000010000000010000000000000000000010100000000
00000000000000001000000000000000000000000001101000001000000100000000000010000000000000000001000000100000000000
00000000001100000000000000001010000010100000010000000000000000000000000000000010000000000000010100000000000000
00001000000000000000100000000000010000000000000000000001000000000000100001000000100000000000000100000000000000
00000001000000000000000000010001000100000110100000000101000000000000000000000000000000000000000000000000100100
00001000000000000000000000000000000010000000010000000000010000000000000001001000000000010000000000000000010010
00000011000000101000100001010000000000000000001000000100000000000000000000000000000000100011000000000001100000
00000000010000001000000000001000100000000001000000000000000000000000000100000000001000000010000001000100000000
01010000000100000000000000000000001100010000011000010000000000000000000000000000001100100000000000000000001000
00000000000000000000000000000000000010100000000000100010000000011010000000100000010100000000010000100000100000
00000000001000000000000000000000010000000000010000001000000001000000010010001000000001000000000000000010100000
00000000000000000000000000110000000000000000010000000010000000100000000000000100010000000001000000000000000000
10000001000100001000000000000000100000000001000110000000100010000001000000000100000000000000000110000000001100
00000100000100010100000000000001000000000010010000000000000000000000000000000000010000000000000000010000000100
01000000010001000000010000000000000000000000000010100000000000000000000000100000000000000100001000000000000010
00000000000000011000000001010000000000000000000000000000000100000010000010000000000000000000000000000000000000
01000000000001010000000001010000000100000100000000000000001000000000000000000000010000000010000000000010101000
00100000000000000000000100010100000000000000000001000100000100001000110000000000100000000001000001010010001100
00101001000000000100000010000000000000000000000000000000000000000010100000000000000110000000000010100000000000
00000000000000100000100000000000000000000010100001000010001000000000000000000000000000000000000000000100010000
00001101000000000000000100000000000000000000000000001000010010010000000000000000100000000000000000001000001000
10000100000000000000000100000000000000000010000000010010000000000000000000000000000001100000001000000000000000
00000100000000010000010100000001011000001100000000000010000000000010001000000000011000010000010000000000000000
00010000000000000000000000000000000000001000000000001100010010000000000000000000000000000011000000000000000001
00000001000000000000000010000100010000000000000010000000000000000000000001000000000000000000000000000000000000
10000100000000000100001000000000000000000000001000001000001000000000000000000000000000000000100000000000101000
00100000000010000000001100000000100010000000000000100000000000000000000000000100100000000000100000000100100000
00000000000000000100000000000100000100000000000000000000001100000000000010000100000011000000000000000001000000
00001000000001000000000000000000000000000000000000000000000000000101001000000000000000000001000001000000000000
00000000000001000000000000000010000000000000000010100000000011000000000000000000000000000000000000000000001000
0 0
109 109
