115 115
0000000000000000000001000000000100000000000000000100000000001000000000000000000101010000000000000100000000000000000
0000000001001101000000000000000000000000001000000000000010000110000000000010000010001000000000000000100000010000000
0001000000001100001000010000011000000000000010000010000000000100000000000000010000000000100000000000000000000000010
0000000001000000000000001000100001000100000000000010011000000000000000000000000000000000000000000000000100011000000
0000100100000000000001010000001010000000010000000000000000000000001000000000000010000000000010000000001000000000000
0000000110000000000000000000000000010100000110000000000000001000000000000000000001000010000000000000000000000000000
1000010000001000000000100000000000000100100000010000000001000011000000000000000000000100000000000001000001010000000
0000000010001000000000000000001000000000000010000001000000000000000000000000000000010000000000100010000000000000010
0000000000000000000000000000000000000110000001000000011000000000010001110000110000000000000000000000000000000010000
0100000000001000000001001100000000000100010000010000000000000010000001000000000100100110000000000000100000000000000
0000000000001000000000000010000000000000000000000000010000000000000000010000000010010000000000000000000000000000000
0000000000101000000100010010000000000000000000010000001000000101010000000000010001000001100000000001001000110000100
0000000000010000100001000000000000001010000010000010000001001000101000000000000000000000010001000010000000001000000
0001100000000010000100100000000000000001010100000000011000000010010000000000000100001000000000000000100000100000001
0100000000010001000000000000000000000010000000000000000000000000000000010000000010010000000100001000000010000000000
0000000000100000000000000000000000000000000000000001000110000000000000000000000000000001000000000100110000010010000
0000000001000010000000010000010000000001000000000010000000100001000000100000010000000000000001000001010010000000000
0000000001000000000000000000000000000000000000000000000001010000000110110011000000001010000000000000100000000001000
0000000000100000000000000000000000000000000100000000000000010001000100000000000001010001000000001000000001000000000
0010000001000000000000000000100000000000000001000000000000000000010000100000100010010000000000010000010000000100000
0000000010000000010100010000000100000010000100000100000000000000000000000000000000000001000000000000000000000000110
0000000000000100000000000001100000100000000000000000000000000010100000000010000000000000000000000010000000000100000
0000010000100000000000000000000000010000001001001000100000010000000000001010000000000010000000010000000000000100000
0100010000000000000000000000000000000000000100000000000000000000000010100001000101000000000000000110000000000000010
0000000000000110000000000000000001000000000000001010100000000100100100000010000000000000000000100000010000000000000
0000000110000000000000000100000100000000000000000010000010100000000000000000000000000000000000000010001000000000010
1000001000000000000100000100000000000000000100000100000000010000000100000000001010000000100000000001001000010000000
0000000001010000000100000000000000001000001011000000000000100000000000000000000000000010000000001000000001000010000
0100000101000000010000000000000000001001000000000000000000000000000000000001100100000000000000000100000000000000100
0000000000000000000000000000000000011000000000001001000000000000010000001000000000110000100000000010000000101000010
0000000000000000100000001000000000010000100000000000100100000100000000101000000000000000001000000000100000000000000
0000000100000010001010000000010000000000000000000000001000000000010000000100010000000000000000000000000000100010000
0000000100010010000000011000000000000000000010000000000000000000000110000000000000000000000010000100000000001010001
0000000000000000010100000010000001000000001000000001000100000000000000000000000001000000000000000000000000100110000
1000001010010000000000000100011100000000000000000000000000000100100000000100000001000000100000000110100000100100000
0010000010000000000000000000100000001110000000000000000001000100000010000100000000000000000000100000000000000000000
0000000100000000000000000100001000010000000000001000000001000000000000000000010000000000000000000010000000010001000
0000000000100010000000000000000000000110000000000100100000000001000000010000000000000000000000001000000000000100101
0000001001000000000000000000010000000110000110000000000000000000000000000000000000010000100000000000000100000000110
0000000000010000000000100001000000001000000000001000000000000000100000001000010001000100000000000000010000100000010
0100000000000000000001010000000000100000000000100000000000000000001000000000000000000000100010000000001100000000000
0001001000000001000000010000000100000000000000100000000000100001000100100000000000000000000101000000000100000010000
0000000000000000000110000000001000010000100000000010100000000000000100000000000000010000000001110100000000000000000
0000000000001000000010100100110000100000000000000000000000000010001000000100000001001000010000010010000000010100010
0100001000000001000010000000000100000000000000000000000001000000100000000000000000001000000000100010100010001000000
1001000000000001000000000100000100000000000000000010100000000000011000000100000000000000000000000010100000000010000
0000010000001000001000000000000100010100000011100100010000000000010000000000000001101000000000001000000100000000000
0100000010000100010000010000010000001000010000100100000100000000100000000010010000000000000000000010000000000000100
0000000000000000000000000000000111000001001001000001000000000000000000000010010000000000000000000000000000010000000
0100000000000000010000000000000001011000000000000000000000000000000000000000000001000000001000000000000000100000100
0000000000000000000000000000000000101000000000000000000000000000000010000001000000000000010000000000001000000100000
0000000010010000000100001010000000000100000000000000000000100000000000000000001000000000000000010000001001000000010
0000000000000001000000000000000000000000000010001000000000000000000000000000000000001000000000000000000001000000000
0000000010000000000000011000000000000001000000000000010000100000000000000000100000000000000000000000000000010000000
0000110000000000001000000000001000001010010000001001000000000000100000000000000000000000000000000010001100000000000
0100000000000001100000000000000000000001100000000000000100001000000000000100100001100000000000000000000000000001000
1010000000000100010000000000010000000000010000001000000000010000000000000000000000101000000010000000000011000000010
0000000000000000000011000100000001000000000000000011100100000000000000000000000000000000000000000010000000000000000
0000000000000011000010000010000001000010001000000001000000000000000000000000000000000001000000000000100000001001111
0000000000100000010000000000000000000010000000000000110000000000000000000100000000000000000100101010100000001000000
0100010000000000000000000000001000000000000000010000001000000000001000000000000000000000001000000000000010010000000
0000100010000010000000000000000000000010101000100000000000000000000010000010000000100000010000010000000000000000010
0000010000000000000000100000110000000000000000001000010100000000000000000011000000001000000000010000010000000000001
0000001000010000000000010000000000011000000000000000000000000000000000000000000000000000000000001001010000000000100
0000000000000001101010000000000000000000000000001000000101000000000010000000000000001000000000110001000000000000000
0001000000100000100000000100000000000000010000010000100000000011000001100000000000000000000000100000010101000010000
0000000100000100000000000010000010101000100000010000010100000000000000000000000100000000000000001001001000000000000
0000000010000000001000001000000000000010000000100000000010000100000000000000000000000000000000001000010000000110000
0000110000000100010000001010000000000000000000000000010000000000000000000000000001000000000000001000001000000000000
1000000010000000110100000000000000000000100000010001000000000010000000000000001000010000000000000000100010000000000
0000000000000100000000010000000000000000000000000000000000000000000101000000000000000010000000000000000000000000100
0000000000000000000000000000000000000001000000000000001000010000000001000100001100000000000001000000000100000001100
0101000000000000000000000000001001001000000000000101000000000000000000000000000000000000101000000000000010000001000
0000000000000000010000001010000010001000100000000000000000000000000000010000000000000001000100000000010000000001000
1100000100000010000101001000000100000000000000010000000000000000000000000000000000000000000000001000000000000000000
0000000000000001000000000000000000000000000000000000000000000000000000001010000100000000100000000000000000000100000
0000000001000010000000010000000010011000000000001010000000010001000000100001000011100000000000000000000000000000010
0000000000000000000001000001000000000000010001000001000110000000000000000100000000000000000000010000001000000000000
0000000100000100000000001000100000000000000100000001000000000100000011100000000000000100000000000000000001000000000
0010000001001000111000000000000000010000000000000001000000000000000000000000001000000000001110001100000001001000100
0100000000000000000000000000001001000000000000000100000000100000100000000000001101000000001000000100000010000000000
0010001000000000000100001000000001000000000100001000000010000000000000000001000000000000000000000000000000000000000
0000000000010000000000001000000001000000001000000001000000010000000000000011000101000001000100000000100000000010000
1000100000010100000000000000000000010000100000010100000010000000010000100000010100000000001000000100000000000000000
0000000000000000000000000000000000000000000000000000100100000001001000000010000100000000000000000000000000000000000
0000000000000000000000000000000010001010000000010000010000000000010001001000000000100000001000000000000100000000000
0000001000000000000101010001001000000000000000001000000010000000000010000000000000000000100000100000000000000000000
0000000000100000000011000000000000000000000000000001100000010000001000000000000000000100000000000001000000010000001
0101000000110000000000000000000000000000000010000000001000000100000000100000000000000000000000000000101000000000000
0000000000000000000000001000000000000001000000000000000000000011010000010100000001000100000000000000000001000000000
0000100000100000000000000000000010100000100001000000000000000000001000100001000000001000000000001011000100000100000
0101000000000010001000000000000000000010000000000000000000100000000000000000000000000000000000000000000000001000000
0000000000000000000000000000001100001100000000000000000011100010000010010100010000000000000000000000000000000000011
0000000000000000100000100000000000000000000000000000000000100000000000001010000000000000000000000001000100001000000
1000001000000010010100001000010010000000000000000000000000000000001010000010010000000001010010000000010000000000000
0000010000000000000000001010010010000100001000000000000000000010000000000000000010000000000000000000000010010010000
0000000000000000000010010000000000010000010000010000000000000000000000000000000001000000000000000100000000010001000
0010000000000000100001000011000000000010000000000000000000100000000000000000000000010000010000010000000000000100111
0000000000000000000000000100000000000000000000000000010000000001000000000100000000000010000000001000000000001100010
1000000000000100001000000000000000000000000000000000000101001010000000010000100000000000100100000100001001000000100
1000000000000000010000100010000000000000011100000100000000000000000100000000000000001000100000000100100000000000000
0000000000000000000000000100000000001000000000110000000000010000000000000000000000001001000010000001000000010000001
0000000000000000100000000000000000000000000000001000000000000001000000000000000000001100000000100000100000000000000
0000000000000000000000000000000010000000000000000100000000010000000010000000000000000001000100100000000100000000000
0000000010000000000000000000000000000000000100000010000000000000000000100001000000000000000000000000000000000000000
0000001110000010000010000000000010000000000010000000000000000010000000000000000010000000001001000010000000000000010
0000000000001000000000000000000000000000000000000000010000000000000000000000000000000100001000010000001010000010000
0000000100000000001000000000000000000010000000000000100000000000000010001000000100000010100000100001010000100000000
0010000000000000001010010000000000000000000000000000000000000000000001001000010001000000001000000000000000000100000
0000000000000001000000000000110000100000010000010000000000000110001000010000010000000110000000000000000000000000000
0100010000000000000000000000000000000101010000000000000000010000001000000010100000000010000000000000000010000000010
0100000000000000000000011000000000000000000001000000000000001000100001100010100010010000010000000001000000011000100
1000000000000000000000000100000000000000100110101001001000000000011000000000000000000000000000000100000000000010000
0000000001000000000000000000000100001000001010000000000000000010100100000000000000100000000000001010000000000000000
0000000000001000010000000000000101001000000010000000000000000000001010000000000000000000100000000000100100000010000
0 0
114 114
