120 120
001000000000000000010000000111000000000000000000001000000000000010010100110000000000000000101000000000100001000000000000
000000000000000000001000010100000000000100000000000000010100000000000001000000000000000000001000001000000000001000000000
100100000000000000100000000000000100010000000000000000000000000000000000000000000000000000000000000000000001000000101000
000000000010000000000000000000000000000000000000000100100000000000000001000000000000000011000010000000000000001000000000
010000000000000000000000010000000000000000000000000000000000000000000000000100000000000000000000000000000000000000000000
000100000000010010000000000000001000100000000000001000000110001000010000000001001000000100000000000000000000000000000000
000000000000000000000000101010000000001000010000000000010000000000000000001001000000000000011000001000100000000000000000
000000000000000000000000000000000010000000000000000010000000010000000001000000010100000100000101000100001100000100000001
000001000000000000000001000000100100000000000000000000000001100010000001000000000100000000000000000001000001000000010100
000000000000000000000001000000000000000000001000000001000000000000000000000000000100000000000000100000000000010000000000
000000001100010000000000000010000000000000000000000000000000000000000000000000110000100100000000010000000000000010000101
000000010000100000000000000000100000010101000000000000000000000000000100000000000000000000000100000000000000000000010000
000000000000000000000000000010000010010000100000000000100000000000000000000000000000000000000000011000000001000000100000
000000001000000000000000000000010000001000000000000100100000001000000010100000000000001000000000000000000100000000001000
110000000000000100000000000000000000010000000000000000000000000000010000000000100010000000100001000000001000000000000100
001000000010000000000000000000010010100001000011010000000000000000000000010000100000000000000100000101000000000001000000
000100100000000000000000000000000000000100000100010000000000010001000001100010000000000000010010000000000000010000000100
000000000100000000000000000000000100000000000000000000010000000000000000000000010001000000000000001000000000000001000001
000010000010000000000000100000000000010110000000000000000000000000000000010000000000000001010000000100000000010000000010
000000010000001000000000000000010000000000001010100001000100000000100000001000000000100000000000100000000000000000000000
000000010000100000000000000000000000000000000001000000100000000100000000010000000000000000000000000010000000000000000000
000000000000001000001000000000000000000000100000010011100000000000000000000001000000000000000000000000000000100000000000
000000000000000010010010000000010000100000000000000000001000010000000000001100000000010000000000001000001000000000000100
100000000000000000000000010000000100000001001000000000000000000000000000000000000000000000000000010000010000000000000000
000000000100000000000000000010000010010000000000000100000000000000001000000000110001000000000010000010000100000000000000
010001000000000000010000000000001000001000100100000000000000001001000100010000000000100001001000000000000000000000000000
000001000000000000010001000000000000110000000000000000000000000000100010000010000000000000000000000000000000011000000000
000000011010000000000001000000000000100010001001100000000000000000000110000000001001000000000000000000010001000000000000
000000000100000000000000000100000000001100000000000000000001000000010000000000000010011000000000000000000000000000001010
010010000001000000000000000000000000100000000000000000010000010001000000001010000000000010001000001000000000010110000000
000000000001000011001000000000000101000000000000001001100000000001000001000010000000100000000000000000010101000000000000
000000001010000000001000000000000000000000100000001000000000000010000000000100000010000001000010000000000000000000100100
001000000000000001000000000000000000000000000000000000010000000000000000000000010000010000100000000000000000000000000000
010000000010100000001000000000001101000000000000000000000000000000000000000000000100010000000000000000100000000000000000
000000100000000000000110001001100000000000000000000000001000000000000000000000000010000100000000000010000000000000000010
001000000000000000000010011000000110000000000100000010000000000000000000000000100010100000000110000000001001100000110000
000000000000000001000000000000000000000010000000000000001000000001000000100000010000000100000001000000000000001000000000
000000000000001000000100000000010000001010000010000000000010000000000000100001100000000000000100100000001000000000000100
000100000000000000000000000000000000000000000000000000010001000000000000000000010100010000000000001000001000000000000101
000000000000000000000000101000000010000000000000000001000011001000000000000000000000001010000000000010011000010000000100
100000010000000000010000000100100000100010000000000000000110110100000000000100000100000000000000110000000000000100000001
111000100000000000000100000010000001000001000000100001000000011000000000101010000000000000000010000000001000000000010000
010000000000001000010000000000000000000000000000100010001000001100000000100010000000000100000000001001000000000100000010
000001001000000000000000000000100000010000000100000011000000100010000000000000000000000000001000001000000000000000100000
000000000000000000000000011000101000000010000000000000100001000000000000000000000000000000010000000000010000010000010000
000000000000000000001010000010000000000000000000000001100001001000010000000000000000000001010000000100000000100000000000
000000100000100001000000000000111000000000000001100001000000000001100010001000000000000000000000100000110000000000010100
000001000000000000010000000010000010010001000000001010100010000001000000000000000000000001000000001000000000000010010000
000001000000100000101000101000001000000001001000000000010010000000010001000000000000000000000011000000000001000000000000
000000000000000010000010000000001000000000000000000000000000000000001100001000000000000000000000001000000000000100000000
000000000000010000000010000000000000000000000001000100000000100000000000000000000000000100000010000000110000001001000000
000000001000010000000000000000000100000000010001000000000001011000000010000000000000101000010010001101000000010000100000
010000001000000000110101100011000000000000000000000100000000000000100000000000000000000000000000000000010000000000000000
000000000100000010001110000000000001000000101010000000000010000000000000001100010010000000000000000000000010000001000000
000000000000000000000000000000000000000000000000010000000000010000000000000000001000000010000100000000000000000000000000
000010000000000000000000000100010000001110000000000000100001000100000000000010000100000000000000000000000000010000000000
000000000000001010000000000000000000000010000010000000000100000100000011000010000000100001001001000000000000000000000000
000000000000000010000010100000001100000100000000000000000000000000000000001000000000000010000001000000000000000000000000
010000000000000000000000000000010001000000000000000010000000000000000000010000101000000010011001000000000000000100000000
000010000010000000000000000001010000000000000101010010000000100000000000000000100010101000100010000100000000000000000000
100000010010000100000001000100000010000000000000000000000000000000010100010000000010000000000000010000000000000001000100
100000000000001000000000000000001000000100000000000001000000000000000100001000000100001001000000000000000000100000000000
000000000100000010000000000001000010100001000010000000001010000000100001000101000000001000000000000000000000000100000000
001100000000010000000000100001000000000010100000100000001000000000010001000000000000100001000100000110010000010000000000
000010001000001000001100000000000000000000000000000000000010001001000000011000001000010000000000000000000000001001000000
000000000000000000000000000000000000011000001000000000000000000000000000001010001001010000000001100000000100000000000000
000001010000000000000000000100000000000100000000010000000000000000000000010000100000000010100010000000010001100000001000
100001011001000000000000000000000001100000000000010010000000010010000100000000010000010001000000000000100000000000000000
000001100000000000000000001000000100000000000000100000000000000000010101000000011000000000000010000010000000000000000000
000000000000001000000000000000000000000000100000010000000000100001010000000000000000000000000000000000101000000000000000
000000000000000100000000001000000000000000000000000000100100000001000000000100001001000000001000000000000001001001000000
000000010000000100000000000100010001000000000010000000000000000010000000000000000000000000100000000100100000010000000000
000000000100000001000100000000001000000001001000000010000000000001010000000000001000100010001000000000000000000000000101
000010000100000001000001010000000000010000000000000000000100000000100000000000000000000000000000000100000010000001000000
100000000000000001000000100000000000000000000000001000001000000100000000000001100000000000000000100000000000000001000000
000100000000000001010000000100000001000000001000000000001000000000000001000000000000000001000000000000000000000000000000
000000000000000100000110000000000100000000000010000000000000001000001100100000000000000001001000000000000000000000000000
000000000000110000000010000000000000000000000000000000001000000000000000000001000011000000000010000010000010000000000000
010000010000000000000000000010110000000000100000000010000000001000000000000010000000000000010000001000000010010000000010
000000000101000000100000000000000000000010000000000000000100000000000000000010000000000000010100100000000010000000001100
100000001000000000000000000000001010000110000001100000001000000000000000000000000000000000000000100000001010100000000100
000000000000010010000000000000000000000000010001000000000000000000000100000000010000000100000110000000001000000000000100
001000000000000000010001010001010000000100000001000000001000001000000000000010000000000100100000001000000011000100000000
001000000000000000000000000000000100010000000000001100010000000000000000000001000000000001000000000000100000010000000000
000010000000000000000100000000000000000001000000000000000000001001000000000010000000100000100001000000000000000000000000
000000000000001010000000000000000100001000100000000000100000000000100001100000000100100000000000100010001000000000000000
010000100010000000100000000100100100010000000000010011010010000000100000100000000000000000000000000010000000011000000000
100000000000010000000000000000000001000000000010000000000000000000000100000000000000000000100010000010000010000000010000
000000001001000001000001010000000000000000100000000000001010010001000010000000000000000000000000000011000000000000010000
000010000000000000000000001010000010000001000000000000010000000000000000000100100100010000000000000000000000000000000001
000000000100001000000000000001001001000000100000000000000111000000000110000000000000000000000010010001000000000000000000
000000010000000000000000000000100001000000000000100000000000010000000110101000000000010001000000001000000001000000000000
000000000000011000000000000000000000000000000000000000000001001000000010001000000000000000000000100000000010000000000000
000000001010000000000000000001100000000000000001000000000100000000000110000000000000010010000100000000001000010000000000
000000000001000000000000000000000000000000000000100000000000010000000000000100000000000000000000001000000000000000010000
010000010000010000000000000000000001000010000000010100000000000010000000001000000100100000000100000000001000000000000000
000100000000000010010000000000000000010000000000000000000000000000000000000100000000000000000010000000000000000000000000
000000100010100001000101000000100000000000000100000100000110001000000000000000000010010000000001000000000000000000000000
000000000100000011000000100000000000000100000000001100000000000000000000000000010000000000100000000000000000000000000101
000000011000000000000000110000000000000010001000000000000000000010000100000010000000000100000000000000000000000010010101
000000000000000010100000000000000100000000010000000000010000100000001000000001000000001100000000000000100000000000000000
000000000001000000100010000000000100000000000100010100000000001000100000000000000000000000000000000100000000011000100000
100010100000000000011000000000000000000000000001000000001110000000000100010010010000000000000000100000000000000110000001
000100000000000000000000100100000000000000001000000000000000000000000000000000111000000000010000000001000100000000001101
000000011101000000000000000010000010000000000000001000000000000000000000000000000000000000000000011010100000001001000000
000001000010000000010110000000000000000100010000000000000010000000000001000001000000000000000100000000000100000000010000
000000000000000000000000000000000000000000000000001000000000000011000000000000000010000100001000000000000000010010010000
000000000000000000010000000000000000100010000010000000000000000000000000000000000010010000101000010000000001000000000000
000000100000100000000000100000000000001001001000000000011000001000100001000000000000000001000000000000000100100010000000
000110000000000001000000000000000000000100000000000100000000000000000000000000000010000010000000001000010000010000000001
100000000000000010100000000000000000010000000000000000000000000000010000000011000000001000000000100000000000000000000000
000000000000000010000000000000100001000000000100000010000000000000000000000000000100000000000000000000000000000000000010
000000000000100000100010000000000000000000000000001000000000000000000000001000000001000010011000010000100000001010000010
010100000100010000000000000000000000100001000000010010001000010000000010000000010000000000000000000000001000000000000000
000000000000000000000000000110000001000010001101001000100000010000000000000000000000000100100000000010100110010010000000
010000000010000000000000000000000000000000000000101000000000000001000000000000000100000100000000000000000000000000100000
000000100000000000100100000000000001000010000000000010000000000110000000000000000000000000000000000000000000000100000100
000100010000000000010000100000001000000000010010000010000000000000000000000000010000010000000100001000000000001000000000
000000000000000000011100010110010100000000001011000000000010001010000010000000000000000000000000000000000000000000001100
000000010000000010100000010000001010000000100000000000000100001000000000000000000001000000000000010001000000000010100000
0 0
119 119
