125 125
00001001000000010100000000000000100000000110001000000000000000100000001000000100000110000000000000010000010000000100000010100
00000000010100000000000000000000000000000000000000000000000000100000000010010000010000000100000001000000000010000000000000000
00000001000000000000000000000000000000000001000000000000000001000000000100000000000000010000000000000100010000000000000000000
00000000000001000000010000001000000000000000010000000000000000000000000000000000010000000000000000000000000100000000000000000
00000000010100000000101000001000000000000001000000000000000000000100001000000000000000000000100000001001000000000000100000000
00000010000000000000000000000000001011000101000100000000000011010000000000100000000100100000000010000000000100000000010000000
00000000000100000000100000010000000000001000000000001000000010010000000000101000010110100000000010000000000100000100001100000
00000001100010000000100000000000010000001000000000100000000000000000010000111000000000000000000000000000011000000000001000000
00001000000000000100110100000000000000000010100000100000001000010000000000000011000000000000100000000000000001010000000110000
10000000000000001000000000000000000000000000000000000000000000000000000100000000000100000000000000000000000100000000000000000
00000000000000000100100000000000000000000010000000000100100000000010000100001000000000000000000010000000010000000000000000000
10000000010000000000000000000000001000100000000000100001010000000001100001001000100000100000000000000010010000100000000000000
00000000000000100001000001000000000000000100000000000000000000000001100000000000000000001001000101010000010000011000000010000
00010101000000000000000000100000000000000000000110000000010000000000000000001001000100000000000100000000000000010000000000000
00001000100000001001001000100000010100000000001000010000000000000000000000101001000000000000000101000000000100000000000000100
00000000000001011100000000000000000000110100000000010000000000000000100000000000000000000000000010000000100101010000000010000
00000000000000000000000000000000000000000000100000000000000010000000000000000000000000000101000000000000000000000000000000100
00000000000000000000100100001000100100000000000000000000000000000000010000001000000010000000000000100000100000100000000000000
00000000000000010000010000000000000000000000000000010000000000000000010000000000100000000000010010000000000010000000000000000
00000000001000000000000000000000000000000000001010001000000000000000010000100000000100000000100000000000000010000000000000010
00000000000000000100010000000000000010010100000000000000010000000010000000000000000000010010000000000110000000000001000000000
00000000100000001000100000000011010100000000000011000100000000000000000001000100000010000000000000000010100001001000000000000
00110000000000000000000000100100000000000000000000000010000000010000100000000000000000001001000001010010000000010011001000100
00000000100000001000000010000011001000000000110001010100100000000000001000000010000000010000000000000010000001000000000000000
10100010000000000000000000001000000000000000000100010000000000010000001010010100000000000000000000000000100000000100010000100
00000100000000100000000000010000100000000001000000001010000000000000000000000000000000001000000000000000000000001000010000000
00000000000010100001000000000001001000000100100001010000000000000000001100000011000000000010000000000000000000000011000000000
00000000011000000010010000000000000010001000000000000000000000000010001100000100000000000001000010000100010000000000001000000
00000000000000000000011001000001010000000000000000010000000000000000000000000000000000000000010000000000001000000000000000010
00000000000000000000000000100000100001100001000000100000010000000010001000000000111000000000000100000000000000000000110000011
00000000000000000000000001000000000000000001000000000010000000000000000001000000000000000110000101000000001000000000000000011
00000000000100000110000000000110000000000100010010000000011000000000000001000000010100000000010001000000000000100000010000000
00001000000011000000000000000101000000000000000000101000000000100000000000010001000100100000000001000000000000000000001000000
00000100000000000110100000000000000000000000000000000000000000100000000000000000000010000000000000000011000000010000000000000
00000011000000000000100000000000000000010000000000001010000000000000100000000001000100000000010001001000000000000001010000000
00010000100000000000100010000000000000000000110101000100000010000000000000000000001000000000000000000101000100000000001000100
00000000000000001010000000000100001000000000001000000000000001000000000000000000000001000100000000000000000100000100000000000
00001000101000000100000000000000100000110000000000000000000000100000010101000000100000000000000000000000000000000000000100000
00000000000000100100000000000000000100000000010010000110010000000000000000000000010000000000000010100001000000001010001101000
00000100010000000000000000000000000000000100000010000000000000100001000000000000000000000001000000000000000000000000000000000
00000000100000010000001000100000000000000001000001010000000000000010000000000000000000000000000100000000000000000000001101000
00100000001000000000000000000000100010000000000000000000001000100000000000000000000000010000000000000110000000000000001100000
00000000001000010000000001000000000000000000000000000000000000000000000000100000000000000000000000001000000100010001001000010
00000000000100010000000100000000100000000000000001000001100001100000011010000000100000000000000000000000010000000100100000000
00000000000000100000000000000000100000000100000100000000000000000010001100000010000000010001000000000000000000001100000000100
00000010000000000000000000000000000100100000010000000000100000000000000000001000000000001001000000000000000000000000000000100
10010000000000000000100000000000000000000000000000000000000010000000000000000000000000001010000000000000000000000100000000100
10000000000000000000010001100010000000000000000010000000000000000000000000000000000000000000000000011000000010001010100000000
00000000000001000000001000000010000100000000000000000000000000011001000010000001000010000000000000000000000000000000000000000
00010000000000010000000000000000100000011000000000000000000000000000000000000000010000000000000100000000101000000000000000000
01100100000000001110000000010000100000000000000010000000100000000000000000000000000000000000000000100000000000000001000000000
00000100010000000000000000000001001011001000001000010000000000000000010000000000000011000000000000000000000000000100000000000
01001000000010000000000000000000000000000100001000000000000000000000000000000000000000000001000001000000000000100000000000000
00000000000000000000001000000000001000000000000000000010000100000000000000000000000101000000000010010010000100000001100000000
01000000010000000001000000010000100001000000000000000000001000000000010000000100000000000000000010100000000000001000001000100
00000000000000001000000000000000000000000010000110000000101000000100000000001001000000101100000000000000000000000001000000000
00001000010000000000000000000000010000100000001000000000000001000001000000101000000000100000000100000010000000000000000000010
00100000000000000000000001000000100000001000000001000000000000010000000001000000000000000000000000000000000000010000000000100
10000000000000000000010000000100000000100001000000000000000000000000000000000010010000000000000000000000000000000011000000000
00000000000000000000000100010100000010000000000000000000000000000000000000010001000000000100000000000001001000000000001000000
00100000000000000000000000000000100000000000010000001000000000000000000000000000000000000000010000100000000000000000100000000
01010000001000000000000100000000000000000010000000000000000000000000110000000000000000000000001000000000000000010000000110010
10000010000000000110001000000000000000001000100000000000000000100000110000000010000000000000000000000000010000000000000000000
00100000000000000000100000011000100000000000000100000100000001000000000000000000001001000000000010000000000000000001000001000
00001000000000000000001000000000000000000000000000000000000010000000000011000100000000000000100000100000000000001010001000000
01000000010000000000000000000000000001000000001000000000000000000000100000100000000000000000000010000000000000000000000010010
00101000100010001000000000000001000000000000010000000000000000000001000000000101000000000000000101010000100000010000000100000
00000000100000100000010000000000000001100100000000000000000001000000001000000000000000000000000000000000000000000100000000000
00000000000100100100011100000010010000000000000000000000000000010100000000000010000100000001000000000000000000000001000000000
01000010000000000010010000010000000100000000000000000000000000001001000000000000000000000010000000000000000000000110000000000
10000010000000000100001001000000011000000001000000001000000000000000000010000100001000110000000000001100000000000000000000000
01011000000000000011000000000000000001000000000000000000000001100001100000000000001000000000111000000110000000000101010000000
00000001100000000000010000000000000000010000000110000000010001010000100000000010010000100000000000000000000000000000001000110
00000000000100000000000000000000110000000000000000000000000000011000010001000010000001010000000000000000000000000010101000010
00000000110100110000000000000000000000000000000000010000100000000000011000000000000000000000000001001000000001000000000000000
01001011100000000000000000000011000001001000100100100000010000000000000100000001000000000001100000000000000010000001000000000
00000000000000000000010000000000100000100000000000100000000000001000000000001100001000000000000000000000000000000111001000000
00000000000000000000010000000001000000001000000000010000000000000010000100010010010000000000000000000000000000000000000000000
00010000100010000010001000000010000000000100000001000000000000010000000000000000110000001000000000000000010000101000000000000
01000000000000010000000000000000000010000000000000100000100000000001000010000000000001000001000000000000000010000000000000010
00000000000100000000001010010000001000010000000000000100010000000000000000001000000000000000010000000010000000000100001000000
01000010000010000000000000000000000000000000100100000000100000000000100010010000000000000000001000000000000000000000000000010
00001000000100000000000000000000000000010000010000000000000000000000000000000000000000000010000100100000001100000000101000000
00001000101000100000100000000000000000010000000000000000000000000000100000000000000000000000000000000000011010000000000010000
00001000000000000000000100010000000000000000000000100000000000000000110100000000000100000000000000000000100100100000000000001
10000000010000000000000000100000010000000000000010000111100100000000000000100010000000010010100000001000000000000000000000000
01000000000000000000000001000000000000000010000000000000000000000010000010000000000000000110100000000000000001000000110000000
00100100000000000000010010000001000000100000100000000000000000000010000000000000100000000010100000000100000000000000000000000
00000000100000100000000010000000000000000000010000001000100100000010000010000000001000000000010000000000000000000000000010000
10000000000010000000000000000000000000000000000000000000000010000000101001010000000101000011000000000000010010000000000000000
01000001000000000000001000000000010000000010000000000010000001000000100000100000000000000000100000000001000100000000001000000
00000000000001000001001000000000000000000001000000000000010000000000000000000000001000000000000000000000000001000000000010000
00000010010000001001000001010000000000100001000000000001000000000001000000100001000000010001010010000000000000001000000000000
00000000000000001000001000000000100000010001000001000000000000001001001000000000000000001010000000000100000010000100001001000
10000000000000000000000000000000010001000000010000000000000000110101000000000000000100000001101100000000001000000010000000000
00000001011000010010000010010100000010000000000000000010000000000000000000000000101000000000000000000000000100000000000000000
00000000010100000001101000000000100000001100000000000000000000010000100000000000000000100001000000000000000000000100001000000
00010000100000000001000000000001010000000000000000000000000000000000000000000000000000100001000000000010001000000000000000000
00000000000000101100000000000100000000000000000000000001000000000000000100000000010000000000000000010000100000000000000010000
00001010000000101000000000000000010000000000001000000000000010000100000000000011000000000011000000000100000000000000000000000
00000000100000000000010000000000000000000010000000000000000000000000000000100001100010000100010011010000000000100000001000000
00000000000000001010010000000000000000000000000000001101000000000001000000110000000000000000000000000001000000000000001000000
00000000010000000000000000100000001000000000001000000000000000000000000000000010000000001000000000000001000000000000000000000
00000000000001100000000000000000100000001000000000000001000000100000000001000000000000000000000000010000000000000000100000000
00000000000110000000000000001100010000000000000000001000010000000001000000000000000001000010000000000001110000001000000000000
00000000000000100000000000000000000001000010001000000100001100000000100000000000000000000000000101000000000000010000000000000
00000001000001000000000001010000010000010000000000000000000100000001000000000000000000000000011000000000000000000000000001000
10000001100000110000000000010000000000000000000000000000000000000000000100000000000000000000100000010010000001000000000000000
00100001000000000000000000000000000100000000000000000000000001001000000000010011000100000000000010010000000000000001000001000
11000000000000000001000000000000000100000000010000001000000000010000010010000000000000000001001000000000000000000000000000000
01000000000000000100001000000000000000001000010000000000000000000000000010000000000000000000000010000100000000001000000100000
00110100000100000000000010000000000001000000000000000000000000100000001010000010000000000010000000000010000000100000000001000
00000000000000000001000000000000000000010100000000000010000000000000000001010000000000000000010000000010100000000000000000000
00000000001110000000000000000000100000010000000000010000000000010000000000100000000100000000000000000000000000100000100000000
10100010110000001000000001000000100000000001100000000000000000000000000110000000000000000000000001000000000011000000000000000
01000000000000000100000000000100000000000000001000000000100000000000001100000001100000000000000000000000100011100010010000000
00100000010000000000000000000000000100000000000000101000000001000000110000000000000000000100000000000001000000000000000000000
00000001100100000000000000000000000000100010000100000000000000000000000000000000000000000000001000001001000000100000000000000
00000000000000000000000000001000000000000000000001100010000000000000000000001000000000000000000100000000000000000000100001000
00000000000010000000000110000000000000000000000000000010001001000000000100000000000100000000000001000000000000000100000000010
00000000000000001000010000000010000001000010000010010000100000001000000000000000000000000000000000000000000000000000000000000
00000000000100000000000000001000100000000000000011000000001000001000000100000000000000100000000100001000000000000100011000010
00000000000000000000010010000011000000000000000011000001001100010001000010001001010000000010010100000000000000100000100000000
00010001000000000000000000010010000000000000000100000000000101000100010011000000000000000000000001000000010000001000000000000
00100000000010000000000000000000001000000000000000000000011010000100000000000000000100001100001000000000000010000000001000000
0 0
124 124
