130 130
0000000000000010000110000000000000010000000000000000010100000000000000010010100000000000011100000000001000000000000000101001110000
0000000000001000000100000000001010000000001000000000000000000100001000010000000000000100000000000000010000000100001001000000000000
0000000000001001000000100000000100000000000010000000010000000000000000010000100000010000001000000000000001000000000000000000000000
0110000000000000000100001000000000000110000000000001000000000001001001000100001100000000000000001000000000000011000101000000000000
0000000000000000010010000000001000010000110000000000000001000010000000000001000000000000100000000000100100000010000000000000100000
0000000000010000001000000000000000000010000000001000000000000000000011000010100000010000000000010000010100000000000100000000001000
0001000000000001000000000001100000000000000000000000000000010000010000000000000000000000000000000000000010110000000000010000000000
0010000000010000000000000000000000000000000000000000000000000000000000000010000010000110100000000000100000000000000000000000000000
0001000000001100000000101000010000000000000000100100000000000000000100000000000000000001000000000000000000001010000000000000000000
1000000000000100000100100000000100010000000000100000000000010001000000010000000100000000000010000000000000100010000010010000000000
0000000000001000001000000000010000000000000000000000000001001000010000010000000000001010000000000000000000000100000000000010000000
0010101000001100001000100000000010000000000000000000000000000000000011010000000000000000000000000000000000000001000000000000011100
0000000000010000000000000000000000000000000001001000000100000000000001000000000000000000001000000000100000010000000100010000000000
0000000000000000101100000000000000000000000000000000001000000100100000000000010010000000000000001000000000010100000000000000001000
0000010010000100000000000000000000000000000000000000001001000000000000000000000000010001000100000000100000100000000000000100000000
0000010000000000100000000000000000100000000010000100000001000000000001000001000000000010000000000000000000000001000100000011100000
0100000100000001000001000000000010000000000000100000000000000000001000010010000001010000010010000000000000001100000001000000000000
0000010000000000000000100000010000000000000000110000000000001000001000000100000000000000000000100000100010000000010000001000000100
0000000000000010000000100000100000000000001001100100000000010000001001000001000000010000000010000000000000100000001000100010000100
0000001010000010000000000000000100010000000000010000000000000000010000100000000000000000000010100000010000000000000000000000000000
0000000000000010000000000000000000000001000000000100001000010000100000000000100010000001000000000000000100000000000001111000000011
0000000010000000000000000000000000000000000000000100000000000000000000000000000100001000000000000000000000000000001000000000000000
0000000001000000000000000000000001000000001000010000000100000000100010000000000000100000000000000100000000000000000001100000000000
0000000100000000000100000000000000010010000000000000000000000000000000000000010000000011000000001100001100100000000000000110000100
0000000100000100000100000000000000000100000000000000000001000000010100000000000010000000000001000000000000000000001100000000000000
0000000001000000100000000000011000000000000000000000000000000000000011000000000001000100110001100000000000000000000000000000000100
1000000000000000010001000010000000000000000000000000000000001000000000000001010000100000000000000000000000010000100000000000000000
0000000000000001000000000000001000000000001001000000000000100000010000001000000100000000000000000000000000000000000000000000000001
0000000001000000010000000000000000000000000000000000101000000000100000000000010000010000000000000000000000010000000000000100000000
0000000000000010000000000100000000000000000000000000000000000000000000000010000010000000000000000010000000000001000000000000000010
0010000000000000000001000001011100000001001000000100000010000000000000000000000010000000000000000000000100000000000000000100000000
0101000000110100000000000000000000000010000001000000000000100000000000000000010010000000000000001000000001011000000000000001010000
0001000000000000000000000100000000000000000100000000001000000000000000000000010100000010000000000010000000000000100000100000000011
0000001000000001010010000001000001000000010000100000010000000000000000000100000000000000000000100000000000000101001000000000000000
0100000000000000000010000000000100010000000000010000000000000000000000000000000000000000000100001000000000000000010000000000000000
0000010000000000000000000000000000000000000000000010010000001100000000000010011000000000000000000010000000000000000000000000001010
0000000000100000000000000000000000010000000000000000000000000000010000000000001001000000000000000000000010000000100000000000000000
1010000000000000000011100000000100000000000000000000000000000000000000010000000000000011000000000000000001000000000000100000000000
0001000001100000000000000000000001000001100000110000000100000000110000001000000000000000000010000000000000001000000000000000000010
0000000010000011000000000000000000000000010000000000000010000000010000000000000110000000000000000000000100000000100000000100000000
0000000000000000001000000100010000000000001000000000000000000000000000010000010010100000100000100110000001100000000000000010000010
0000000000000000000000000100000000001000000100000000001100000000000000000000000000000100000100001101000000000000100000000000000000
1000000100000000011000100000000000000010000000000110000101000000000100000000000000000000000000010000000000000000000000000000001000
0000001000010000000001000001000010000000001000000100000000000000000000000000000000000011000000000001000000010001000000000010000000
0100000100000001000000000000000000000010000010000000000000001000000010100000000000000000000000000010000000000000010100010000000000
0000010000000000000000010000000010000000000000100000000010110000000010000000000000010001000000000000000000101000000000001000000000
0000000000000000000000001000001010000100010010000000000010000000000000000000000001000000000000000001010000000000000000010010000000
0000000000000000000000000100010000000000000000000000000000001000000000010000000000000010001000000000000100001100000000000000000000
0000000000000000100010000100000000000010010000000000000000000110000000000100100000000010000001000000101000000001000100000000000000
0000000100000000001000000000000000000010100000000000000000010000000000000100000000000000000000000001000000000100000000010000000000
0000000000001000000000010000000100000000000100000000000000100000001000000101010000000000100000000000000000000000001000000000000000
0101000000110000001000001000000000000000100000000010000100100010000000000100000000000000000000000000000000000000000010100000000000
0000000000000000000000000001000000000001001000101000000000000000001001100001000100000000000000000000000000000010000010000000001000
0000000000000000100001000010100000000000000000000000000000001000000000001000000100000010000000000000000000000000000000001000000000
1000000000010100000010000010000000000000000010000000010000010010000010001000101000001000000000000000000000100000000000100010000000
1000000010000000000000000000000000000011000000010110001100000000000000000001000010000001000010000100000000100001000001000000001000
0000000100000000000000010000000000000011101000000000000000000000000000010000000000000000010000000000000000000000100000000000100100
0000001000001000000100000000000000000000001110000000000000000000000000000001100000001000000000010000010001000000000010000100100000
1100000100011000010000000000000000000000000011000000000000000010000000000000001000000000000000000000000000000001100000000000000000
0000000000000000010000010001000000000000011000000000000000000000101000010000000000010100000100100010000000010100000000000010000000
0000010101010001100000000000000001000000000000000000000100000000000101001000000000000000100000000001000001010000010000000000000010
0010001000000000001000000000000010000001000000000000000000000000000000010100000010000000000010000000001001001100000001000000100000
0001010000000000000011000000010000000001000100000100010000000000000000000011000000000001010010010000000000000000000000000000000000
0000000000001101000000000110000010000000000000000100000000001000000000000000000010000000000000000000000000000100010000000000000010
0000001000001000000000100011000000000000000001000000010000000000000110010000000000000000000000000000000100000001000000000010000000
1110100000000000000000000001000001010000000100101000001100000000100000000010010000000000001000000000000000000000000000000001000000
0000000000000010000000010010010000000010000000000000000000000000000000000000001000010000101000010000000010010010100010000000001000
0110010000000100000000100010000000001010000000000000000000000001000000000100000000010000000000000010000000010010000000000000000000
0000000000000000010000000000000001000000000000000000100000010000010000000000000000000000100000000000001000000000000000000000000000
0000010000110000100000000000011000000000000000000010000001100001000001000000000010000000100000000000000000001000001000000100010000
0000000000000000011000000000100001000010000000000000000000000000000000000000000000001000100000000000000000000000000000100000000000
0000000010100000000000010000000000000000000000000000001000000000001000000000000000000000000000000000000000000000000000000000000000
0010000001001001000100001000100000000100000000100000000010000011000000000010000000100000000000000000000000000000010100000000100000
0010000000000000000000001000000000000000000000000000000000000010000000000000000000100000000001000000010000010000000101000000000001
1000001001000000000000100000001000000000000000000000000000000000000000000001000100000000000110001000000010000000000000000000000000
0001000000000000001000000000000000000001100000100000101000000000000010000100000000000000000000000000100000000000000000100000001000
0001000000000000000000000010000000000000010000000000000011000000000000000000000001000000000001010000000010000000010000000000000000
0000000011000100100000001000000000000001000000000000000000000010000000000100000000010001100000000000000000001000000000000000000100
0100001000001000000000000011000000100000000000110000100000000000011000001000000000000000000000000000000000100000000000001001011001
0000000000001000000000110000001000000000000000000001000101000000000000010000000000100000011010010000000000000010000000000000010000
0000000000001000000001001100000000000000000100010000000100000001000100000000000000000000000000000010000001010000010000000001000001
0000000101000100000000000000000000001000100000000000000000000000010000000000100000000000000100001010000000000001000010000000100000
0000001000000000000100000000000000100000000000001000001010100000000100000100000000010100000000000010000000000010100000001000011000
0000100000000000010100000000000001000000100000000100000000010000011001000000100000100001000000000110000000000001000000101010010000
0000000000110001000000010001000000001001000000000000000000000000000000000000010000000000000010000100000000000000000000000000000010
0000000010000110000001000000000000011000000000100100000000000000000000000000100000000000010000000101000010000000010000000000000000
0000000000000000000000100000000000000000000000001100000000000010000001001000000000000000001000000000000000000100010100000000100010
0100000000010000000000000000000000000000000000001100000000000000000000001000000001000000000000000110000000000000000000000001001000
0000000000010000110000100010000000110000000000000000000000000000000000000000000000001000100000000010010001000011011000001100100000
0000000000110100100001000000000000000000000000000000100100000011000001000010010000000000000000000100000000000000000001000100100000
0100000000000000000000000001000000100000010000000010000000000010000010000000100100010000000000000000000000000000001000000000010010
0000000000000000010000110000000000000000000000010000010000010000001000101000000000001000000000000000000001000000000000000000000001
0000000000000000000100000000000000000000000001000000000000000000000100000000001000000000100010000000010000000000000000100000000001
0000100100000000000010000000000000000000100000010000001000000000000000000000000000010000000000100100000010000000001000000000000000
0000001010000000000010000000000000000000001000000000000000000000000010000000000000000000000010010000000000001000000000000000000000
0000000001000000000000000000000000100100000000000000010000000000000000011000010001010000000100010000000000000000000000000001000000
0000000000000000000000001100000001100001000000000000000000100100000000000000010000000000000001000100000000100000000000000100000000
0000000000001000000000000000000000000010000000000001010000001011100001000100100000000000000000010001010000000000000100000000000000
0000000000000010000010000001001000100000010000000100001000000000000000000000000000100000000001000000000100000001000000100010000010
0000000000001010000000000000000000000001000100000000000100000010000000000000000001000000000000000000000000000000000000000000000001
0000000100000000000000110010000100001000000001000000000010000000000000000000001101000000000100010000000000000000000100000000000100
0000001100000100001001000000000000010000000000000000000000000000000000000000000000000000000000000000000000000000000010100000000000
0000001001000000001000000000000000000000001000000000000100000010010010000010000001000100000000100000000000000000000000000000000000
0000000000000000000000001000000000000000000000000001000000000000000100000011000000100000000000000000000000000100000000000100000000
0001000000000000000000000000000000010000000000000000000000000100011000000000000000000000000000001000000000001000000000000000000000
0000000000001000001000000000000000010000100001000000000000000000000010010000000000000010000000010100001000000000100000100100000000
0000000000000000000000100100000000000010000000000000100000000010100000000000000000000000001010010000010000000000000001000000001000
0000001000000000100010000000000000000000000000000010000100000000000000001010000000000000100010000000000000000000000000000000000000
1100001010001000100000000000000010001000000000010000000000000000100110000100000000000000000000010010000000000000010000000000000000
0000000010000010000000000100000010000000000000000010000010000000000000001000000000000000010100001000010000001000100000001100010000
0001000000010000000000010000000000000000000010000100000010000000010000000000000000000000000000000100000000001000000000000100000000
0000100010001001001000000000000100000000000110000010101000000000000000000000000000001000000000000010100000001000100101010000000000
0000000000000011000001000000000000001101000000100101000010000000000000010000000000000100100000000000001000000000100000000000000000
0010001000000001000000000010001100100000000100000000000000001000000000110000000000000000000100000000000010000000000000000101000000
1000000000000000000000000000000000000100101000001000000000000000000000110000100000100000000000010001000001000000110010000000000000
0000100000000001010000000000000000000000000001000000010010011100000000000001000000000000000000001000000001100000010000100100000001
0000001000100000000000000100000000000000000000000001001000000001000000010000000000010010010010001000000010010000001000000000000000
0001110000001010000001001000100001000000000000000100000000000001000000000010000000000001000001010000100000000000000000000001000000
0000101100000000010100101000001000000001000100000001000000000000010001000100010000010000010000000100000001000000000000000000000000
0000000000000000010010001000000000000010100011000100001000000000000100000000000001000100000000000000000000000000000000000000000000
1000000100000000000100000001000100000000000000100000000000001000010001000000001000000000000000001000010010000000001000000000000000
1010000000000000000001000000000001000000100000000000000000000000101010001000000000000001000000100000000000010000010000000000000100
0000000100000001000000000000000010001000000000000100000000010000000100000000000000001000100001000001000000000000000000000000000000
0000000000001000001001000100000000101000000001000000001001100000000100010000000100000010011000100000000000100110001000100000100001
0001000000000000001000000000000001000000001010100001001001001000000010000000000000000000000000000001000000100011000000000000000000
0000000000000000000100000011000000000000000000000000100000000100001000000000000100000101000010000000100010010000010000000000000010
0000000000000000000011000000000100001000000010000000100000000100000000000000000110000001001001000000110000000000010000000000001000
0000000000111100000100000000010001001000000100000010000000000000000000000000110010010000000000000000000000100000000001000000010101
0000000000000000000000000000011000100000000000010000000000010001001000010000000000000000000000101101000000000110000001000000000100
0000000010000000000000000000000010000000000000010100000000000000000000000000010000000000000000000011000000000000000000000000000000
0 0
129 129
