135 135
000000000000000110000000000001000001001000000000000000000000000000000000010000000000000000000000000001000000000000000000000000000000001
000000000100000010000000001100000000100100001000000000010001000000000000000000000000100000000000000000000100000000000001000000000000010
000000001000000000000101000000000001001110001010000000000000000100000010100000000000001001001000100100000000000000010000010000000101000
000000000000000000000000100000000000000000000000000000011010010000001000000000000100000100000000011000000000101000000000000000000001000
000100000000010001000000000100000000101000010001001000010000000000000001000001000000000000001000001000010000000000000000001000000000010
100000000000010000000010000001000000000101000000000000010000000000010000000000110101000000000000000110000001000000000000000000000000000
000000000000000010001000000000000000000000000000000000000000000000000000010011000000010100000000000001000001000000000010001001010010000
000000101000000000000000000010000000000000000000000010000001000000000000000001000000100000000000000000010100011000000000010000000000000
010000000000000000000100100000000000001100000000000000000010100000100001000000000000000101000000000010000010000000100000000010010000000
000010000000001000000000000000000000000001000000000000101000001000010000100000000010000000010000000100000000100100000000000010000010000
000001000000000000010010001010010000000000000000000000000000100001000000000001100000000000000000000000000000100000000000000000100010000
000100000000000000000000000000100000000000000000000011010000000010000000100000000000000010000100000000000001001000000000000000000000000
000000000001000000000001000100000000000000000000100100100100000000000000100000100000000000010000000100001010000000000000000001000000110
100000100000000000000000000000001000001000000000100000000000000000000000000000001000000100000001000000000010000010000010000001000000100
000100000001000000000010000001000000000000000001100000000000000000100000000100000000000100000000010100000000000000000100001000000000000
000000000000000000010001000000010000000000000000000000100000000010000100001001000000000000000000000000000011000000000000000011000000000
000000000000000000000101000110000000000000000100001001000000000000000000000000000000000000010000000000000001001000000000000000000000000
000000000000000000000001011001000000000000010000010000000000000000000000000000000000000000000100100000000011000000000000000100000010000
110001000000000000000001010000100000100000010010000000000100000000010100000000000000000100000001000000000000000000000000001000000011000
010000000000000010000000110000000100001001000010000010001000110000000000000010000000000000100100000000001010000100000001100000000000000
100010000010000000010000000001100000010000000000000000100000010000000100100000000000000001001100000000000000000000000110001000001100000
000100000000000000000100001000000000010000000000100000000000000000000010000001000000000000000100000001000001001000000100000000000000000
001000010000000000000000000101000000001000000000000001000000100000000000000000000000011000000001000000000001000000000000000000100000000
000000001100000000001000000000001000000100000000010100000100000000000000100010000000010000010000000001010000000000010000100000000000000
000000000000010000000000000000000000000001000110000010000000000000000000000000000100000000000001010000100000000100000010000000010001000
001000010100000110010000000000000010000000000000000000000010000100000000010000000000000100110000010000000000001000000010000001000010000
000000000010000000010000000000000000001000010010000100001000010000000000000000001000000011010000101000000000000000000000000000000000010
000000000001000010001000000000000100011000100100000000100000001000010000000000000010010000000000010100000000000000000001000000001000010
110000000000010000010000001000100001000010000000000001000101100010000001000000000000100011000000000010000000000100001000000000000000000
000100000001000000000001100000100000000000000000010000000101000000100001000000000000000000000000000100000000000000000000000000100000001
000000000000001000000000000000111000000000000000000001000000000100000010000000000000000000000000010100000000000010100000000100000001000
100000000000000100000100000000001000000000000000000000000000000000000000010001000000000000001000000000100000000000000100000100000000000
010000000000000000000000100000100001000000000010001000000000000000000000000000000000100100000000000000000000000000000000000000100001000
001000000001000010100000000000000000000000010000000000000000000100000000000000000000000000000000000000000000000001000000000000000000010
000000000100000000000000000001001000000000000010000000010100001010000000000001000000000010100000000000000000001111000000000001000000000
010101000001000001101000000000000000000000000000000000000100100000000001010000000000100000000000010000100010000001000000100000000100000
111000010100010000001000000000000000000000000000000000000100010100100010000000001010000000000000000000000000000001010000000000000000000
000100000000100101000000000000000100001000000000000000100000000010001000110000000000100000000000000000000000000000000001010100000000000
000010000000000000000011000010100000000100000101000000000000000000100000000000000010100000010100010000000110000010000001000100000010010
000001000000000000000000011100000000000000000000000000000100000011000100000000000000000000000000010010000001000010000100000000000001000
000000000000000000001000000000000000000100000000100000000000000000100000010001000000000000100000000000000000000010000000000000000000000
001000000000010100100000110000010000000000000000000001010000100000010000000100010000100001010000100000000001000000000000000000001000100
000000000000000000000000000000001000000110000000000100000100000001000000000000000000000010000000000000000000000001010000000000000000000
100100010000000001100000000100000001000000000101000100001000000010000001000000000010000001000000000000000001000000000000000000000000100
000001000000110100001000000000001000010000000010000000000000000000000000000000000000001010000000000000010000000000000000100000000000000
001010101010000000011000000000000000010010000000110100010000000000000000010001000010000010001000000101000000000110001000000000010000000
000000100000010000000000000100000000000000000000000000001000000101000000100000000010000100000000000001000100000000001110010000110000000
110000001001000000000000000001100010000000000001000100000011001000100100000001000000000001000000000000000000000000010001000010000000000
000000000000010001000100000101000000000000010000100001000000010000000001000000111000000000000000000000000000001000000000110000100000000
010000000000000000000001000000000000000000000000000010000000000000010000000001000000010000000110000000100000000010000000000100000001000
000000000000100000000010000000000011000000000000000000000000000000000000000000000000000000000000010000000000100000101000100000000000010
000100001000000000000001000000001000000000000000100000000000000000000000000000000000010000001000000000000000000000000010000100000000000
101010000000000001000000000000000000010000010000000001010011001000000000010000000100000000010000100100000000100000001000100000000000000
000000000000000001000000000100001000000000000000000000000001100000000000000000000010000110001000000000000000100001000100000000000000000
100000000000101000000000000000000000000000000000100000000000000000100000000000000000000010000100000001000100011000000000001000000000010
000000000000000000000001000000000000000000000000000100000000000000000000000000000000000100010000000000100000001000000000000000000010000
000000000000000010001000000000000001000000000000000000000000000000000100000000000000000000010000000000100000000000000000000000010101000
000000000000000000001000000000000010000000000000010000000000000000000000000000100000000000000000000000001000000000010000000100000000000
100001000000000000000000000000000000000010010001000000000101100000010000000000000001011010000100010000001001000001000000001010000000000
000000000000001000010000000000011100000100000010000000000000100000001000000000000000001110010000000000000100000000000000010100000000000
000000000000000000000001100010100000001000000011000000000100000100000000001000000000000000000000000001001000000000000000000000000000000
000000000000000000000000100100100001001000000001000000000010000001101000010000000001000000000001000000000000000010000011000000000000001
000000000000100000101000000001000000000010000000000000000000000000000000011000000000100000000000000000000000000010000000000000000000000
000000010000010000000100100000000001000000010000000000001010000000000000000101000000000000000000000000001000010000000000000000000000000
000000100000000000000000000000000010101010000000000000011000000000000100000100000101000010000000010000000010001000000000110000010000100
000000000000000000001000000000000000010000010100110000000000000000000000100100011010000001000000000001000001011110100000001010000000000
100001010000000000000000000110100000000000000000000000100000000000100000000000000100000001001000000000000000000000000010100000000010000
000000000000000000000000000000110000100000000000000000000000000000000000000000011000000100000000000100000001000000000000000000100010000
000000000000000000000000100000000010000001000000100000000001000000110000000000000000000100100000000001001000000000010000000000100000000
001000000000000000100000000000000001100100000000000000100000000000000000110100001000000000000000001000000000000000000010001010000000000
000110000010000000000000010001000000000001001000000000000000000000000100000000010001000001010010000010000000010011100010000010010000000
000000000001000000000000000010000000000000000000000000100000000001000000000000101000000000000000000000000100000000000100000000000000000
000000010000000010000001000010001001000000000000010000000000001000000010001000000100001000000000000000000100100000000001000000000000000
000001100000000000000001000000000010000000000000010100000000101000000010000000000000001000000000000000010000000000000000000000000100000
000000000000000000000000000000000000010000000000000000010000010000000100000000000110000000010000000000000000000001010000010000000000000
001010001000000000010100000110001000000000000000000000000010000010000000000000000000010000100000000010000000000000110000010000000010000
010000000000000100000000000000000000000000100000001000010000000000000000010000000000000000000000000000100100000000010000000000100010000
000000110000010000000000000000000000000001000000001000000000000000100010000001001000000000001011100000000000001100100101000000000000000
000010000000000000000100000000100000000000001000000000000000100000001100000001000000001000001000101001000000110000010001000000100010100
000000110000000000001000000000100000000000100000000000000011100000000000000000000000010000000000000000000000000100000000000000000100000
000010001100000000100001000000000000000010001100000000010000100001000001100000000001000001000000000000000010000100000100000000000100000
000000000000000000001000000000000000010001001000000000101000000000000100000000010011000000000000001000000100000000000000000001001001000
000000100000000000010000000000000100000000100000010001000100000000000000000000000101100001000000000000010000000001000000000010000000000
000001000000000000000000010000000000000000001000000000000000000000000000000100000001000000000000000000100000000000000000000100000001000
000000000000000000100000000000000000000010010000000000000001001000000000000101000000100001000000000000000000000000000000010000000000000
000000000001000001010100000000000000000000000000010000000000000010100010000000000000000000000010000000000010000010010010000000000000000
000001100000000000000000000000000000000100010000000000100000001000000000000000000000010000000010000001010100110000000000110000010000000
000101100000000000000000000000100000000000100010000001000000001000010000000000100000000000001100100000000000001000000000000000010000100
000000000000001000001000000000000000000000000000000000010000000000001000010001000000000010000000000110000000000000000000000100000000001
000000010001000000100010000000000000100000000000001110000000001000000000000010010000100001000000000010001000000000000000000000000000000
010000000000000000000001000000000000000000000000001000100000000000000001000000000100000000000000001000000000000100100000000000010100101
000001100000100110100000001000100000000000000000000000100000000000100000000010000000000000000000000000000000000000000000000000000000001
000100000000000000000000000000010000000000000000000000001000000000010100000000000000000000000000000010100000000000000100000000000000010
010000000000000000000000010100010000000000000001000000000010001100101000000000010000100000000000100000000001000010010001000000000000000
000000000000000001000000000000000000000000000001000000001000001000001000001000100100000010001000001000010000000001000000010000000000000
000000000001010000010000000001100000100000001000000000010000000000001000000000100010100000000000100000000010000000010000000000001000000
000000100000000000000000100000000000000000000100000000000000000000000000000000000010000001000000000000000000100000100000001010000010110
000010000001000010000000000000000000000000000000001000000000000000000000000100000000000000000000000000000101001000000000000100000011000
000101000000010100000000100000000000000000010000000000000001000000000000000000000000001000000000000000000000000000000010000001001100001
000000000000000100010000001000000100000000000010000001000000000000000000000000000000000101000000000000000000000000000100000000000000101
000000000000000000001000000100000101000000000000000000000000000000001110000001010000000000000000010000000010001100011100000100000000000
100000001000100000000100000010000101001000000000100010011100000000000000000000000000000000000100100000001000000000000000001001000000000
000000000000000000011000000000001110000000000010000000000000000000000010000001000100110000100100010100000101000000000000000000001100000
000000000100000010000000000000000000110000000000001000001000000000000000000000000000000001000000000000100001000000110001000000000001000
000000000000000000000000000000100000000000000010000001001000000100000000000010000001000000000000000000010000000000011000100010000000001
000010000000010000000000000000000000000000000000010101000100000000000001011000000000000000010000000000000000010100000000001000000000000
010000000000000000000000010001000000000000000000000000000010001000000000000100000000010001010000000000000000000000001000000001000010000
000000000000001000000100000000000000000100000000010000000000000000000000100000000001000000010000010000000000000000000001000000000000000
001000000000000100100000000000000000000000000000000000000000000101000000000000001000000000000000000000000000100000010000000000000100000
000000000000000100010001110000101000000000001000000000000000010000000000000000010000000100100101000000000000000001010001001000000000000
000000000000000000100000000000000000000000000000000000000011000000000000000000000000000100000000000000010100001001000110000101000001000
000000000000000010000000001000001000000000000000000000100101000000000010000000100000000000000110100001000001000000001000000000000000000
000000100000000000000000010000000000000000000000000010100000110001000101100000000000000000100100000000010000000000001001001010100000000
100000000101000000000000000000000100000001000000000000000100000000000100000000000000000000000000001010000000000100000001000000010000000
000000001010001000000000000000000001000000000100000000000011100000000001000001001000000000001000010001001001000000010000000000001010000
000000000000000000100000000000000000000100000010000001000001000000010000000000100000000000000000100000000000000000000000000000010000110
000000001000000100000000000000000000000010000000000000010000000000000000000010000100000100000000000000000000000000100000000000000010101
000000000000000000000000000000000000001000000000000000101010000000000000000000000000000000000000000010000000000000000000000000000000000
000000010100000000000000000000011000000010000000100010000000000000000101001000000000000011000110000000000001000000000000000000000000000
000101000010000000000000000000000010000000000000000000000101000000000000000100000000010000000000000000000010101000000000000001000000000
000000000000011000000000000000000000010000000001010010100000000000100010000001000000000000000000000010000000000000000000000001000000000
000000001000000000000000000000000000000001000000001000000001000100000010000000000100100000010000000000001100101010000000000000100001000
100000000000000000000000000000000000000000000000000001000000000001000000000000000001000000000000000000000000000000100000000010000000010
100000110000000000000000000000000000010000000010000000000000010100001000000000001010000000101100000000001000000000000100000000000010000
100000000000000010000000000000000001000100000000000000100100000000000000000000010000000000000010000000000011000000000000000000000000000
100000000100000000100000000000000000001001000000010010000000000000000000100000000000000000100100000000000010000000000001000000000000000
000010000000000010000000000000000001000110000000000000000000000001000000000000000000000000000010000000000010001000001000000000000000000
000000000000000000000000000000110000010000000000000000000000000001000100000000000000000000000010000000000000000000000000000000000000010
101000000000000000100000010000000001001000010000000000000000101001010000000000000010000000000000001000001000001000010001000000000000000
000000000100000000000000100000000001011010100000100101100100000000000000101000000000101000000001000010000010000000110000000000000000010
000001000001000000000001000010000001000000000000000000000001000000000000000000001000010000000010100001000000000100000010000100000000000
000010010000000010100000000000001000000000000000000001000000000000000000000000000010100001000000010000000101110000101000000000000000000
000000110000000000000000001000000100100000101000000000000000000100101000000010000100000000100000000000000001100000010000010000000000000
000000000000000000000000000001000100100100000000000000000000000000000000000000000000001100011000001000000000000000000000000000001000010
000000000000000011000000000000000101000000001000000011000000000000000000000000001000010000000110000000000000000000000000000010000000100
0 0
134 134
