140 140
00000000000000000001000000000011111000000000100000010000000001001101000010000000000001000001001000000000100000000000000000000000000100000000
00000000000010000010000000000000000000010000000001000000000010001000000000000000001000001010100000100100000000000000000000000010000000000001
10000000000000000110000000010000100000001000000010000000000000000000001001001000000100000100000010000000010000000000010000000000000000001000
00000000001000000000100100000000000000000000000000110000000000000001000000000001000000000000000000000000000000000000101000010000000000100000
01000000110000101000000000000000000000001000100000000000000000000000100000000000010000001010110000100000000000000000100000000000000000000100
00000000000000000000000000000100000010000000000000000000010000001000000100000000000000000000000000001000000000000000000000000000000000000000
01000000000000000000000000000101001100100100001000001000100000100000100000000000010000100000000000010000000000000000000010000100000010000100
00100100000000000000000000010000000110001101000000100000000001000000000000000000001000111010000100000000010000010000000000000000000000100000
00100000000000010010000000110000000000000000010100100000000001000000100001000000010000001000000000100010000000000000000010000001000000000100
10000100000000000000000101000000000000000000010001000000000000001000000000000000000000000000001000000001000000000000001000000000000001000000
10000010000000000000000000000010000000000001000010000000000000010000000000000001000000110000000000000000000000000000010001000000101001010100
00110000000010000000000000000100000000000000010000000000001000000000000000000010000000000001001010000000000000000100000100000000000010100000
00000000100000000001000100000000001000000000000000000100010000100000000000001000000000000000001000000000100001000000000010000010010000000001
01001000000000000000000000000000100000110000000001000000001010000000000000000000000000000000000001000000000000000000010010000000000000010000
00000000000011001000000000000001010010000000000100000000101000001000100001101000000000001000000000000000100000001000010000000010100000010000
01100010000001001001000000000000000000000000000000000000000110000000000001000000010000000000000100010000000000101010010000000000000000000000
01100001000000000000000000110000000000000000000000001000000010110000000000010010000001001000000010000000010000000000000100000000000000000100
00000001100000000110000000100000000000000000000000000000100000000000010100000000000001000000000000000100000000000100000001000000000000001000
00000000000000000000000010000000100110000000001000000000000000000000000000001000100000000001000000100100000000000000000100000000000000010000
01000001000100010000010000000000000000000000000000000000000000100000000000000001000100000100100110010010000100100000011000000000000001000100
00010101010100000010000100000001001011000000100000000000000000011000000000000000100000000000000000100000000000010000000001001001000000000000
00000000000010000001100100000000100000000000000000000000000000010000001000000000001000000000100000000000000001000000000000000000000000000000
00000000001100000001000000000000000000010010001100000000000000000000000000000000000000000000000000000000000000000000001000000010010000000001
00000000100000000000000001000000010000000000000000000010010000000001000010010010000000000000010000000100000000000000000000000000000000000000
00000000001000000000001100100100000100000100000000000000000000000000100001010000011000000001000000000000000100000000000001010000000000000010
00010000000000001100000000000000000000000001000000000011000101000000000000000100000000001000000000000100000000000000000001100000001100011000
00000111000000000010000000000000010000000000000000000000001100000001000000100000000100000000000000000000000010000000000000000010000000000110
00010000010000000000001010000000101000000000000010000001001000101001000000101000101000100100000000010000000000100000000001000000100000010000
01000000010100000000000000000000000000000000000000000000000000000100010100001000000110010000000000001110000001000000000010000000000000000110
10000000000000000000000000000000000000010000000000000000000000010100000000100000000000000001000010000000000100000000000000000000000010001010
00000000010010000000000000000001010100000100000000010001000100000000001000000000000001000000000000000100100000000000000000000000000100000100
00000001100010000000000000010000000000000000000100000100001010000000010100000100000000010000101010000000000000010000000000001000000000000110
00000101000000000000100000100001000100000000000000100000001000000000000000000010000000000010000000010000000000000000000000000000001110000000
00010000000000000000010100000010100000000000000000000000000000010000000000010000000001100000000000000000000100000000000000000100000000000000
00000000010000000000100000101000000000000000000001000000000000000000000000100010000000001000001000010100000000100000010000000000001000000010
00000101000000000000000000000000000000000000000000000000000010001000000100000010000001000000000000000000000000000001100000000000000000001000
00000000000000000000000000000000000000010000000000000000000010000000000000000100000000001000000000000000001000000000010000000000000000000011
00000000110001100000000000010000011000000100000000000000010000000001100000000000000001000001010000000000000000000001000000000000100000000110
00000010000010011000000000000110000010000010000000010000011000000100100000100000000100000000000000000000000001000000000000000010000000000010
00000001000000100000000000000001000100000000000000000000000000010000000000000000000000100000010000000000000000000001000000000000000001000011
00101000000010000100000000001000000100100000000000000000010000000000000000000000100000000000000000000000010100000000000000000000010000000000
00100000000110000000000000000000000000101000000100000000000000001000000000001000000000000000000000010100000010000000000000000000000000001001
00000000000000100000000000000010010000000000010000000010010100000000000000010100100000000001000000000100010000000000000010000010000000100000
00100010000010101111000000010000000100000000001001000101100000000000001000000000000001000000000000000000000000000000000000000010001000000000
00010000010100000000100010000000001000000000000000000100000110000100000101010010000000000001000100000000000000000000010100000010000000101000
00000000001000000100000000110000000000000011000001010000000000000000010000000101000000010000010000000000000000000000000000000000000000000000
00100000000000000000000000100000000000010010010000000000000000001100000000000000000010001000100000000000000000000000000000000000001001000000
00000000010000000000010000000000000000100000000000000000100000000000000000000001001011000000010000010000010000000000000100000000000000001000
00000001001010000000000000000000000000000010000000000000010001001000000000010000100001101011000100000000000000000001000100100010000000000100
00000001000100000000001100110000010000000000010000000001001001000010000100000000100000000000000000001000000001001000000000001000000000100001
00000000000000000000000000001000000001000001000000010010000000000100000000000000100001001000000010001101000001001000000000000001000000010000
00000000100000001000000000000000000010000101100000010000001001001001000100000000000000100000000100000000100000000001000000100100000000100000
00000000000101000000000100000000000000000001000000000000000000000010000000001000000010000001000000000000000010000000000010000100001000000000
00000100001000001000000001001000100000000000000010000000000000000000000000001100000000100000100000000000000000000001010001000100000001010100
00000000000000000000000000010000100000000000000000000000000000000000000000110000000000000000000000000000000000000000001000100000000000000000
00000000000000000000000010000100000010001000100000000000000000000000000000001000000000000000000000001000000000000000000000000000000000000000
00000000001000000000000000101001000000000010000001000100000100000000000000000000000000000000001000000001000010000010000100000000000000000100
00000000000000000000000000000011000000010000000100010000000000000000100000000000000000010000000000000001010000000011000000000000000000000000
01010000001001100000000000000100000011000000000000010000001000000000000010000000000000000001000000001000000000100100000000000000000100001100
00000000000000100000001000000001000000000000000100000000000001000000000000100000100100000000000000000000010000000001010000000000001010000000
00000000000001000000000000000000011010000000000000000000000000010000000000000000000100000010001001000000000000000000000000000000001100011000
00100000000100000000000000001000000000000000000000000000000000000100000010000010000000100000000000010100000000010000000000100000000001000100
01000000000000000000001000000000000000000000000000000000010000000000000010000000000000000000000000000000010010000000000000000000000100000000
00000000000010000000001000000010000000000001010000000000010100000000000000100100100000001010000000100000000001010000000000000000000000000000
00000000101001000001000000010001000100000000000000100101000000100000000000000001000010001000001000000000000000000000000000000001000000000000
00000000000000000000000001001000000101000000000000000000000000000000000000000100000000100000000001100000000000000000001000000001000000000100
00000000000010000010000000000000000000010000000000011000000000000010000000000000000000000010010000000000000000001000010000100000000000000010
10000000000000000000001000000000000000001000000000100000100010000000010000000000010000010000010000000000000000000000000000000000000000000000
00000101000000000000100000100000000000000000000000000001001001000001000000000010000100100000100000000000000000000000000000000010000010000000
10000000000000100000000000000001000000000001000000100000000000000000000000000000000000000000000001000000010000000000000000000000100000000000
00110000000000010000000010000001000000000000000000001000011010000000010000001000000000000000100010000000000000011000000100000001000000000000
00000001000000000001000000000000000000000000100000000100001001110000000000000000101000000000000000000000000000000000000100000000000000000000
00100000100000000000000010010000000000010010000000100000000010000000000100000100001001100000100000000000100000100000000000000000110000000000
01001000001110000100000001100000100001000000000000000000000000001000001000100000000000010000001000000000000000011000100001101000001010000000
00000000000000000100000001000000000000010000000010000000000000000000100000000000000000000000000000000000000000100000000010000000000000000000
00000100000000000010100000100000000010000000000000010000000000000001000000000000000000000000100000000000100000000000001000100000000000000000
00000000000000001000000010001000001000010000010000000000000000000000000000100000000000000000010000000100100000000000000000010000000000000100
10001000000010000000000000000000000000000000000001100100000000000000000100001100000000000000000000000000000101000000001000010000000000010000
00100000000000010001000100001010000000100001000000000001000000001000000000000100000100000100000001001000000000000000000000000000000011000000
00000000000000101000000100010000000010000000000000001000000000000000000000000000000000000000000000000010010000000000001001000010000000000001
01000000100000010000000000000000110000000000000000000000000100000000000000000000000000000001000001000000000100100000010000000000000000000000
00110000000000000000010110000001000100000000000000000000001001100000001000000001000000010000000000000000000000000010000100001000000000000000
00000000000010000000100010000100000000000000000000010000000001010000000000000001000001000000100001000000000000000000000000000001000000000000
00000000000000000000101000000000000000000000000000000000100000000100000000001011000000000010000000000000000000000000001001000101000000000000
00010000100000010001000000100000000000000000001010010010000000101000001100000000000000000000010000001100000100000000000000000000000000000110
10000000000010000000000000000000000001000000000000000100000000100000000000000000000000000000000000000000000000000000000000000000000010000000
00000000001000000000000000100000000010000101000000000010100000010000000000000000000000000000010001100000000100000000001000000000001000000011
00100100000000000000000000001000000010000000000011000000000001000000000001100000000010000000000000000000000000000000100000000010000000000000
00000000000000000000100000000000001000100000000000000000101000010100000000010000100000000001000100000000000000000000000001000100000110000000
00001000000000000010000000010000100000000010000000000000000100110000000000000000000000000000100000000000000000000000000000000001000110000000
00010001000000000000010100111100000000000000000000000000000000000000000000000001000011000000010000000000000000010000000000000000100000000000
00000000000000000000000000000000010000000000010000000000000000010000000000000000100000100000000000000000010010000000100000000000000100000000
00000000000000000000001001000000000000000000000000000000000001000001010000100000000000000000000010010010000000000000001000000000000010000000
00000000000000000000000001000000100001000001100000000000001000000000000000100001000000000101000001000000000000000000000000000000000000000000
10000000000100000000000000000010000000000001000100000010100000000001000000000001000000000000000010000000100000000000000001000000000000000100
00000000000000010000000000000000010000010000000010000000100000000000000000100000000001000000000000000000100000000000100100000010000000000000
00000000000000000000100000010000000000100000000000000000000000001000000000010100100000000000001100000100000000000000001000000000000000000000
00000000001000000000000000100010000000100000000000000000000000001000000000000011000001000000000001001001000000000000100000000001000000000000
00000000000000100000001000000000000000101000100000000011000000000000000010000000000000000000000000000000000000000000000010000000000000101100
00000000001000000000000001000000000000100000000001010001000011000000000000100000001000000000100000000010000000100000001000011000000000000000
01000000010010000000000101000001001100000000001001000000000001100000100001100000001000000100100000110000000000000000000000000001100000001000
00001000000000000000001000000000000000000000100000000000000000100000100000001000000000000010000000100000100100000000010000000000000000000100
00000000000100001101000000000000000000000000000001010000000000100100000000000001000000000000000000000000001000100000010000000000000000100000
01000000101000000000110000000000000000001000000010000010000010010000000000000101000000000000000001000000000100000001000001000001000000010000
10100001000000000000000000000000100000000000000000000000100000010000010100010000100010000100000001000000000101000000010000000001000000000000
00010111010000000000001000000000000000000000000010000001001000000000000000000000000000000000010000001000000000000000000000000000001100001001
00000000000000000000000100000000001001000000000000100010000000000000010000000100000010000000000100010000000000000000000100000010000100100000
00000000000000000000000000100000000000000000000000000000000000010000000101000000001000000000000001000000000100000000000000000000000000000100
00000000000000000000000000000000100000101100000010010000000000010000100000100000000000000000000000011000000000000000000000000000000000000000
00000000100000100000100000000000000000000000000000000000000000000000000000000000000000000000000010000000010000100000000000000010100000000010
00000000100000001000000000101000000000000000001000010000000000000010000000000011100000000000000100000100000000000000001010010000100000010101
10000000000000010000000000000000000000000000000001000010000000010000000101000000000001000000000000000010000100000000000000000000010000000000
00000000000000000000101000000010000000000000000001001001000000000001000000100000000000010000000000010000000000101000000000000000001000000000
00000000000000010001000000000000100000000000000000000000000001000000000000001000000000000100000000001000100000100100000100000000000000000000
00000100000001010000000000000000000000010100000000000000100100001000000000000000000000000001100000000000000000100001001000000000000000000100
00001000001110000000000100000000000000001000000000010000000000001000000000010000001000001000000000010000000000000000000000001100000001100001
00000001000000100100000000000000000000011000000000000000000000000000000000000000000000000010000000000000000000000010000000000000001000000001
00110000000000000000000010001000111000000000000000000000000011010100000000000000010010000000000000000000000000000000000000010100000000010000
00000001000000000000000010001000000011000000100100000000101000010010000100101001000000000001000000000000000000000000000000000000000000000000
00010000000010000000000000000100010000000000100000011000000000000100000001000000000000000100000010011000000000000101000000000000001100000000
00000000000010000000001000000001000000001000100000000000000000000000000000001000000110000000001110001000000000000000000000000000000000010000
01000000000100001000010000110010000000001000000000000010010000000000001010000000000000000010010000000000000000000001000100000000010000000000
00000001000001000000100000000000010000100001000000000001000000001000000010001000110000000000100000000000000101100000000000000100000000000100
00001000000001001000001000001000000000010000000000000000100110001000000000000000000000001000100010000000000000000000010010000000000000000000
00010010000000000000010000100000000000000000000000011100000011000000000000000000000000000000000010001000100000000000010010001000000100000010
00000000000001010000010100000010000000000000000000000000000000000000100000100000001000000000000100000010001000000000000000000001000100000000
00000000000010011000000000000000001000000000000000000000000000000000000000000000010000000000000000000000000000000000110000001010000100000001
00000100000101100000000000000000000001000000001000000000000000000000000000000000000000000000000000000000010010100000000000000000001010010010
00000000000001000000000000001010000110000000011000010000000000000001000010100000000100000000000000000000000000000000000101000000000000100000
00000001000001000000000000001000100010000000001000100000001000000000110000000000000000000001000100000000000000010010000000000000000000000000
00000000001000000000000000000000110000000000000000000000001000000000000001010000000000000000000000000000010000000100000000000000001000000000
00000010000000100000000010001000000000000100000000000000000100100000100001000100000000010000000010000000000000000000000000000010000000000000
00100100000000000101000000000000001000000000010010010000000000000000000001100011100000000000001000000000000010000000110000100000000000000010
00000100000000000001010000000000100000000000001100110010000001000000000000000001000100000000000000000000000000000000000000100100000100000000
00000000000000000001001000000000000000000000000001000000000000100000000000000010000000000001000100001000000000000000010000000100000000000000
01010000000000101100000000010000100000000010000000000000010000100000100010000000000000010000000000110000000000101100000000000000000010000100
10010010000000000010001000001000001000010000000000000000000000000000000010000000000000000100010000000100000100010000000000000000000100000000
10000000000000000010010100000000000000000000000100000000000000000000000000000000000010100000101000010010000000000000011000000100000000000000
00000001010001000000000000000000100000000100000000000000000100000100000001000001010000000000000000000001100000000000000000000100100000000000
00000001000110100000101000000000000000010000000111000000000000000000010000000000000000000001000100000000100001101000001001000010000001000000
0 0
139 139
