150 150
000000000000000000000000000000000000010000001000000010000000000001000010000000000000000000000001001000100000010000000000010000000000010000000000000001
010000010000000000000000000000000000100001000000001000000010000010000000001010000000000010010010100101001100100000000011110000010010000000011000000100
001000000001000000000001000000000000000000000000110000000010000000011010000000000000110000000000000010000000000000110100000000000001100000000100000000
000000000100101000000010010000000010000000101000001000000000001000000000000000000000000000000100000000000000000000000000000001000000000000000000000100
000000000000010000000000000000011100001000000010100001000000000000000100000000000001000000000000000001000000000000000000111000100100001000000010000000
000000001000000000000000000000000000000010000000000000000100000000001000000001000000000000000000001100110000000000000000000000010000000100000000000000
000000000000000010000000000000000000000000000100010000000000000100000000000000000000000000001000100000000000000001000010000001000000000000000000010100
000000000100000000001000000001000000000001101011000010010000000000000000000000000000000000110011000000000100000000100100000000000000000100000000000100
000000000000101000000000000000110010000001010000000010000010000100110001000001000000000000000001000000000000000000000000000010000000000000000000000000
000000010000000011000000010100000000100000000001000000000000000000000000000100000000000000010000001000000000000000010000000000100000000001000001000010
000000000000011000100000000000100000010000000000000000000000010000001000001000000000000000000000010000001000000000000000000010010000000000000001000000
000000100000000000000000000010000000000000000000000000000000000000000100001001000001001100100000000000000000010000100101000000000000000000000001011000
000000000000000010000000000000000000000010001100010000000000000000000001000000000100000000010000000001000000000010000100000000000000000000000000010000
010000000000000000000001000000000000000010000000000000001000000000001000000000000000000001000100001000010000000000000110000000000000000010000000000000
000100000000000000000000000100011000100000000000100000000000000000100010000000000000000000100000001101000000000000000000100000000000000000010000000000
000000000010000100000000000000001001000010100100000000000000100000000000000000000000000010000000010000000000000000000000000000000000000000000000000000
000000000001010000000000000000000000000000100000000000000001000000000100000000000000000100000000000010000000000000010011000000001100100000000000000001
000000010001000000000100000101000000000001000001000000100000000000000000000000000000000000000000000000000001001000000000000000000000000000000000001000
000000000000000000100001000000100000110000101000000000000000000000000000001010000001000000000000001000000000000000000000000000000000000000010000000000
000000010000000000100000000000000000000000000000000000001000000000000000000000100000000000000000000100001101000000001000000000000000011010001010100100
000100000000000000100000010000000001100000001000000000000010000000000000001000000010000010000000000000000000010000000000000100000001000000000000000100
000000000000000000000000000100001000000000000000001000100100000001100010000000000000100000100000000000000000010010000010010000000000000000000000000000
000010010000000001000000000000000000000000001010000000000000000000000000000000000100000000111000000000000000000000100000000000000000011000001000000000
000000001000001000000000000000001000000000010000000000010010100001100000000100000001000000000000000000000000101000001000000000000000000000000000001000
000100000000000100000000000001000000000000000001000000000000000000000001001000000000100000000001000000010000010100000000000100000000000000000001000000
000001000010000000000000011010000000000000000010000010000000000001000100010000000000000000001000000000000000000000010000000000000000001000000010010010
000000000010000000010000000000000000010000000000000000010000000000000001000101000000000000000000000000000000000001000001000000000001000000000001000000
000000000000000000100000010010001100000000000000000000100000000000000000000000000000000110000000000000000000000001000000000000000000000100000000000100
000011010000010000000010000000000000000000000000000000000000000000100100000010000000000000000000000101000000100001000000100000001000100010000000000001
000000000010000000000000000000000000100000110000000000000000000000000010000000000000000000000000000000000000000000000000000010001000100000000010001000
000100000000100100000000001000000000000000010000001101100100000010000000000100000000000100000000100000000000000000000000000000000000000000000000000010
001000000000000000000000010000000000000010000000000000100000000000010000000000100000100100001000000000000000000000001000000000000000000000001000000010
100100000000000001000000000101000000000100000000000011000100000001100000000101000000000100000000000000010000000000000000010000000000000000000001010000
000010000010010000001000000000000010000000000000010000000000100001001000000100000000000000000000010000000001010000001000000000000010000000000000000000
010001100101010000001101000000000000000100001100000100000000000010001001000000000010010000000000100000100000100000100000000000000000110000010000000010
010000100000000000000000101000000000000000001001010000001000101000000100000000000100000000000000000000000000000000011000100000000000000000000000010000
000000000100000000000100000000001001000010000000000000000000011000000001000000000000000000000000100000000000000010000000000010000000000000000010000001
000001100000000000000100000010001000000100100010001000000100011000100010000000100000000000100100000101001000000000000000110000000000000100000000000001
110010000101000110000000001000000000000001000000000100000101101000000000000010000000100000000000000010000000000000010000010010000000000000100010000000
000100000000001000000000000000000001011001000000010000000010000000000100000000000000000000001001001000000000010000000000010000000000000000000000000000
000000000000000000000000001000000000000000000000000001101000000000100001000110000000000000000000000000000000000011000000000000000000000000000000000010
000000000000000010000000000000100000000000010000010000000000010000000000000001100001000000000000000010100000010010000000000000000000000000000000000000
000000000000001000110000001000000000001000100000010000001000000000000000100000101000000000100000000000000100000000000100000100000000000100000000000011
001000000000000000000001000010000000100000001000000100000000000001000110001000000000000000000100101000000000000000000000000000100000000000000000000010
100000000001000001000010000000000000000101000000000000000010000000000000100100000101000000000000000000000000000000110010000000000001000000000000000000
000010100000000000000000000010000000000000000001000000000001000000100001010000000001001000000000000000000000000000000000000000000000000000000001000000
100000010000000000100000001100000000001000000000000000000001000101000000000000000001000101100000001000000001000000000000000000000000010100001000000000
000000000010010000000000000100000001000001000000010010000000000000000000000011100001000001100000000000000001000000001011000001100000000001000000000000
001000000000000001001100000000000000000100000000000000000000000000100000010000000000000000000000010100000000000000010001000000000000000000000001000000
001000001000000000100000000010000010110000000000100101000000000000000000000100001000010000100000000000000000011000000001000100010000001000000000100000
000110000000000000000010100010010000101000000000000000000000000000000000000000010000001000000000000000000000000000000000000100110100000010000000000000
000100001001000001010010000001010000000000100000101010001000000000010000010000000000000001000000001000011000000000100000001000000010000000000000000000
000000010000000000000000000000000000000010001010000000000000000000000000000000010000000001000000000000000000101000010000000000000000000001100000000000
000010000100000000000001000000000001000000010101010001000000000000000000010000000000000000000100000010011000000000010100000000000001010000000000100010
000100100010000001000000000000110001000000000000001000000000000000000001000100000000001000000000000000000000000000000000000000000000000000000000000000
000000001100000000000010010000000100000100000000000000100010100000000000010000000000000000010000111001000000000000110000000000000001100100000001010000
001100000000000000010000000000001000000000000110000001000001100000000000000000100000000000100110000100000000001000000001000011010000000000000100000001
001000000000000010001000000000000010100000000000000000000000001000000000100000000000000000000100000100000001100000001000001010000000000000100000001000
000000000000000000000000010000110011101000011001000000000000000001000000000000000000000010000000000000000000000000000000000000000000000000000100000011
000000000001001000000000000000000000000000000000001000001000000000010000000101000000000000000100000000010001000000010001000000000000000000000000000000
000000000100000000000100000000000000000000001000000001000001000001000000000000000000000000000000000000000001000110001010000000000000000000001000000000
000000100000000000000000100000000000000001000000000001000000000100000000100101010000000001000000000010000010000000011000000100000000000000000000000000
001000000000000000000000010000000000000000010000000000000000000001000010000100000000000010000001001000000000000000000110100000000000000000000000000001
000000000000000010000000000001000000000001000000010000000110000100000000000000000000100000000000100000010001000100000000001110000000100000000000000000
000000000000000000000010100000000100001000000000000000001000101000100011000000000101000000000100000000000011000000000000000010000000000000000000000100
000010000000000000000000000000000000000000000000000000000000000000001000000000000000000000001000010100000100000100000000000000000000000010000011000000
000000000000001000000010000000000111000000000100000000010000000000000000000000000000000000001000000000000000000000001100000000000000000000000000001001
101000110000010000010100000000000000100000010000000000000110000000000000000000100000000000000000000000000000000000101000010000000010000010000000000000
000000001100000000000000000010000000000000000000000000000000000000000001010000001000000000000000000000000000000000000001001000000000000000100000000011
000100000010000000000000100000000010000001000000000000001000000000000000000000000000010000000000010000000000000010000000100000000000010001000000000000
000100001100000000001000000000000000000000000000001000011000000000110001000000000000000000000100000000010000010000000000000011001000000001000010000010
000000000000000000000000000000000000000100000000000000010000001000000000000100000001100010000000000000000000001000100001000000000010000000000011000001
000000000000000000010000000000100000010010000000000000100000010010000000010000000000000000101000000000000000000000000000000000000110000000001000000000
000001000000000000000000000000000000000000000010000000000000000000000000011010000000000000000000010000100000000000000000111000001000010100001000000000
000010010000000100000001010000000000000010000000100000000001000000000000000000000110000000000000001000000000000000010000000100000000000000000000000000
000000000000000010010000000010000000000010000000100000000000000110000001000100000000000000010000000000010000001000000000000000000100000000000010100000
000000000000000000001100000000000000000000000000000000100000000000001010000000000001000100000000000000000000000010100000000000000000000001000000000000
000000010000000000000000000100100000000001010100000010000000000000000000000000000001000100000000100000000010000100000000000000010000001000010000010100
000000000000000010000000010000000000000000100000000000100000100000000000000001000000000000000000001110000000101000000001100000000001010001001000000000
000000000001000000000000010000000000000000000000000000000011001000000000000100000000000000100000000000000000000000000000100100000000000000100010000111
000010000000000010000000010000010000000000000000000000000000100000001000000000000000000100000100000000000000001000000000000001100000000000000000000100
000000000000000000000000000010000100100000000010000000001000001000001000000000010000000000100101001100000000000000100000011000000000100000001010000001
100000010000000000000000000000000100000001000000101010000000001000000000000001001100000000000000000010000000010000000000100000100000000000000000001000
010000000000010000100000000000001000000000000000000000000000100001000000100000000000001010000000000000001010000000000000000000000010000000000000000000
000100000001001000100000000000001000011000000000001000100100001001000010100100010000001000100000000000000100000000000000000000000100000000001000010000
000000000001001000000000100000000000000000000000000001101000000000000000000000100010100000000011000000001000000000000000000000000000000000000100000000
010000100000001000000000100000000000000000000001000010000000000100000000100000000000010000011000000000000101000000000000100000100000001000000000100100
000000000000000000100000010000000001000000000000010000010000011000000000000100100000100000000100000000000000001000000000000000100000000100000001010001
000000000000000100000000100011000000000000000100000010000000001000010000011000011000000100000000000000000000010010000010000000001000000000000110010000
000000000000000100100000000000000000000100000000000000100001000000000000000110000000000100000000000000010100000000000000000000000101000000001000100001
000110001000000000100001000000000000100000000100001000001010000000000000010000010001010000000110000000000000000000000000000000000000000001000000100000
000000000000000000000000000000000000000000010000000000000000000000000000001000000100101000010000100000000010000000000001000000000000110000000101000010
000000101000001000000000000000001000000000000000000100000001011000000000000000000000010001000001001000000001100000000000101000010000000000000011000000
010100000000010000000000000000000000001101001000011001000000000001000000000000100010011010001000000000100000000010000000000000000000000000000000011000
000000100010000000000000000000000010010100000000000000000000000001000100000000000100000000000000000000000000000000010000000000001000010000000000000100
100000000100000010000000100001001000001000000000010100001010000000000000000000000000000000000000000000000000000000000000100000000000000001000000000000
110000000010000000000000000000000000100001000000000000000000000000100000000000000000000010000000100010000000000001000000010000000000000000000000100000
000000000000101000100000100000000000001000001000000000000000100001000000000100000100010100000000001000000000000000000000000000000000001000000000000000
000000000000000000000010000000000000000000000000000000000000001000000010000000000000110100000000001000000000000000000100001000100000100001000001000000
000000011100100000000000000000000000000000000000000000000000000000000000010001100000000000011000000000010100100000000000000000000000000000100000010010
000000000000000111000000000000001001000000000000001100000000000100000000010010000100010000000010000000000000000000000000010000000010000000001000000000
001000001000001000000000000000000000000000000000000000010000000100000000000000000000001000000000010000100000000000000000010000000000000010000100000001
010000000000000000000000000000000000000001000000000000000100100100000010100000100000000000000000000000000000010000000000000100100100100000000000000000
000000000000100010000010100000000000000011000000000000010000000000100000000000100000000001000100000000000000100000100000000100000000000100000000000000
000000000100010000000000000000000000100010000001000000000000000000000000000000000000000001010000000001000000000000000000000000001011001000101000000000
001001001000001000010000110110000000000000100000000010010110000000000000000000101000000100000000001000000100000000100000010000000000000000010000010000
000001000100010000000011000000000000000000000000000000000000000000000000000001000000000000100000010000000000010000000100000000000100000000001000010000
100000001000000000100001010100000000000001000000000000000000000000000000000001100100000010110010000000000000100000000000000100000110000010010100000000
010010000010100000000000101000010000110000000100000010000000000000000001110000100000110010000000000000000000000000000001000000010000000010001000000000
000101100000000100000000010000000000000001000001001000001000000000010000000000000000000000000000000000000000100010000001000000000000000000100000000000
000001000001000000000000000000000000000000000000000001000000000000100110000000001000001000001000000000000000000100000100001000000000001000000001000000
000000101000000000010000000000000000000100000001000100000001000010001000010000000000000010000000000010000000000100010000000100000100000001001100000000
100000000010001000001000000000100001000100000011000001010001000000000000000000000000000000000010000000000000001000000000000100001100110000000100000000
000000000001000000000100000101000000000110001000000000010100000000000000000000000000000000000000000000000100000000100000000011000000000000000000000000
000100001000000000100000000010010100000000000000100000000000000000001000100000000001000000000000000001000000101000000000000010011000000000010010001000
000000000000000000001000000000000100000000000000000000000010000100100100000000010000100001100001100000000000100001000000000000000100000000100001000000
000010000000000100000000100010000000000000001100000000000000000000010000001000000000000000000100100000000000000000010000100110000000000000000010000000
000000000101000010010000001100000000000001000000000000000000000000000010001000000000000001000000000000000000000000000000000000101100010010000100010000
000000001000000010000001000000000000000000000001000000000100000000000000000000001000000000100000000000000000010010000010000000000110101100000000000000
000000000000000000000000001000000000001000100000000000000000000000100001100000010000000010000001000010010000000001000000000000000001000000001000000001
010100001101000000010000000000001110000010000000000010100000000000001000011000000000000001000100010001000101000000000000000010000000000000000000000000
000000000000000000000000000000000000000000000000010000010000010000000000000000000001000000100001100000000000000000000100000000000000000000010010000010
000000100000000000000000001000000100000001000000001001000000100001100000000001000000000000000000000000010000000110000000000100100001000010000100000000
001000000001000000000000000000000100000000000000000000000000000000100100100100000000000000000000001000000001000100100100000000000000100000000000000000
000000000000001000000000000000000000010000000000000000000000100100000000000010000000000000000000000000000000000000000000000100000000101010000000000000
000100000000000000000000000000000100000000100000010010001100000000000000001001000100000000000000000000000000000000000000000000000000000000010000100000
000000000000000100000000000000000000000100000010000000001000000000000000000000000001000000000000100010000000000000000001000010000100000000010000001000
000000100000000000000000000000000000100000000000000100000000001001100000000000100010001000000000000000000000000001000000000000010000100000000000000000
000010000000100000000100000000000000000100000000000100000000000000100100001000010000000000000010110000000010000000000000000000000100000000000000000000
000000000100000100000101000000100000000010000000000100000010000000000000000000000000110000011000001000000000000000000000001000000000000000001000000000
100000000100001000000000000000100000000000100000000000000001100000010000000000010000000000001100000000001000000000000000000000000000000010010000000000
000100000000100000000100000100000001000000100000000000000000000010000000000010100000000001000000000000000000000000000100100000100100000000000000100000
000000000000000000010010000000100000000000000000000100100011000000000000100000000000000000000000000000010000000000000010000000000001000000000000000000
011000001011000000001000000000000001000010000000000000000000000100000000000000001000000000000000000000000001000000000000000101000000100000010000000100
000000000000000000100000010000000010000000010000100000000000000001000000100000100000000000000100000000000000000010000000001000001011000010001000010010
000001001100000000000010000000100100000000100000000000100001001000000001010000000000000000000100000000001000000000100100010000000000001000001001000000
000000000100001000100010000001000010001001010000001000000010001100000001000000000000000000000000000010000000000000000000000000000000000000001100100000
000010000010000000000010000000000000000001000000000000000001000000001000000000000000000001000000001000000000000000000000000000000011000000000000000000
100000000000001010010000000000000000000000000001000110000000000000000010000100000000000000010100000000000000000000001001000000001000010000000001000000
000001000000100100010000000000100000000000000000000000001000000000000001100000000100010100000100000000000000000010100000000000000000000000000100000000
001000100000000110101000010000000000000000000100000010001000011000010001000000000010000100000000000000000001001000000000000000000000000000100000010000
000001000000001000000010000000000000000000000000000100010001000000000000000000010000100001010000100000010000000000110000000000100000001000000001000000
000000000000000100010000000000000001000000000100010000001100010000010010000000001101000000000000000000000000000000000100001000000100001000000101000000
000000000000001011000100110000000010100000110101000000010000000000000000000000001001000000000000000000001000000000010000000100000000001100000000000010
000000000000001000100000110000000000000000010001000000000000000000000000100000000000000010000000000000000001000000000000000000000010000000000000001100
000000000000000000000000000000000000000000000000000000000000000000000000000100000000000000000000010100000000000000010000000000000001001000000000000001
010000000000000001000100000010000000000000000001000000000000010000000000000000000100010000001000000001100000000000001001100000000000000100000010000000
001000000000000000001000000000010000010000000001100000000000000100000000001010000000010000001000001000100000110100000000000010000001000100000000000000
001010000000001000001000000000000000001000000000000000000000001010000000000001000000000000000000000000000000010000100000000000000000000000000000100000
000000000010100100000000000010000000000100010000000000000010000000000100000000011000000000000000000010011000000000000000000000000000000000000000100000
0 0
149 149
