155 155
00000000000000100000000000100000000000000000000000001000000000000000000000000100100000000010000000000010000000000000001000000000000100000000100000000100000
00101000000000100000001100100000100000010000000010010000000000000001100000000000010000000000001011000000000100000001000000000000001101000000001001000000000
00100001000000000001000000000001000000000000000000101000000000000000000000000100001000001000000000000000000100000000001000000000000100000100000100000000000
00000100000000001000000000000000001100000000010001100000000000001000000000100000000100001000001001000000100000010000100000000010001000000000010010000000100
00000000010101000000010000000000000000000000010000000000000000000010001100000000000000000000000000000000001000000100000000000110001101000000000100000000000
01000100001010010000000010000000000000010000001001000000100000000001000000010000010110000000000000001000000000000000000000000000000000000001000000000000000
01000000000000000000000000000000000001000000101010000000000000000000000000000000000001000000100000000000000000001000100000000000100000000000000000000000000
11000000001000000000000000000000010010000000000001001000000000000000001001000000000000000000010001101000000000000100000100000000001000100000000001110001000
00000000000000000000000010100000000000100000000000000100000000001000000000000000000001010000000100011010001000000010000010001000000100111000000000000001000
00000000000100000000000100000000000001000001000000000001000001100000000000000000000000001000000000000000000001100000000000000000011000010000000000101000110
00000000000000000100000000000001000001000000100000000010010000000000000000000000000000000000000110000000000000000000000100000000000000000010000000001000000
00000000001010100000000000010000000000010001001100000000000001000000000000000000001000000010100000000010000000000000000000000000000010100000010001000000000
00100000000000100000000000000000000010000000000000000010001000000000000000000000100000001000001000100010000000000001000010000000000000000010000000100000000
00000000000000000000001000000000000000000001000001100100001001000000000000100000000100010000110000001000000000001000000010000000000000000000010000000010000
00000000000000010000000000000000000100000000001000000000000010010001000000000000000110000000000100000010000000000000000100000000000000000101001000000000000
00000000000000000000000000010000100100000000000010010000100000000010000000000000000010010000000010000000000000011000000000000000000001000010000010000000010
00010000000000000000000000000000100110000010000000001100000000000000010000000000000000000000001000000000000000000000000000100000001000000000000100010000001
00000000000000000000000000000000000100000010000000000000000000000000000000000000000000001000000000000000000000000000100000001000000000001000000000000000000
10001000000000000100000000000000000001000000100000000010000000000000000000000000000000000000000010100000000000000000000000000100000000001000000000000000000
00001010000000001000000000000001000000000000000000000000000000000100000000000000110000100000000000000010000000000110000000000000001001001000000000000100000
00110000000000000000000000000000000000000000000000000001000001010001000000000000000000000000001000001000001000000000000000010000000000000010000000001000000
00000000000001100000001000000100000010010000100000000000000100001000000000000000000011000000000100000100000000010000010000001000000000000000000000001000000
00000010010000100000000100001000101000001000000000000000000001000000000010000000000000000000001000000000000010001010000000010000000100000000100000000000000
00000000001000000000000000100000000000000000000000000010100000000000100001000000000000000000010101100000000000000010001000000000010000000001100000000100000
01000000000000001000100000000000000000101001000000000101000000100000000000001000100010010000010001000100000000110000000000000000000000001000000000000000001
00100000000100000000000000000000010000000001100000000000000000010000000000000000000000001000010000100000000000101100000001000001101000000100000000010000000
01000000000000100100000100000010000010000000101000100000100100000000001000000000000000000000001000000100000000000100000000000000101000000000000000000000000
10000001000000000000100000000000100000000000000000000000000000100000000100000000000000000000000000101000011000000100000100100000000000001000000100000000000
10000001100000000000000000010000000001000000000000000000000000000000000000000000000000010000001000000000000001000000000000000010000000000000000000101100001
00000000000000000000000000000000000000000010000000000000000000100000000100000000000000010000000000000000100000100000000000000000000000010010000001000001100
00010100000100000000100010001000000001000000001000000000000000000000000000000000000001100000000000000000000001000010100000000001000000001010100000000000010
00000000000001000000000000000000000000000000010000000000000000100010000000011000000000000100000000000010010001000100000000001000010000100000000000000000100
00000000000000001000101000000000000001000010100000000000000000011000000000000000000010000100100000101100011010000000010000010100000000010000000010000001000
00000110000000000000001000000001000000000000000001100000000000100000000000000000000000010000110000100000000000000000000000000000001000000000001000000000000
00000001000001000000000000000000000010000000000010000000000000000000000000000010010000010000000000010001000000000000100000000100000001000000000000000000010
00000000000000101000000000000010001000000000000001000000000010010000010000000001000010000010000000100000001000000000000100000000000000000000000100000000000
00000000000010000000000011000100000000000000000000000001010000000000000101000000000001010000000000000000100100000010000000001000000000000000000000010000010
00000000000000000100010100000000010001000000000000000000100000000001000000001000000000010000100000000000000000000000000100000000000000000000000000000000000
00010000000000001001000000100000000000010000000010000000000000001000000010000000000000000010000010000000000010100100100000000000000010001000000100010100000
00001010001000000000000000000000000000010010000000000000000000000010000000001000000000000000000000000000000010100000000000000000001001000000010000000000000
00000001000001010000000000000100011000100000000100000000011000000100001000010000010000000000000000000000001100000001000000000000000000000001010000000000000
00000000000100001000000000110010000000001000100000000000000000010000000000101010000010000000011010010000100000100000000000000000000000000000000000100000000
10000000000001001000000010100000001001000000010000000000000000000000000001000000000000000000000000010000000000001000000000000000010100000001100000010001000
00000010000000100000000000000001000001000000000001000000000000000000000100000000000001000000000000000000000000000010000000000000000100010000011000000000001
00010000000000101000000001001000000000000000000000000010110010000000000001000000000000000100001010000000000000000100110000010000000000000000000000001000110
00000010000000000000000000001000000001000000000000000000100000000001000100000001000000000000001000101000000000010000000000000000001000000000000001000010000
00000000100000000000000000001000000000001000000000000010100001000001000000000000000001000000000000000000000000000000100000000000000000100001000000000000000
00000010100100001000001000000000000000000000000000000000000000000100000000000110000000000000000000000010010000001000100000001000001000000000100001000000000
00000100000000000000000000000000000100000000011000001000000010000010000100000000000000000000100011100000001000100000000000000000000000000001000010000000000
01000100000000001000011000000000000000010100000001001110001000000010100000100000010000000000011100000000000001001000110000000001000000001000100000000000000
00000000000000000000000010001000100000000100000000000000000000010000000000000100000000000000000010000000001000000000000001000000000100000000000001000001001
00000001000000000000000000000100000000000000100000000010000000000000000000010100000000000000000000100000000000100000010001000000000000000000000000000000000
00000000000100000000010000000000000000000100000000000000000000001000000000100001000000000000000000000000000010010000011000010100000000000000000000000000100
10100100001000000000000001000000000001000000000000000010100000010000000000010000000101000000000001000000001000100000001010100000011000000010000000000000000
00000000010000000000011000010000000001001000010000010000000001000010000100000000000000010000100000000010001100000000000000100010000010000000000000000000100
00000000000000001000011000000000011000100000000000000010000000000000000000000010000000000000000001000000010000000000000000100000000000000000000000000000000
00000000000000001100001000000000010001100001000000100000001000000000000000000000000000000000000000000000010010000000000000000000000000000000000100000000001
00000000000000000000001000010000000000010000001000000000001100000000000001000000000000010001000001010000000010000000001000000000000000000010000000000000000
00000010000000000010000000010000000001000000000001101000000000000000000000000000000000000000000000000000000001001000000001000000101000001000000000000000100
00000000000000100000000000001000000000000000000000000000000000010000000000000010100000000001000000000000000000010000000000000000000000000000010000000000100
00101001011000000000000000000000000000000000010000000000100000000000000000000000000000000001000000011000000000000000000000100000000000000000100100000000001
00000000000000001000000100000000010000000100000000000100100000000000000000000000000001000000000000000000010001001000000000000000000000011010000101000000000
10000000100010000000000000001001000000000000000000000000000000010000000100000001000000000010000011100000000000000000000000000000010000000000000000000000001
00000000000000100000100000000110000000000000000000000000001000010000000000000000000000000000100000000000000000000010000000000000000000000001001000001000000
00000000000010000100000000000000000000000000000000001000000001000000000000000100000001000000000001100001000010000001000000000010000000000000001000000110000
01000000000100000001000000000000000000100000000010000000000000000100000000000100000000000000000000011000010000000001000011000010100000000000000000000000000
00101100000000010000000000000100000000000100000010000000000000000100000001000000000100000000010000000000000100100000000010001100000100000000000000000000000
00000000001000000000000000000001000000100100000000001000100010000000000001000000000000000000000000001000000000101100000000010000000000000000000100000000100
01001000000000000001100000000000100000000000000000000000010001000000000000001000000000000000000001000010000000000000000000000000000000000000000000000000000
00000000000001000100000000001010001000000000000000000010101000000000001010000000011000000000010000000000100000000000000000000000000010011100000000000000000
00000000000000000000000000000000000000000000000100000000001000000000010000000000000001001000000000010000000000000000000010000000100100000000010000000000000
01000000000000000000000000000100100000000000000000100000000000000010000000000000000000000000000000000000000000000000000100000000010000000100000000000000000
00000000000000000000100000010001010001000100000000000000000000010000010000000001000000000000000000000000000000000000000000000000001101000100000000010000001
00000000010000000000000001000000000000000000000010010010000000000001010000000000000000000000000000000000000000000000010000000000000000100100000000000000000
00000000000000000000010000000000000000001001000000000001000000000000000100000000000000000000010000000000000000000010110000000000000000000100000000000110000
00000000000100000100001000000010100001100001000000010000000000000000000000000100000000000000100000000000000000000000000000000100000000000000000000000000000
00100000100100000010000000000011000000100000101000110000000110000000100000000010000000000000000000000000010000010001000001000000000000001000001000000011000
00000011001010000000000000000000011000100000000000000100001000000000100000010000000000001000000100000000100000000000000000000000000000100000000000000000001
00000000100001000000000011010000000000000000000000000000000000100011001000000010000001000000000000000000000001000000001000000000000000000000000101001100000
01000000001000000000010100000000010000000000000000000000000000000000000000000010000000000000000000000000000000000000001000000000000000000000000010000000000
00000000000010010000000001000000000000000000100000000000010000000100000000000000000000000000010000000001000101000010000000000110000000000000010000001100000
11000000000001010000000000000000100011001001010000000001000000000000001010000001110000000000000100100000000000000000000010010100010000000011000000000000100
00000000000100010000000000000000000001000000000001000010000100000000000000000000000001000000000000000000001000001000000000000000000000001010000000100000000
10000000000001011000010100000000000000000000000000101000000000010000000000000000000011000000011001000000000000000000000000001000000010000100100000101000000
00000000000000000000000000000001000101011000000000000001000000000010000000000010010100000000000000010000011000001000110010000000000000000000000010001000000
00000000000000000000100000001100000001000100000000000000000000000000000010000000000000010000100000000000010000100000000000000000001000000001000100100000000
00000000000000000000000000000000000000000010000000000000001010000100000000000000000010000001000000000000000010100000010010000001000000100000001000000000010
00000000000000000000000000000000000001000000000000000000000000000000000000100000000001000000000000100000000010000000000000000001000011100000000100000000010
00000000001100001000010100000001000000000100000000000000000001000000000000010000000000000000100000000100000000010000000000100000000000000000000000000000010
00000010000000000000000000000000000100010100000010000001001000000000000001000010100000000100000011000000000000001000000000000000000000000000100010010000000
00000110000000000000000010000000000001010000000000000000100000001000000000000000000000000000000000000000000000000000000010000000000000000000000000000000110
00000000000100000000000010000001010000101000000111001000000000000000111000001000000000000000010000000010000000001000010001000000010000010000000000000000001
00010000000010000000000011000000000100000100000000000010110000000000000000000000000010000000000000000101000000010000000000010000001100000001000000000001000
00000000000010000010000000000000000000000001000000000000000000100000000100000100000000010000000000000000000100000110000000000000000001100000000000000000000
00000001100000000010000000000100000000000000000000000011101101001001100000010000000000010000000000000000100000000000000100000000110000000000100010100000000
00000000000000100100000000000000000001000000000000000000000000000000010000000000010000100000001010000001000000101000000010001000000000000000000000000011000
00000010010000000000010010000010010000000000001000001000011000000010000100100000100000000100001001000001000001010000001010000000000000000110100001000000000
10000000000101000000000000000000000000010000000000000001000000100000000001001000010000000001000000000011010000000001100000000000000000000000000000000000010
10000001000000010000000000000000001000000001000000001000000001000010000000000000001000000000000000000000000000000000000000000000010011111001110001000000001
00100000000000000000100100000000000000000000000000100000000000000000000101010000010000000000000100000001001000000010000000000011000000000000100000000000000
10000000000010001000000000010000000000010000000000010000000000000110000000010110000000000000000010100100001000000000000000001000000000000100000000000000000
00001000000000010110000000000000000000100000000000000000001000000000110000000010000000001000000001000000000000000000000000001000000000010000000000101000001
00000000001000000000100010000000000000000000000001000000000000000000000000010000000000000000010010000000000000000000000010001001000000000000100000001000000
00000100010001000000000010000000010100010000101000001000000001001000000000000000000000000000000000001000010000000000000000000000000000000101000000000000101
00000000000000010000000001000000000000010010000000000000000000000010000010000100010000001000001001000100010000000000001000100000000000000001000000000000000
00001001000000000001100100010001000010000000000000000000000001000000000010000001000000100000000000000000100000000000000000000010000000100000001000000000001
01001001100000000000100001010000100000000000000100000000000000000000000000000000000110000000000001000000000000000000000001000000100000000000000000000011000
00010000000000100000000000000000000010100010000000000000000010000000010000000000000100001000000001001000000000100000000000101000001000000000000000010100000
01000000000000010000101000000000000000000000000000001000000000000000000000010000000000000000000000010000000000000100000000000000000000010000000000000001000
10000010000000000000000000000000000010000000000000001000000000010000000000000000000000000010100000000000000000000000000000000000000000000000000000100000000
00010000001011000010000000000000000000000000000000000000000000000001000000000000011010000010000000000010000001000000000000001000100000000000000000000000010
00000000000000000000100000100100000001001000100000000000000000010000001000000000001000000000000010000000000000000000000000000010010011000000000010000001100
01000000000010000000100000001000000000000000010000000000010000010001000100000011000000001100000000000010100000000000000000000000010000100000000000010001000
00000000000000000000000100110000000000000001000010000000000000000000000001010000000000000000000000000001100000000101001000000000010000000000000000000001000
00000000000000100000100000001000000000100111000000000000001000001001000000000000010000000000101000000000101010000000000000001000000000010000001010100001010
00000000000001000000000000000000000100001000000000000000000000000000000100000000000000000000000010000000000000000000000000011000000010000000000000000000000
00000000000000010000000000000000000001000000100000000100100010000000000000000000000000000000010000010000001000000000000000000000100000000000000000000000010
00000000000000101100100000010010000000000100000001000001101000000000000010000010000000000000000000000001001000101001000100000101000000000000000000001000000
00000000000000000000010000000000100000000000000000000000000000000000000000000000000001000010000001000000000010000001100000000000100000000000001001100000000
01000000000000000010000100000100000001100000000000000000100000000010000000000000000000000000100000000001010001000000000000000000000000000010000000001001000
00000001000100000010000010000000000000000100100000000001000000010000000000000000000100100000000010010000000000000000110000000100101010000101000000000010001
01000000000000001000000100000000000000100000000001000000000010000000000000001001000000100001010000000000000000000000000000000000000000000100000000000010000
00000000000001101000000000000000010000010000000000000000001000000010000010000000010001000000000010000001000000000000000010000000000000010000000001000001000
00000010010000001100000000000100000000000000000000000000000000000000010000000000000000000000010000010000000000000000000000000000010000000000010000000001000
01000000100000001000000000000010000010000000000000010000000000000000000000000000001000000000000000000000001000000000010000010000000000000000001001010000011
10000000000000100000000000000000001000000010000000000000000000000100000000000000100000000000001000100010001001000000010000000000000001000000000000000000100
00000000100000001000000100000000000000100000000000000000000101000010001100001000000100000110100000000000000000000000000000000000000000000000001100000000001
00000100000100000000010000000000000000000100100010000010100000000000001100010000000000100000000100000000010000010100100010011000000001100010000000000001000
00011000000001000000000000000000010000100000000000000001000000000000000000100000000000000000001001010000010000100010100000000000000000000010010000000000001
01000010000000000000001000000000010000000010000001000000000000000000000000000000000000000010000010000000000100000000011000000000000000000000000000100000000
00000100100000000000000000000000000010000000000000000000000000010000001000000000000010000000000000000000000010000000000000001000001000000000000000000000001
00000010000000000000000000001000000000000000000000000000001000000000000000000000011000011000000000000000000000100000000100000000111000000010000000000000010
00000000010000000100100000100000011001000000000000000000000001000010000000000000110000000000010000000000000000000000000000000000000000100000110100000010001
00010000001010000000010000100110000100000000010000000000000000000000001000001000110010100001000000000000000000000000000000000000010000000000000000001010011
00001000100000101000000000110000011000000000001100001000000000100011000000001001001010000000010000000000000000000000100000000000000000100000000000000110000
00010000000000000000000000001000000000000000000000000000010010100000100000000001000000000000000000001000000000000001000000000000000000000110000000000010000
00000000000000000000000100001000000000000000000000000010000110000000000011000000100000000000000000000000000001000000000010100000000000101001001001000000000
11000010000100010000000001000001000000000000100001001000000000000000000000001000000100000000000000000000100000010000000010000000000001000000110000000000010
00001000000000100010001000000000000000000000000110000000000000100000000000000100000000000100000001010000010000000000000000000010000001000001100000000010000
01110000000000000100000000000000000000000001010000000000000000000000000000000000000000001000001000000000000000000000000000000000000000000000000011010000000
00000000000000000000010000010000000001100000000000000011000100000000000000010000000000000000000000000000110000000000000001000000100000000010000000000100001
00000000000010000001110000000000000000000000001000001000000000000010000000110000000010000100000000000000100100000100100010100000000000000000001001000000100
00100000000000000000000100000000000010000000000000000000000000100001000101000000000000010000000000010000110000000000000010001000000000000000000000000010100
00001100000000010000000000000000000000000000000100000110000000000000000000000000000000000000000000000000000000000000000010000010100100001000000000000000100
00010100000000000000000010001000000000000000000100000001000000000000110000000000010000000000000001000000001000000000010000000010000000000000000000000000000
00000000000000000000000000000000000010000000000000100110000000000000000000010000010000001000000000000000000000000100000100000000000000000000000000001000000
00000000000000001000000000000100000000000101000000000000000010000000000100000000000000000001000000000000000001100000000000010100000000001100010100000000010
00000000000000000000000000000001000000000000000000000010000010001000000000001100001010000000000000000000000000000000100000010100010000010010000101000000001
00000000000000001000000000100000000000000010000000000100000000001000001000000000000001000000000001010000000000000001000001000010000000000000000000000001000
00000001000000001000000000000000000000000000100000000010001100000001000000000000000010000100000000000000010000000001000000001000010000000000000000000000000
00100000000000000001100000000000010100100000000000000000000000000000000000001000000000000000110000000100000000001000000000000100010010000001010000000000000
00000000000000100000010100000010000000010000000000000000000000000100000000010000000000000000000000000000000000000000000000000000000001000000001000000000000
00000000000001010000000000100100001000000000000100000000000000000000000010000000001010000110000010000000100000100000000000000100000100000010000000000000001
00000000000000100000000000000001000000000010000000000000000010001000000100000001000100000000000000010001000000000000100001000000001000000010000000010000000
00000010000010100000000000100000000000100000000001001000000000000100000000000010000000001000000001000000010000000010000011000000000000000010000000100000000
0 0
154 154
