160 160
0000000000000000010100100000000000000000000000110000000010000000000000000100000100000001010100000000000000000000000000000000000000000000000000000001000000000000
0000010010000000000100000000000000000000000000000000001000011000000000000000000000000000000000000000000000000100000001000000000000000000000000100000000000010000
0000000000000000000000000000000000001000010101000000000001000000000000000100000000000000000001000000000001000000000000001000000000000000000000000000010000000001
0010000100000000010000000000000100010100100000000000000000000000000000000000000010000000100000000000000010100001010001000001000010010000000000000010100100010000
0000000000000000000001000000010000000000010000000110000000000010000000000000110000000000000000000000010000000000100010000100000000000000100000100000000010101000
0000000010100000010000000000000000000011000010000000000000000000010000000000000000000000000000000000000000000000000000000000000000000001000000000000100000000100
0000000001000001010110000010001010000001000010000010000000101010100000000000001000010100000000010001000010000100000000001000011000000000000000000000100000100010
0000000000000000000000000001000000000000000000000000001000000000000000000000100000011010000000000000000001000100010010000000011000000010000000100000101100000000
0000100000000000000100000100000000010000010000000000000000000000100000000100000000000100000001010000000000000000000000000001000000100000001000010000000000000000
0000100000100001000010000100000000000000000001100000000000010000000000010001000000000010000000010000000000010100000000000000000000100100000000000100000000000000
0000000000000000000000000101000101100000000000000000110000001000001110000000000000000000000000000100000000000000100000000000000010000000000000000000000000000000
0001000000011000000010000000011000010000000000000010001000000000000000000000001010000000000000000000000100000000000000010000100000000000000101100001001000000011
0000000000010100000000100000000000000100001000000000000000000000000000000000000000000000000000000000000011000000000000000000100010000000000000000001000000000000
0000011000000000000000000111010010000000000001000000000000000000000000000000000000000000000100010000000000000100000010000000000000000011000000001000001000000000
0010000000000100001000000000000000000000000000000010000000000000000000100000011000000000000000000000000000000000000000000000000000000000000000000000001000000011
0000010000000000000100000000100000000000000001010000000000000000000010100000000100000000000000001000010001000000000000000000001010000001000000001000000010000010
0000000001000100100100000010000100100011000000000100000000000000000000010100000100000001000001000000000100000000000000000000000000000000000001000000000010010000
0000100000000101000000000110000000010000000000000101010100000000000100000000000000000000000000000010100000000000000000001001000010000000001000000001000010001000
0000100000100000001001000000000000000000000000000000000001010010000001000000000000000000000010100000100000100000001000000010000000000000000000000000000000000000
0010101000000000000000010000001000100000001000000000000000000000000000000000001000000000000010010101001000001000000000000000000000000000000000000000000000000001
0000000000010000000000000000000000000000010100100100010000001100000000000000001000001010100000010000010001000000000000010000100000000000001000000000000000000011
0000000000000010100000000000000010001001000000000100000000000000000010000010100000000000001000010000001000000100000001000000000010000000000100000000000000000000
0010000000001000000000000000010010000000000000010000000000000000000000011100000000010000000000000000100000001000001000000000000000100000000000000000100001001000
0000000000000000000010000000000000000000100000000000000000001100100100010001000000000000001000000000000000000000000000000100000000000000001000000000000100000000
0000000000111010100001000001000000000000000001000000000000000000000000000000100000000000000000000000001000000101000000000000000000000001000100000000000100000000
0000000000000000000010000100000000000010001000010000000000001000000101000001000100001010000010010000000000100000010001101100000000000000000000001000000000010100
0000000001100000000000000000000000000000000000000000000000000000000100000000000000000000000010000000000000000000000000000000000000001100000000000000000100001000
0000000000000000010000000000000101000000001000000001000000010100000000001001100100001100000000000001000000000000000000000000000110001000000000000000000000000000
0000000000100000000000000000001000000000001000000000110000001010000010110100100000000010010000000000000000000000001000100000000100000000100011000000000000000000
0000000000011000001000000001100000000000000001000000000000000000100000000000011000000000000000001000000000000000010010000000000000000000000100000000000001000000
0001000000000010010000000000000000000000000010000000010000000000000000000000000000000000000000000100000000000000000000000000000000000010000000100000000000000000
0010000100010001000100100000000010000000000000000100000001000000010000010001000000011000000000000000000001000001100100001000000000000001000000010000010000000000
0000010001000011001000000000000000000010000000000000000010100000000010000000000000000000000000000000000100100010000000000000010100000100000000000000010000100000
1000000000000000100000000000010110100000100000000100000000000000000000000000100000000010000010000000000000001100000000000110010000100001010000001000000010100000
0000000000000000000000000110000100000000000000000000000001000000000000001000000000000000000000001000000000001000000000000000001100000000000000000000000000000000
0000000000000000000000000000000010001100000000000000000000000001000000000000100000110000000001000001010000000001000001000000000000000000000000010000000000000000
0000000010000011000000000001000000000100000000000000110000000000000000000001000000010000000000010000000000000100000000000000000000000000001000000000001001001000
1000000000001000001000001000000001100010000010000000000010000000001000000000000110000000100000000000001000100000000000000000000000010000000000000000000100000000
0000000010000100000000000000000000000000000000000000000010000000000000100000000000001100000100000010000000000000000000000001001000000000000000000000000000000010
0000000000100001000000000000000000000000100000000000000000000000000100000000010000000000000001001011000101000000000000000000000000000000000010101000000000000000
0000000000110000000000000000000001000000011000000000000000000000000000000000000001000000000000000001000000000001000000000000000010000001000000100000000011000000
1000100001010000000000010000100000000000000000000010001100010001000010000000001010110000000000000000100001100000000000000100000000000000001000000000000000000000
0000000001000001001000000000000000010000000000100100000001000000000000000000010001000000000000000100000000000000000000000100001000000000001000000000000000000100
0000100000000000001011000000000010000000000010000000010001000000001000000000000000000000000000010000000000000000001000000000000100000000000000010000000000000000
0000000000000010000000000000100000000000000000001000000000000001000000000000000000000000001000000000000010000000000100001100000001000000000000000000000000000010
0010000001000001010000000000000010000000000010000000000000000000000010000000000000000000000000110000000000000100001001001001000000100000000000000000000001000000
0000100000000000000000000000000000000000000000000001000000000000000000000000000000011000000000100010000001001001000000000000000100000000000000000000000000000000
0010001000010000000000000000000000011000000000001000000000100000000000000000000010000001010010010000000000010000000000000001000100000001010000000000000000000000
0000001000100001000100001010010000000000001000000000000000000000000001100000000100000000000100100100000100000001000000000000100010000010000000000000000000000000
0000100000100000000100000000000010000000000010100000000010000000010000000000011000000000010100000000010000010000000000000000110000000001001000000000000000000000
0000010010000000101000000110000010000000000000000000000000001100000000000000000000001000011000001000000000000110000000000000000000000001010000000000010000000000
0001000000000100100100000000010000000100000000000000010000000000000000110000000000000010100000001000001000000001000000000000000100000000010001001000000010000000
0010000000000000000000000000000000000100000100000000010000000000000111000000000000000010000000000100000000000100000000000000001000000010011100000000000100000010
0000000000000000100000010010000000001010000000000001000000000000000000000000000000000000010101000000000100000000000000000000000000010000000100000000000000000000
0000000100000000000101000000000001000000000001000010000010000000000000000000000000000000011000001000000000010000000000000000000000010000010000000000000100001001
0100000000000000000100000000000000110100011010000000000000000000000000000001001000000000100000000001000000000000000001010001000000001000000000100000000000000000
0000000010000000000000010000001100000000000000000000101000000010000000000000000000000000000000001100000000000000000001000001000010000000000000000000000000001000
0000000000000000000000000000000000000000000000000000000000000000000001000000010000000000010000000000000000000000000001010010000000000000011010000000001000000000
0010001000000000010000000000000001001000000000010000000000000010010000000100000000000000000000000000001010000000000000000000000000010000001101000000001000000000
0010000010000000000000000000000000000000100001000000000000010000000000001000001000000100000000000010000000000000100000010000001001000000100000000010010100000000
0000000000000000100000001010000000000000001100001000000000000000000000000000100000000000000000000000010000011000001000000000000000001000000100010000100000000000
0000000000001000000000100000100000001000000000000010000000000000001000000010000010000000000000000000000000000000000010001000000000000010000010010001000000000000
0000000000000000000000000000000101100000100100010000000010000000001000100000000000010000000010000000000000000100000000000000000101000000000000000000100000000110
1000000000000000001000000101000010000100000010000000000000000010000001000000100011100001000000100010001000000000000000000000000100001000000000000000000000100000
0000001001010000000000001000000100000001100000000000000000000000000001000000000100000000000000000000000000000000001000000010000000100001100000000000000100000000
0000000000000001001000000010001000000100000100000001000010100100111010000100000000000000011000000000001000000000000000010000100000010000000000000000000000000001
0000000100000001000000100000000000000000000000000000010000000001000000010000000000000100011000000000000000011100000000001000000000000000000001000000000000000000
0000100001000011001000000000000000000010000100010001000000000110000000000000100000010000100000010000000000000000000100000010000000000000001000000000000101000000
0000000000000000010000000000000000000000000100000000000110010000001000100000000000000000000000000000000000000000100000001000000000000010000000011000000000000000
1000000000000000000000100100010000000000101001100000001000001000001000010000001010000001000000000000000100000000000000000000000000010000000100100000000100000000
0000001000000000000000100011000001000000100000000000010010010100000000000000000000010000000000000100010100000000000011000000000011000001000000000100000000000000
0000000000000000010000000000000010000000000000010000000000000001001000010000000000000000000000000000000100101000000001000000000000000000000001000000000000000000
0010000100000010010000000100000100000111000000000100000000000000000000100000000000001000000010001000000000010000000100000100000000000000000000100000000000000001
0000000000000000111000000010001000000000000100000001000000000000000100010000101101000000000000000000000000000000000010000000000000000000001000001000000000100000
0010111100000000011000000000000000000001000100000000100000000000010000000000000000000000000000000000000000100000000000100000000000010000010000000000000100000000
0001000000000000000000000000000000000000000000000000000000000001000000100000000000001000000000000000110001000010100000000000000000000100000000000000000000001000
0000000100000000100000000000000000001000000000000000000000010001000010000000010000000000000000000000100010000000000010100000000000000000000010000000100000000111
0000001000010001000000000000000100100001000000100000000000000001000000000000101000010001000000000000000011000000000000100000010000000011001000010000000000101101
0100010100000010000000000000000010000000000010100000100000000000001010100000000000000000001000000000000000000000000010010001000000000000000000000001000000000000
0000010000000010000001000100001000001010000000010100000000000001000000000000000000000001000000000000000000000000000000100100000000001001000000000000010000010000
0000000010001000000000000000000010000000000010000000000000000100010000100001000000100000000000000000000000000001000000000100000001010000100000000010000110000001
0000000000100000001000000000000101001000000000100100011000000000000000000000000100000001000000000000000010000000000100000100000000000000000000000000000100000000
1000000000010000000000101000000000000000010000000000000000000000000011001001000000011000000000000010000000100010100001000000000000000000000000100000000000001000
0000000000000100000001000000000000000000000010001100000001000000000000000000000000000000000000000000100000000010000000000000000100010000000000000000000000000000
0000000000010010000000000000000000000000000000000011010000000100001000010000010000000000000000000000000100000000000000000000010000000100110000000010010000100100
0000000000000100000000000000000000000000000000000000000010000000000000000000000000000000101000010000010000000000000000000000000001000000010000000001000010101000
0110000000100011000000001001000000100001000100000000000000000000010000000000110000010000000000000000000000001000000000000010000000000010001000000000000100000000
0000100000000000001000001001000000000100110010000000000000010000001000000000000000000000000100000000000000000000000100000000000010001000000101011000000000001000
0001000010010000000001000000100000101000000000001001000000010000000000000000000010001000000000000000000000000000100000000000000010000000000010000000000000100000
0000100000000010000000100000000000010000000000000010000000000010000000000000010000000000010000000100001100000000000000000000000000001000100100010001000000000010
0000000000000000000000000000000000000010100000001100001010100010001000000000000000000000000000000000000000001010000000001001000000000100000001000100000000000000
0000000000000000000000000100000000000000000000010000000100001000000000000000000000000000000000000000000000000000001100100001000010100000100100000000000000101000
0000000000000000001000001000000000000101000000000000000000000000000000001000000000000000100010000000000001000000000000100000000000000000010000000000100000000000
0100001000001100000000000000000010000100010100000000000000000000001100000110000000010000000000000001100000001000000000000000000000000000000000000010000010001110
0000001000000000000000000100010000000000000000000000000101001000000000000000000000000010000000100000000100011100000000000010000000000000000000000100000000000000
0000000000000000000000001000000000001000011000000001001000000000000000000000000000100000000000001000100000000000000000000000000000100000000000000010000000000000
1000000010001001000000000100010000000000000010000000000000010000000000000000000010000001000010000000000100000110000000000101000000000000010000000010100000000000
0000000000000000000010000000100000000000000010100001010000000100000000101000010000000000000000000010010000011010000000100000000000000000000000100100001000000000
0000100000000010000111000000000000000100001000010000000000011010000010000000000100100000000000000000000000011001010000000001000000000001000010000101000000000000
0000000000000000000000000000000000000000000110000100001000000000010000000100001100000000010000000000000000000000000000000010000000000010000010000000000000101000
1000000000000000000000000000000000001000000011000100000100000001000000000000000000000000000010000000000000000000000000000000000000000100001000000011000011001001
0000000100000000000010000000000000000000000010000000000001000000001000011001000100000001000000000001000010000000000111000000001000000000100000100000000000000100
0000000001001000000000000000000000000010001010000000100000000000010000010001000001000000000000100000000000000100000000000000000000100000010001000000000000000000
0000000000000000000000000000000000000000000000000000000000000000000000000000100100000000000000000000011000001000000000000100100000000000000100000000000100010000
1001110000000000000000000000001000000000000000000000010100000000000000110000000000000000000010001000001000100000000000000000000000011100001000000000010000000100
0000000000000000010000001100001000000010000000000010000010000000000000000000000000000000000000000000000000000100000000000000000000000000010000000111000000000000
0000000000000000000000000000000000100001000101000001001000000100000000000000000010000000001000010000000100000000000000001000000000000000000000000010010000001000
0000000000000000000000000000000010100010010000000000100010000000000001000010010000001000000000000000000000000000100000000000001100000000000001000000000000000010
0000100000001000000000000000100010000000000000001001000100100100100000000000000000000000000000000000001000000010010000110000000100000000000000000000000000010010
0100001000000100000000000010000000000000000000010000010001000001100000000000000001000000001000010011000000000000000100000000000000000000101000000010000000000000
0011100000000000000000000100000001100010000000000000000100100000010100100000000000000001001100000000000010000001000000001000000110100000101000000000000000000000
0000100001000010000000000000000000000000000000110000000000000000000000001000000000000000000000000000000000000001000000100000000001000100001000000000000001000000
0000000001000100000001000000000000000010010010000000000000000000000000000100000001000000000100000000000000000000000000010100000000010001000000010100100001000100
0000001000000000000000000000010000100000000000000000000000000000100000000000000001010001001001010000100010000000010000000000000001000000000000000000000000010100
0000000001000000000000000000001000000010100000001000000000000001010000000000010000000000000000110001000000000000000000001000000001000010010000101000000000000000
0000000000000000000000000000000000000000000000010000000001000000000000001010000000010000100000000001000000001000000000010001000000000000000000000100000000000000
0000000000010000000100000000001000010000000000000000000001000110000000001000000000000000000100000010100000000000000001000000000000000000000000000000000000100001
0000000000000000000000000000000000001000000000000100000000000000100100010000000000000000000000010000000000000000001000000000100000000000000000010000000000000001
0000100000000000000000000001100000100000000011000000000000000000100000000000000000000000000000000000001000100000000000011000010000000000000000000000000000100000
0000000010000000010100100000000000000000001010001100010101000000000000000101000000000000000000000001000000001010000000000000000000000001100000000000000000110000
0000000000000000000000000000100000000000000000100000000010000000000000001001000000000000000010000000000000000000110010000100000010000000100101000000000000100000
0000000000000100000100000000000001000000000100000010000000000000000101100000000000000000000000000010001000000000000000000100000000000000000000101001000100000000
0000010100000000000000000000000000000010000100000000000100000000000000000011000000001000001001000000000000000100000000000000000000000000011000010000000000000000
0001000000000000000000000000000000000000000000000101000100000000010000000001000000000000000000100000000000000000000000000000100000000010010010000000000000000000
0000000000000100000001000000100000110000000000000000000000000000000000000001100000100000000000000000000000000000000000000100010000010000000000000010000000000000
0000000100000100000000000000000000000001011000001000000000000000000000000010100001000000000000001000000100000001000010000000000000000100000000000100001010100000
0010010000000000000000000000001000000001000100000000000011000100000000000010000000000010000000000000000000000000110000000000000000000000000000000001000000010000
0000100010001000000001000000000000000000110000000100100000000000000010000100000001100000100100000000000000000000000000000010100001000010000000000001000000000000
0000000010000000000000000000000000100000100010000000000010011000100000000000000000000000000000010000100000100000000000001000100000000000001000000001010000001100
0100000100000000000000001010000100000000000100000010000000000000000000000000000000000000000000000100000000010000010100000000000010010000101000110000010100000000
1100000001000000001000010000000100000000000100000100000000000000000000000000000100000000000000001000000000000000000100000001010000100010000000000001000000000000
0000000000010001000000000100000100001000000000001000000000000000010000000000000000010000100000010000000001000000000000001000000000000000000000000000000000010000
1001001000000100000100010000000000000000000000010000000000001010010010000000100100000100000000000000000000000100000000000000010000000000110001000010000000000000
0000010000000000000000000001000000000110001001000000000000100000100000000000000000000010010010000100000000000010000000000000010000000100000000110000010000100000
0000000000000000000100000000000000000000010000000001000000000100000000000000000001000000000000100000000000000000110010000000000000000100000000000000100000000001
1000000000000000000000000000001000000000000000000000110001000000000000110000000010000010000110000000000000000000000100000010010000000000000000000000000000011000
0010000000000000000000000001000100100000011000000000000001000011000000000000100001001010000001000010100000000100000001110010000000010000000000000010000100000000
0000100001000101000001001000000000000000000100000000100110000100010000000000101100000001000000000001010010000100000100000010000000000000000000000000000000001000
0000000000000100000000000001000000000000000000101000000000000000000000000010000000000000001000001000000000010110000011000000000010000000000000000000000000000000
0000000000001010000000000000101001100000000000101100000000000100000000000000000000000010000010000000000000000000000000000000000000100000000100000000000010000000
0000000000000000100000001000010000000100011100010001101000001100000100000000000001010001000000000000000100000000010000000100010000000000001000000000000001100010
0000000000000000000000100000001000000100000010000000000001000110000010000001100001011000000000000000000000000000000000001010000010000100000000000000100100000000
0000100000010000000000001000100000000000000000000000000000000000000000110010010010110010100000001000000000000000000000001000000100100000000000010000000000000110
0000000000010100000000010010000000000000010010000000000001100001010001000101000000010001000000000100010000000000110001100001000001000000000000000000000100000000
0011000000000000000000001101000001000010000100000000100000000001000000001000010000000000000100000100000100000001000000001010000000000000000000000000000000000010
0001100001000000000000000000000010000000101000000000000000010000000000010000000000000000000110100001000000011000010000000000000100100101001000000010000000000000
1000100000000000000000100001000000100000000000010000000000100000000000000001000000000000000000000001100000001100000001000100000100000000000000000000000000101000
0000000000011000000000100100000000000001000000000000000000100000100000000000100100000000000000100000000000010000000000000000000000000000010010000000000111000000
0001010000000100000000000000000000000000000001100000000000000100000011000000000010000001001000000100000100000000000000000001010001000100000001100001000000001000
1000010000000001000000000000000000000000000001010000110000000001100000000000000100000000000000000000100000000000000000000000100001000000000000100000000000000000
0010000000000000001000000000000000000000000010000000000010100000100000000000000100000100000000000000001000000001000100000000000000000000100000000001000010000000
0000010000010000000000000000010100100000010000010000000000000010100000000000010101010000000000000010000000000000100001000001000000000000000000000000000001000000
0000000000000000000000010000000000000000001000010000000000000000000010001000000000010000000001010110000000010000000100000000010000000000000000010000000000100000
0100100000000100000000100101100000000000000000010000000000001000010000000000000000000100100011000000000000000100000000000001000000000000100000000000000000000100
0010110010000000100000000100000010000000100000000000001000010000000000000000010000000000110000100000000000000000000000000000000000000001000000010000000000000011
0000000000000000000000000000000100000000000010001000010000000000000100000100000000000011000000000000000000000000000000000100000000000000000000010001000000000000
0000000000000000000001000111000000000000000000000010010000000000000000000000000001000000000001000001011100000100100000000100000100000001000000110000110000000000
0000100000000000000000000000000100000000000001010010000000010000000000000001010000000000001100000010001000000000000000001000000000000000001000000000000100000000
0100001000000000010010001000000000100000000000000000100000100000000100000000000000101000000100000000000001000100000000010010001000000000000000100100000000000000
0100001001000000000100001000000001000000000010000000010000000000000000000000000000001000000000100001010000000000000000000001000000100000000010000010001000000000
0 0
159 159
