170 170
00000000001000000000000000000000000000100000100000000000000000000000000001000000001000010101000000000001000001001000000000000000100000000000000000100000000000000000010000
00100000000010000000000000000000000000000101101000000000000000000101010001100000100000000000000001000000001000000000000000000000010010000000000000000000000000000000000100
01000100100100100000000000000000001010010000000001010000000010000000000000000000000010011000010010000000000101000000000000010000001000000010001000000000000000000000000000
00000000100000000000000000000000000000000010000000000010000000001000000000000000000000000000010000010000000000000100000010000000000000000000000001010000000000000000000001
01000000001000000010000000010000000100001000010001000100010000000000000000010000000000000000000000000000000000000000110000000000000000000000000001000000000000000000000000
00000000000000000000000000000000000001000000000001100000000000000001000000001010000001000000100001000001000001100000000000010000001000000000100000010000000000000000001000
00000100000000001000000010000000000000000000000000000000010000100000000000000000000010000100000000101000000000000000000001010100000000000000100000000011000000001000000000
00001101000100001100000000000000000000010000000000000000000000000110000100000000110000000011000000000000000000000000000000000010001000000000000000000100000000010101000111
10010000100010010000000000000000000010000000000001000001000001100001000010000000000000010000000000000101000000010000000000001010000000000000000010010001000100000000001000
00000000101000110000000101100000000000101001000000000000000000100000000000010010000000000000000010000000000010000000000000000000000000000000001010000000000000000000000000
00101000000100000010000100000010001000000000000100111001000000000000010000000001000010000010000010000000000000000010001100000000000000000000000000001000000110000000000001
10100000000000000100000100000000000100000001000000000000001000000010000100000000100100000000000000000000000000000100000000000000000000000000010000000001000000100000000011
01000000000000000000001000000100101000000001001100100000010100100000000100000101000000000000000000000001000010000000000000010000000000100000000000000000010000000000000000
00110000000001000010000000000000000000000000100001000000000010000000000100100000000001000000000000000001100000010000000000000000000000000000000000000000000010000000000000
00000000000000001000000000000000000001000000000001000000000000000000000000000010000010000000010000000100010000000000000000000000100000010000100000000000000000000000000001
00000100100100000000000000000000001000001000000100000001000000000000000110000000000000010010000000000000000000000001000000000000000000000000000000000010100000000000100000
00000000000000010000000000001001000100000010000000000000000000000000100000001000010000111001001000000000010100000000100000000000000000001000000000000000000000000000000000
00000000000101000001010100000000000000000000000001000000000000001000100100000000000010000000000000000010000000000000000100000000010010000000000000100010001100000000000000
00000000000000000000001000011000000000000010010000000000100000000000000000010000000000000001000001010100000000000100000000000000000000000000110100000001000000000001001010
00000000000010000000100010001000000000000000000000010000000100001000000000000100000000010000000000000000000000000000000001000000000010100000100010001010100000000000000000
00000100000000000110000000000000000000000000000000001000001000001000100000000000010010000000000000000100100000000000010100001010011100000000000000000000010010000000000000
00001010000000000010000000000000000010010000000000000000000000000100000000100000010000000000111000000000000000000000000000000000100010000000001100100000000000000000010000
00000000000001000000000000000000010000100000000000000000000000011000110000010001101001001000000001100000001000000000000000000000000000000000000000000011000000001000000110
00000100000000100000000000000000000101000000000000000011000000000001000000000110000000000000000100100010000000000000000000000000101000000000000001000000010000000000000101
00000000000010000000000000100001010000000000000000010000001000000100110000010000000000001000000010000000000000000000010000000000000100000000000000000000000000000000000001
00100000000000010010001000000100000000000000010101000001000000000000000000000010001000000000000001000001000000000001000000000000000100100000000000000011000100000000000000
00000001000000000000000000000100000000000100010000000001100000100000000001100100001000100010010001010000000000000000000000000000000000000000000010010000000000000000010000
00000000000001000000000000010000000000000000100000001000001000000010000000000000000000000000000010000000000000000000001000000000000000010000100000000000000100100001000001
00110000010000000000000000000100000000001000000001000000000000001101000100001100000000000000000000000000000000000000000000000000000100010010000000000000001000000010000000
00000000000010001000000000001000001001100100000010000001100001000000000010100010000000000101100001000000000010000000000000000000000000000000000000000000000000100001110000
00000010000000100000000000000000100000000000011000000010100000000000000000000000000000000000000000000000001101000010000001010000000010000000000100000000000000001100000000
00000000000000010000000100000000100000000000010000000010000000100000000000000100000000000000001000000000000000001000000110000000110000000000000000000000000001000000000100
00000000000000000100010010000010000000000110000010000000000000000001001000000000010001000000000000001000010000011000010000000010000001001000001000000000000001000000000000
00000000100000000000000000100000010000000000001000000010000000100100000000000000000000001000000000000010000000000010000011001000100000010000010100010000000000000000000000
01000000000000100100001101100000000110000000000000100000000100000000000000000000000000010000000010000000000100011000000010000000000000000000001000000001000000000101000000
00000000010000000001000100000000000000000000100000000100010000010010000000000000000000000000010001010000000000000000100000000001000000000000000000010000000010000000000000
00100010000000000000000000000001000000100000000000000000100010000000000010000010000000000000000000001000000000000000110000000000100000000000000000000100000000000000000000
00100000001000000000100000100000100000001000100000000000010000000000010000001000000000000000100000000000001000000000000001001000100000000010100000000000001000000000000000
00000001001000000000000000000000100000000001000000000010000000001000000000000000000000000010001000000000000001000010000000000000000000000000000000010000000000000000000000
00000000000000100000001001011000000000001000000000000000000100000000000000001010010000100001000000000000000000000000000000000000000000000000110000000100000000000000000000
01000000000000001000001000100000000100000000100000001000000011000001100000001000010000000000000110011000000000000000001000100000000000000100000000000000000010001000000000
00010000000000000000100000001001010000000000100000000000000000000000001000000010000000000000000000000000000001000000000010000000000100000000000000000001000001001101000000
10000000110000000000000010000000110010000000000001000000000010000000000000000000000001011000000001000000000000000000000000000100000000000000000000000000100000000000000000
00000000000000000100000000100000000010000101000001000000000000000000000100100000000000000000100000000010000010000100001001000100010010000000000000000100001000001000000000
00010010100000000000000000000000000000000000001000010000000000000010000000001000000000000000000000000000000000000000000000010000000000000100000000000010011000000000010000
00010000101000011000000000000000001000000000001001000010000000000000000000000000000000000000100100000000000000011000000000000000000100101100010000101000000000100000000000
00000000100000010000000000000000000000000000000100000000000100100100000000000000000000001000000000000100000000000101000000001010000000010000010100000000000000100000010001
00000000000000000100000000000000000001000001000000001000000000000001000001000000000100000001000000000000101000000000100000000000000000000000001000000010000010100000000000
00000010000000000010000000000000000000010001000000001000000000000000000010001000000010000000000000000001000000010001000100000000000000001010100001100101000000000000000000
01000000001000000110000000000010101000010000000000000000000000000000000001000000000100010000000000000000000000000000000000000000000000000000101000000100010000010100000000
00000000010000000000001000000000000000000000000000000000000101001000001000000000000000010000010000100000000010000000100000000000000010000000000010100100001000110100100100
00010000000100001000111100100000000000000000001000000001000000000000100000000001000010100000000010001000011000000000000000100000000000000000000001100010000000000010000000
00000000000100000100000000010000100000010000000000100000100000000000100000010000000000000000000000100000000000000110000000000000000000010000000000000000000000000100001000
00000000000000000000000010001000000000000000000000000000010000000000000010000000000000000000000000000001000001100000000000100010100000000000000000100000000010000001010000
01000000000000100000000001000000000000000000000000000000000000000000000000000000000000000000000000000011000000100000100100100000000000000000001001000000001000001000000000
01000000000000000000100100000000000000000000000010000100100000000000000000000110001000000000000001000000000000000000000010000010000100000010000010000001000010000000000000
00000000000000000000000000110000000010000011000010000000000100010000000100000000000000000000001000000000000101000000000000000000000000000000100000000000100100000000000000
00000001000000000000000000000000100010000000001000011111000000000010000000000000000110100100000100000000100001000000000001000000000001000000010000000000000000000000011100
00000000000000110000000001000001000010000000000000000000000000000000000000100100000000001001000000000000000010100001000010000000000100000001000001001000000000000001000001
00000000000000000000000000000000000000001100000000000000110001010001000000001000000000000000000000000000000100000001000000010001000000000000000010010000100001000000101000
00001000000100000000000000000001000000000100000000010000100000000000100001000000000000000010100000000000000001000000000000101000000000000000000000000000000000000000100000
00000000000000000000000000000000000000000000000000000000100000000000111000000000000000001000100000000001000010000000000000101010100000001000100001000001000000000000000000
00000100001001000000000000000000100000001000000000000000100000010000000000000000001000000000000000000001000000000000010000001001000000010000000000000001000000000000000000
00101000100000000001000100100000000000000000000101000100000100100100000010000010000000001000000001010000001000000000000000000000000110000000000000000000000000000100000000
00010000000000000000100000000000100000000010001000000000000000000000000100000000010000100000000010010100000000000000000000000010000000100100000000000000000000000001000000
00000100000010000000000000001000100000010000001000000000000000000000000010000000000000000000001000000000000000000000000000000000000000001000000010100001000100000000010000
00000000000000100000000100000000000010000000000000000000000000010100100000000000000000000000000000000000000100001000000001000010000000010000001001000001010000000000000000
00000000000001000000000000000000001000001000000010000000011000101000000010000000000000000010000000000000000010000000000000000000000000000000000000000000000000001000000000
00000000000000000000001000010000010000010000011100000100100000000000000000000000001000000000000000000000000000100000000000000000000010000000000100001000001000010000000000
10100000010000000000100000000000100000001000000000000010000000100010000011000000000000000000000000000000100000100000000000000000000000100001000001010000000001000100000110
00001001000100000000000001000000000000001000000001100000000000110000001000000001000000000000010010000100000000000100001000000001001000000000010100000000010100001000000000
00000000010000000000011000010000010010000000001001010000000000000100000000000000000000000000010100000010001100000000000000110001001000000000001000000100100000100000000000
10100000010000001000000101000000111010000010000000000000000000100100000000000000001000001000001000000000010001100000000000000000000000000000000100100000100000000010000010
00000000000000100000001001000000000000000000010000000000000010000000000000000100000000100001000010000010000000000000001100000000000000100000000000000000000010000010000010
10100000000000000000000000000000000000101010000000000000000000000010100000000000000000000000010000000000000000000000000100010010000000000100000000000000001000000100000000
10000000000100010000000000000000000000000010000000000000000000000000010000000000000000000010000000000010000000001000000110000001100000010000100000000100000000000000000000
00000000101000100000100000010001000000000000000000000000000000010000101000000000100000000000000101100001000001100000001000000010000000000000000000100000000000000000000000
00000100000100101000000000000000100010100001000000000000000000000000000000000100000000000001100000000000000010100000001100000100000000100000000000000000001000000100001000
10110001001000000000000000000000000000000100000000000000001000001000000110000000100001011000001100000000010000000000000010000001000000000000100000000001100000000000001100
00000000000000000000000000000000000000000001010000000000100000000000000000010000000000000001000000100000000000000000000000000000000000101000100000000001000000000000000010
00000000000000000000000000000000000000000000000100000000010010000000000000000000000000000000010000000000100101000010001000000001000000000000001010000000000000000000100100
00000010000000000100000000100000000001000001000000000010000000000110000000000000000000000010000010010000000000000100000000000100000000011000000000000100000000000000000001
10100000000000000000000000001000000000001000001100000000000000000100000000100000010000100001000000000010000000000000000000010000000000100000000000000000000000000000000100
00000001000100000000000000000000000000000000110000000000000001100000000000000000000000010001000000100000000000000000000011000000100000000001010000000000000000000000000001
00000010001000000000000010000010000000000000000000000000100000000000000000010000000001000000010000000100100000000000000000000000000000000000000001000000000110010000000000
00010000100000000010000000000101010000000001000010000010000000100000000010000100000000000100000000000010000000000100100100010000000010001000000000000000000000000000000100
00000000000000000000100011100010000000000000000000000001101000000000000000000000000001000000000010100010100000100000000000001011000000000010100010000000000000000000000000
10011000000000000000010001000000000000000000000000000000000000001000101000000000000000000000000000000000000001000000000010000001000000010000100000000000000100000100000000
00000000000000000000000000000001000000000010000010000000000000000011000000001000000000000000000000000110000000000000000000000000000010000100001100000010000000000000000000
01000001010000010000000000000000000000000000100000001000000100001000000000000000010000000000000100000000000000000000010000000000001000010000000001000000000000000000000000
00010100000100000000001000000000100011000000000001000000000000000001000000000011000000001000011000000000100000001001000000000000000110100010000010000000100000000000000000
10000000000000000000000000000000100001000000000000000000000000001000000000000000000000000100000010000000001000000000000000000000000000000000100000101000000000000000000000
00000000011000000000000100000011010000001000001000000000000010000000000000000000000000000000010001000000010000000001000000000100000000000100000000010000000001000010000000
00000000001000000000000100001000000010000000000010000000000000000000010000000000000000000000000000000000101000000000000000000000000000000000000000001001000010100000000000
00000000000000100000000001000000010000010001010000000010000010001010000100000000000000000000000000011100010000000000000001001000100000100000000000000000000100010010011000
00000010100000000000000100000001100000000000000000000000000000000010000000000100100000000000010000000000000001000000000001000000100000000000000000000001000000000000000000
00000000000000000000000000001110001000000001000000000000000000001010001000000000100100000000100000001000100000000000000000000011010100000000000010000000000000011000000000
10100000000000000000000010000000000010000000000000000001001000000010000100000001100000000000010000000010000000000001100000000000000010001000000000010000000000001000000010
00010000001000000100010000000000100000001000000000000000000000000000000000010000010000000000000000011000000000000000000000000001000000000100000000001000000000000000000000
00000001000000100001000000000000000010000000000000000100010000000000001000000000000000001000000000000000000100000000000000000000000000000000000000000000000000000000000000
10100101000010100000000000001000000000000010000000001001000000000010000000000000000000001000000001100000100000100000000010000001000000000000001100000000000010000000000000
00000000000000000000000000000100001100000000000000000000000000000000000000000000000000000000000100000000011000000000011000000001000100100000000000000000001000000000100000
00000000010000100010000001000110000001000000000000001000000010000000000000010000110000000000000000000000000000000000000000000000001000000000000000010000000000000001000000
00000000000000000000010000000000000010000000001000100000000000000000000000000000001000001000001010001000000000000000000000000000000000000000000000100100000000000010000000
00000001000100000000000000000100000000000010100001000001000000000000000000000010001000000000000000000000101010000000000100010100000000000000000000000000010000000000010010
00000110000010000000000000000100000000000001000000001000000000000000000100000000000000000000000000000000000000000000000100000100000000001000010100000000001000000010000001
00000000010000000100000000001001000011000000001100000000001101000000000000000000100001000000001101010000000000000001000000100000000000000000000000000000001000000000000000
00100000000000000000000000000010000000101010000000000000000000000001000010000001000000000000100000000000000000000000000000010011000000001100010000000000000010000100100000
00001000000100000000100000000000000100000000000000010000010000000000001000000000000000000000000000000000100000100000000000000000000000100000000000000000000010000000001000
00000000000001000000000000000000000000000010000000000001000000000000100000001000000000000000000000000010000010000000000001000000000000001000010000000001000000100000000000
00001000000000000000001010010000000100000000000000001001100000000000000000000100000000000000000000000000000000001000000000000000000000000000000010000100000000000000000100
00010000100000000100000000100100000010000010001000000000000000100000010000000000100000000000000100000000000000000000100001000010000000000000000000000010000100000001100001
10010000000000000000000000000000100001000100000010000000101000000000001000000000001000000000000000000000000000000000001000000100001000000000010000000000000000010000000000
00001000000000001000000000100000000000000100001000000000000000000100100000010000000000000000000100000000000000100000000000000000000000000000000100000000000000000000000000
00000000011000001000000000001000000010000011000000000000000000000000000000000000000000000000100110000000000000000001000000000000000000000000010000000000000010000000000000
00000000000001000000010000000000000000000000000000000000000000000010000000000000000001000000001010000000100000010001011000000000000000000000000000000000000000000000000000
00000010000000000100000000010000010010000000000000000001000001000000000100000010000010000010000000000000000000000000100000000010000001000000000010000000010000010000000000
01000000000000000000100000010000100100010001001000000000000000000001000000000000000010000000000000001000010000011000100000000000000000000000000001000000001000000000010100
00000000000000000000000000000010000010001000000100000000000100000000000000000000100010001000001000000000000000000000000000000000010100000010010000001000000001000101000000
00000000000000000000000100000100100010001000000000000000100000000000100101000000000000000000000100001000010000000000000001000100000100000000000000000000000100000000001000
10000000000000000100000000000000000000000101000000011000000101000000000100110000000000010100000001000101010001001100010010000000000000000000000000000000000000000011000001
00000010101000000000000000101000000000000100000000000000001000000000001000100000000001000000001010000000000000000000010000000010000000010010000100000000010000000000010000
01000000000001010000000010000001000000010010000000000000000000000000000001100000000101000000000001010001000000001000000000000000000000000000000000000000010000000000101010
00000000001000000001000001001000000000000010001001000000000100000000000001000100001001000000000000000100000100000000000000001000000000100000000000000100010000000000000000
01000010001000000000000000101000010000000000000000000000000100000000000000000000000010000000000000000000000000000110000100000000000100000000000000001000010100000000000000
00000000000001000000010000000000001000000000000000110000000100010100100000000000000010101000000000000000000010001000000001100010000000000000100001000000000000000001000000
10000000000000000001000000000000000000000100000000000000000000000000000000000000000000000000000000000000000000000000100100000000000000001000000010000000000000000000000000
01000000010101000000100000000000100100000000000000000000001000000000000000000000000000000000100001000000010010000000101100000000000000000000001000000100000000000100001000
00000100000001000010000100010001000010000000100000000000010000000010011000000000000000000000001101000100000000000000000001000000000000000100010000100000010000001100001000
00000100001000000010000000000000000000000000000100001000010001000001000000000100000000010000000000001000000100100000001000000000000000000000000010000010000100000000000001
00000010000001000001000100000000000000000000000001000000000000000001100000000100000000100000010001000000000000000000000000000000000001001010010000000000000000000000000000
00010000010000000110001010001000001000000100000000000000000000000100000000000000000000000000100000000000001000000000000000000000000000000000000000000000000000000001000001
00000000000000010100000000000000010000000000000000000000000000000000001000000110000000000000000000000000000000000000000001000000000000000001000000000001000010000001001000
00100000010001000000010000000000000010001000001000000001000000000000000001000001010000000001000000000000000000000000000000000000000000100000000100010000000000000100001000
00000000000000000100000000000000001100000000101000000000100001000000001000000000000000000000000000000001010000000000000000000000000000100001101100000000010000000000000100
00100010010000001000100100000000001000000000000000001000001100000010000000000101000000000010000010000000000000000000000000000000000000000000000000000000000000000000000000
01000000000000000100101010000000000010000000000001000000000000100000100000000000000000000000000000000000000000001000000000000000000100000000000000000000100001000000000000
00000000000000000000000000000100001000000000110000001100000000000010010000000100000000000000011000000000000000000001000000000010000000000000001000100000000000100000000000
00000000000000000000000000000000000000000100000000000001010000000100010100001000010000000100010000000000010000000000000000000010000010010000000100010000000000001000010000
00000000000100000000000000000000000001000000100000010000000000000000000000000000000000000000000000100000000000000000000010000000010000000000000000010000010100001000000000
00000000000000000010000000001000000000001000010000000000001000000000000100000000000000010001001010000001000000000001000001000000000000000100000000001000001000000000101000
00000000000000000100000001010000010010000000000000000000000000000000010000000001000000010000000000000001010000000000000000000000000000000000100001000000000000110000000100
00000100000000000000000000010000000000000000000001000000000000000001000000100010000001100000000001100000000000000000000000100001000100010000000000000001010010000001001010
00010000000000000001000000000000000001100000100000000000000000000000000000000000101000010010000000100000010100100000001000001000110000000000000001001010000000000000000000
01000100000000000000000000000000010000000001000100000001000100000000001000000000001000000100000000010000000000000001000100001000110000000000101100010000100000000000000000
10000000000101000000100001000000000000000000000000010000000000000000011000100000000000000000001000000000000000000000001001000000000000001010000011000000000000000000000000
00000000000000000001001000000000000000000000000000000000000000100101000000000000000000100001000001000000001000000000001000000000000000000000000000000000001000000000000000
00000000100010000000001000000000000000000010000000000100000000010000010000001000000000001000000011000000000001001000001000000000100000010000000000000000000000000000000000
00000000001000000000000000000000100000000000000000000100000000010000100000010000000001000000000000010000000000100000100001000000000000100000000000000000001000000000000000
00000000000000000000001000000000000100000000000000000000000000000000000000000001000000000000000000010000000010000000000000000101000000000001000000000000001000000000000000
10000000000000000000000100000010000000000000000100000000000000000000000100000100100000000001000000000000100000100000100000010000100000000000000000000000000000001001000000
00010000000000000000001000100000000000100000000010000001000000100000000010000000000000100000000000100100000000000101000000000000000000000000000000000000000000000000010000
00000000000010000000100000000001000000000011010000000000000000001000100000000010000010010001000000000001000000011010000000000001000000111000000000000000000010000100010000
00000000000001100000000000100110000000000000000000001000100000001000000000000000000010010001000000000000000000000100000000001000000010000000010000000000000001000000000001
00001010000000000001000010010000001000000000100010000000000001100000110100001000000000000000000000000000000000000000010000000000000000010000000000000000000010010010000000
01001000000000000100000000100000000000000000000010000100000000000000000000010000000001000000000000010000000100000010001000000000000011001000000000000000000000000010000000
00010000001100000000000001000000001000000000000100000000010000000000000000010000000000000000000001000000000001000000001110000000100000000010000000100100000000000010000001
00000000000000000000000100001001000000000100100000001100000000000000000000000000000010000000000001000001000000000001000010000000000010000000000000001000000010000000000101
00000000000000000000010100000000001000000000000110000000000000101000000000000110000000000000000000000001000000011000000000000000000000000000000000010001000000000000000000
00000000001100000000000000000000000000000000000000000000000000100000010001000010001000000000100000000010000010000000000010100010000000000000000000000000000000111010110001
00100010101001000000000000000000000111010000001000000000000001000000000000001000001001000000000010100001000000000000000000010000001000000000000000001000000000000010000000
00010000000000001101011110000000000000010000000000010001000000000011100001011000000000000000000001010001000000000000000000000000000001000000001010000000000001000000000000
00000000000000100000000000000000000010000000000000000010000000000000010100000000000000000000000100000000000000000100000000100000000000100001000010000000000000000000000000
10000000000000000101000000010000110000000000000100000000000100000000101101000100000000010000100000000001000000000000000000001100000000010000000000000000000000000000000000
00010000010000001000000010000000101000000000010000000000000000000000000000000000000000001000000000000000001000000100000000110000000000000000000000000000000000000000000000
00100000000000000000000000000000000000000000101100000010000000000001000000010000000100000100000000001000010110010000100000000000000000100000001000000000100101000000000001
00000100000000000010000000000000010000000001000000000000000000000001000000100000000010000000100000000000000001000000000000000000000101001000000100000000000000000000110000
00000000000100000000000000000000001010000000000000100000010100000000100010000100000000001000100000000000000010100000000010000001000000000010000000000000010000000001000000
00001000000010100000000000000011000000101010000000000000000000000000000000000010010010100000000000000000000000000000000000001101000000001010000010000100100000000000000000
00000000000000000000000000000101000000000010101010000000000100000000000000100000000010010000110000001000010000000000010000010100100011000000000000000000010000000000000000
0 0
169 169
