175 175
0000010000000010000001000001000101000001000010000001100000000000000000000100100000000010000000000000000000000000000010000000000010010000000000000100000110000100010000100000110
0001000001000000001000000101000010000000000001000000000000000000000000100001010001000100110000100000000000000000000000000000000010010000000000001001000000001000010000001000000
0000100000000000000000100001100000000100100000000000100000000000000000000000000000010000000001000000000100000000001000100000000000000000110000000000000000000000000000000000100
0000000000001000011000000001000000000000000000001000000000000100000000010000000010000000000000100000000000100000000010000010010000000100100000000000100001000000000010000000110
0000100100001000000000000100000100000000000000000000010000000010000000000000000000000001100000000001000000000010001000000000000000000001000000000000000000010000000000000010000
0000000000100000000000000000000000000100000000000010000000000000000000001000110000000000000000000000000001000010000000000000000000010100100001000000000000000000000000000000011
1000100010000001000100000000000100000010000000100000000000100100000000000000000010000010000010000000000000000000000010000011000000000000100000001000000100000000000000000001001
0100000000000010000000000001000110000000000000010001000000101000000000000000000000000000000000100000000000000000001000010000100000000000000000000000001000000010110000000000100
1000000000000000010000000000000000000000010001000000000000000000011000000001000010000000000010000001000000000000000000000000000000000000100000100000000000000001000000000011000
0000010100001000000000001001000000001010000000100000000000001000000000000110000010000110000000110000110001000001000001011000001110000000000011000010000000000110000000000000000
0000000000000000000000000000000010000000000010000000000110100000000000000100000000000000000000001000000000000000010100010000000000000000000000000000000010100000000000000000111
0000000000011000000000000000000000000000000100000000000000000000000100000000000000000010100100000000100010000000010000000000000000000100001010001000000000000000000001000000000
0000000000000000000000000000010000000000111000001000000000000100000001001010000000000000000000001000000000000001100000000001000010001100000000000000010000000010000000010100010
0010000000000000000000000000000000000010001100000000000000100000000000100000000000000000101001000000000000000000000001000000000000000001000000000000000000000000000000000000001
0011000000000000000000000100000000000000000000001000000000000000000000000100011000000001000000100000000000000000000000000000000000000000111000000000000000000100000010000001000
1000000010010000000000000000000000000010000000000000000000000000100100000011000000000000000000000000000100000000000100000000000000000000000000001000000000000000010000000000000
0000010000000000000000000001000000000000000000000100000000000000010011000000100000000010000000000001000000000001100000100010000000000000000001000000000001001000000010000000000
0000000000000000000001000000000000100000000001000000000000000010000000100000010010000000000000100000000000000000000000000000000010000100001010010010000010010000000000100000000
0010100000000000100000000010000000000001000010000000000000000010000000000000011000000000000000000000000010000000000000000000010000000100000000100100000010000000000011010000000
0000000000000010000000000000100000010000100010000010000000000101000000100000000000000000000000100000101000000000000001000001000000000000000000000100000000000000000000000000101
0000000000001101010000000000000100000000010000000000010000001000000001100010000000001000010000000010000000000000010000000000000000000000010000010000000000000000000100000000001
0000100000000000001110000000000001000010001100000000100000000000000000000100000000000000000000001000100000000000000000000000000000000101000000100000000000000100000000000000100
0010100000000000000100101100100000000000000000001010000000000000000000000000000100000001000000000000000010000000000001001001000100000000000000000000001001000100000001000000000
0000000000000000000000000101000000000000000000000000000100000100000001000001000000000000000000000000000001000001001000001000000000000000001101000000000000000000000010000000000
0100000000000000000000000010000000001000100000000000000000010001000000000000000000010000000000000001000001000000000000000000000010000000000000010010000000010000000000000000000
0000000000000000000000000000001000000010000000010000000000000000000011100000000000000000001000000000001000100000000000000000000010000000000000000001000000100000000000001000000
0000100000000000000000000000000010000000000000000000000001010000000000000000000010100000000010000001000000000000000010000000000000000100000000000000000000010000000000000000000
0100000000000000000010000010000010000000000000010100000000010000000000000000000000000000001001000000000000000000011000000010000000000001000000010000010000000000000100001000000
0000000100000000000000000000001000000010000000000000000000000000000000001100010000010000000000000001000000100000000000000100100000100100000010000100010000000001001000001001000
0100000000000000000110000001000000000001000000000000000000000000001010000000000100001000000000000001001000000000000001000000000000000010000000000100000000010000000000000100000
0000000000000100100001000100000000001001000000000001000000100000000000001000000100000001000000000000000000010000011100010000001001000000000000000000100000001000000000000000010
0010000000000000010000000000000000000000000000000100000000000000100000010000000000010000000110000000000000010000000000010100000000010000000000000000000000000000000000010000010
1000100000000000000100001000100001000000000010000010010000001000000010000000000010000000100000100000000000000001000000001000000000000000000000100000110000000000011000000000000
0000101000000000100100000001000000000000000010000000000000011010000000000000100000100001010010000000000110000010000000010000000000000011000000000100000000000000000000000000010
0000010000000000000000000000000000000000110010000000001100100000000000110000000000000000000000000000000001000000000010000000000010000010110000000010000100001000011101100100100
0000000100001000100000000000000000000000000000000000000000000001000100000000000010000000000000000010000000100000010001001100000000000000010100000000000000000000000010000001000
0000001000001100010000000001000000010000000000000000100000100100000001000010000000000000000000000000000000000000100010000000000000000000000001011000000011000000000000000000000
0000000000010000000101000000000000001000000000000001100000000000000000001000000000000000000000100000000000000000000010000000000000001001000000000000000010010000000000000100000
0000000100001000000000010000000000010000000000000000000000001000000000000000000001010001000100000000000000000000000000010000000000000000000100000000000000000000000000000001100
0000001000000100000001000100000000001000000000000000000010000010010000000100010000000000100000000000001000001000001000000000000000000000100100000000010000000000011011000000000
0000100000000000000000000000000000010000010000000000000010100000010000000000000000001000010000100000000010000000000010100000000000000000001000000100000000000000000000000000000
0001000000000000000000001000001000000000000000000000000000000101000000000001000010000000000000000000010000000000001000000000000000000000001000000000010000000000010000000000000
0100000000100000000000000000100000001000000000000010000000000000000110000000000001000000000001000000000000001000000100000000010000000010010000100000001000000000000001000000000
0000000000000100000000000000100000001000110000001110101000000000000000100010000000000000000010001000000000000010000000000000000000000000000100000000000010000010000000001000000
0000100000000000001000000001010000100000000010000000000100000000000000010001000000000000000000000000000000000101100000011010000000000000001000001000000010001000101100000000000
0000000000000000001010000000000001010000000000000000100000000000000001000010000100000101000100000000001010010000000000000100000000000010000000000000000000001100001000000000001
0000000000000010000100000000000000100100000000000100000010000000000000000000000100011100000000000000000010011000000000000100000000100011001000000100000000000000000000000001000
1000000000000000000100000000000000000010011000000010000000010000000000001000000000000000000000000000000000000000000111000000010000000100100000100010000001010100000000000000010
0000000000000000000100000100000000000000000000000001000000100001100000000000000100001000000000000000000010000001000000000010000000000000001000000000000000100001000000000100000
1000010000000000000100000000000000000000000000000000101000000000000000000100000000000000010000000110100010100000000000000000000001010000000000000000000000000010000000100000001
0000000000000101000000000000001000100000100001000000000000000010000000110001001000000000010100010000000000000000000000000000001000000000000000100010100001000100000000000000010
0000001000000010000000000000010000000000100110000000000000000000000000000000000000100000001000010010001000001000000000000100000000000000000000000000000000000000000000000000100
0000000000000000000001100000100001000000000000000010000000011000100000000100010000000000000000100000010000010000100000001000001000000000100000000010000000000000000011000000000
0000000000001010000100000000001000100010000000010000000000001010010000110000000000000000000000000000000000000000000000000000000000000000000000001000100000000001001000000101000
0000101000000000000000000001000000000000000000000000000000000000000010000000000000000000000000000000000000100001000101001000000000000001001000000000000000000000000000000000000
0000001000001000101010000000011000000000100001100000110000000000000000000000000000100100000000101001000000000000000000000000000000000000000000001000000000010000000001000001000
0000001100000000000000000000000000000000000010000000001010010001000000001000000001000100001000000000000000000000000000000000010010000011000100000010000100000000101000000001000
0000000000000000001000000000000100011000000000000000000000001100000000000000000100000000001000010000000000001000001000000001000000000000000000000000100011010001000100000000000
0010000100100000010000000000000000000000000100000000000000000100000000000100010000010000000000000000000000000000010100100010000000000000000000000000000000000000001000000000000
0000000000000000000000000100100100000000000010000010000000100000000000000000000000010000100010000010001000000000000000000000000000000000000000110000101000000000000000000000000
0000100010000100100000000000010000000010000000000000000000101100010000010000000000000000000000000000010010000000000000000000000000000000000010000000000000010000000000000000000
0001100100000000000001000000000000000010000111100000100010100010001100000100001000000000000000000000000000001100000010000000100000100000010010101000000000000100000100000001000
0000001000000010000010000000000001100000101000000000000000010000001000000000100000000000100000010000000101011101000000000000000000000000100000000100001000000000000000000000000
0000000000000100001000001000000001000000000000000000000000000000000000000001000001000000000000000000000000001000000010000000000100000000010000000000100011010000001000000111000
0000000000000000000000001000000000100100100000000000000000000000000101000001000000100000000101000000100000000110000100000100100000001100010000001000100000010000001100100001000
0001000001010000000000000000000000001001000000010000000000000000000000100001000000000000000000100000000000000100000000000000000010000000000001000100000000000001001000000000000
0000000000000000000000000000000000100000000000000000000000001000000001000000000000000010010001000100010000100000000000000000100000000000000000001000010010100000000010000000000
0000000000000010000001000100100000101010000010000100000000010010100001000000100000000000100000000000000000000011000000000010000000000010010000000000000000000000000000000100000
0000000000000000000000000001000100000000000000000100000010010010000000001100000000000000001000000000000000000000001000000000000000100000000000000000100000000000010000000000000
0000100000000100000000100000000000000001010100100000000000000000000010000011000000010000010000000001000000000000000000001000010000000000000000000010000000000000001000000000000
0010000100000000000000010000001000000000000000100000000000010000000000000000000010000000000000000000000000000011001000000000010000000000100000101000100000000000000000000000000
0000001000000000000000000000000000000000000000000000000000001000000000000101000010001000001010100000100000000000001010000000000011000000000000000000000000000000000000001000000
0001010000000000000000000000000000110000000000010000000010000000000000000001000000000000000000001000000100000000000000000000000000000000000000000010000100001000000010010000011
0000001001000000000101000100100000000000000000000000000000100000100000000000000000001101000000100000000000000000000000000000000001000000000000000000100100100001000010010000000
1001000000000000000000010000001000000000100010100000000001000000000000000000000000000000100000000000000100000100000001000100000000000001000000000001000000000100010000000000000
1000000000000000100000000000000000001010001000000000100000000001000000000000000000000000000000000000000000100000001000000000000001000000110000000010010000000010000000010000100
0100000000001001000000000100000000000000000100001100000000000000001000010100000000001010000000100010000000000000000000000000000101000000000000000000000001000100000000100011000
0001000010000000000100001001001000100000000000000000001000000100000000000000001000001000100000000001100000000000000100010000000000000000000000000000000100000000000000001000000
0001000000000010100000001000000000000000000100001000000000000000000100100000000010000000000000000000000000000000101001010000000100000000000000000001000001000101000000100000000
0000000000001000000000000000000000000000100000000000000000000000100000001000100000000000000000000000100000010100000000100000000000000000000100000010000000000000000101000000000
0000000100100010000010010000000000010001000000010001010000100000010000010000000000000000000000001001000011100000000000001000000000001000000000000001010001010000000000010000110
0000000000000010000010000000110010000000001000000000000000000000100000000000000000001000000000000000000000000000000000000000000100100000000001010000000100000000000000000001000
0000000000000000100000000100000000000000000000000000000000000000000000000000000000000000000000100000010000000000000000000000000010000001010000000000000000001001000100010001000
0000000000000000001000000000000000001000000000000000000010000000000100010000001000010000000100000000000000100000000000000000010000001100000000000000000000010000010010000010000
0000000001000000000000000000100000010001100001000000010001000000001000000010000000001000001001010000001000010000101001000000100000000110000000000000000010000000100000100001000
0010000000010000000001010000100000000000000000000000000000000000000000000000000000100000000000000110001000000010000100000000000000000000000100000101000000000000000000000100000
1000000000000100000100000010001000000000100010000100000000000001000100000000001001000000000010000100000000000010000011010000000100000000000000100000000010001000000000000001000
1001000000000000000000000000000000010001000000000000000000000000000000000000100000000000000010100000010000100000000000000010010000000000000000010000010100001100000000000100000
0000000000000000110000000000001001000001001000100000000010000010000000000000000010000100100000001000100000000000000000000000000000010000000000000000000000000001000000010001000
0000000000000000000000000000000000001000000000000000010000001000000001000000000000001000000000000001000010000010000100000000100000000000101000000000000000000000000010000000000
0000000000000001000000000010000011000000000000000010001000000000000010000000000001000000100000001000001000000000000001000000000000000001000000001101010010000000000000001010000
0100000000000100001000000000000000010010000000000101000001001000100000000000000000010000000000000000000000000101000000000100000000000000100000000000101000010000000000000000000
0000010000100000000000001000000010100000000000000000000000110010100000101000011000001000000000010100000000100001000000000000000000011000000000000000000101000100000000000101000
0010000000001000000000000000000110000000001000000000000000000000010000000000000000000001000000000001000000010010000000000010000000000001000000000000000000100000000000001100000
0001000000000000000000000000000000000100000010000001000000000001000000000000000000010010010100000001100000000000100011100000000000000000000000000000000000000000000000000100000
0000000000001000001000000000000000000001001000001000000000000000000000000000010000000000000010000000000100000000011010000000100000000000000010000001010000000000000000000000000
0010000100000000000001000010000000000000000000000001000010000000100000000000010010001000000000000000000000001100000100000001000000000000010000000000000000000000100000000000000
0000001011000000000000000000000000000000000000000000010010011000100000000000100000000000000000000000000100000000000000000000000000000000000010000000000000000100000100000000000
0010000000000000010000000001000000001000110000000000001000000010000000001000000000000000001000000000100000001000110000000000000000001000000010000010000000000000000000000000000
0000000101100000000000000001001000100100000000000000000000000001000010100000001000001000101100010000000000000000000000000000000000000001000100001000001000000000000001000000000
0000000000000000000000000000000000100001010000000010000000100010000000000100000000000100000000000000001100000001000010000000000000100100000010000001100001100000000000000000000
0000000001000010000000000000000000000101000000000010000000000000000000000101000000000000000100000100010000000000100000010000000000010001000001000000000000010010000000010000010
0000000100000000000000100000000000000000000000000000000000000000000100000001100000000000000000000000000000100010000000001000000000100000000000000000000000000010000000000000000
0000000000001000010000000001000010100000000010000000010000000000000001000010000001001000000000000000000000000000000000000000001110000000000000000000000000100001000000001000010
0101000000000000001000100000000000000000000000000000000000010000000001000000000100000101100000000000000000000010000000000000010001000000010010100000010000000010000010000000010
0000100000000000000000001000100000000000100000100000001000011000100000000000000001000000000000000001000000010000000000000000000000000000000001100100000000000000000000001000000
0010000100001000000000000000000010000010000010000010000000000010000000000100000000100100000000000000000000000100000000000011010000000001000000000100000000000000001101001000000
0000000001000100010000000000001000000000100000001000100000000000000000001100000000000001000000000000001000000000101000100101000001000010000000010110000000000000001000010011010
0010000000001000000011000000000000000000100000000000000000000000000000000000000000000001000010000000000000000000000000000000000000010011000000000000001000000000000000100000000
0000000000000000000000000000000000001001000000001000000000010000000000000000000010000100000000000000011100000100000000100000000000000000000000000000001001000100100010011000000
0000001000010000000001000000000000000010000100000000000001000001000011000000101000000100000000000000000000100000011000000000000000010010000000000000000000000001000010000000000
0001000000001000000000000010000000000000000010000100000101110000000000000000000000000000000000100000000000000000000000010100000000000001000000001000001000000000000001000001000
1000000100000000000101000000000000100000000000000000000001000000000000000000010000010100000000000000000010010100000100000010000000010000000000010000000100010000010000010000000
0100000000000000101101010000000000101000000000100000000000000000000000000000000000110000000000000000000000000100000000000000000000000000000010000100000000000000000000000100000
0000000000000000000000101000000000000000000000000000101000010000000000000000010000000000000100000010000001000000000000000100000001000000000000000000000000000000100000000000000
0000000010000000001001001000000000000000000100000000001010000000000000000000000100000110000000000000000000000000000100000000000000100000000000100000000000000000000000000000000
0000010100110000000000100000000000000000000010000000000000001010100000001000010000000100000010000000110000000000000000000001000000000000001000000100000100000100000000000001000
0100000101001000000000001000000010000000010000000100001000001000010000000000010000000000000010000100000110000000010000000000000000100000000000000000000000001000000000000000000
0000000000000001000000000000000000000000000000000000000000000000100001000000000010000000000000100000000000000101000000000100010000000000001000000000100000000000000001000000001
0000000000000000000000011010000000000010000000100000000101000100000000000000000000000000010000000000110010000100000000001000001010000000000001000000000000000000000000100000010
0000010100010010000000000000010000000001000000000001000000011000000001000000000000000000001100000001000000000000000110000010000000000000000010000000001100001000000000000010000
0000000000000000100001000000010100000000001000000001100000000000000000010001000000000000000000000000000000000000000000000000001000100000000000000010000000000000100000010000000
0000001001100000010000000000000000000000000010000000001000000010000000000000011110000000000000000000000000001000010100000001000000000100100000100000000000000000100001000010100
0000001000010000001000000010000000000000000000000100000000000000000000001000000100000100000000000100010010000010100000010000000000000000000010000000000000001000000000001000000
0001100000101000000010000011000000001000010000000101001100000000000000000000000000000000000001000000010001000010000000000101001100000000100000001000010000000000000000000000000
0000000000000000000000001000000000000000000000000000000000001010000000000001000001000000010000000000011101000010110000000011000000000000001000000100100000000000000000001000000
0000000000110000000000000000000010000000001000000000000100000000000111001000000100000001000000000001000000000010000010100000000000000100000100000000100001000000000000000000000
1000000000000110000000100000000000000000000000100001010000100000100000000000000000000001100000000000010000000000000000000000000000100000000000001000000110000010001000001011000
0001010000000000000010000000000000000000000000000000000010000000000000000010000000000100000000010000000000000000000010100001010000000000000000000000000000000000000001001000000
0000000000000000000010001000000000010001000000000000001000000000000001000010010000000100000000000100000100000100000000010000000100010000000001100000000000100100000000000000010
0000001000000000000000000000001010000000000000001000000000001000100100000000000000010000000100000001000000101100000010000000000000000000001010000000000000000000000000010000000
0000000100000000000000000000000000000000000001100000100000000000000000000000000000000001000000100100100000100000000000000100000000010000000000100000010100000001000000000000010
0001001000000000001000010000000000100110000010010000001000001001000000000000011000000010000000000000000000100001010000000001000000000000000001100010000000000100000000001000000
0000001000001000000000010000000000010000000000000000000000000000000000001000000000000001000001001000000000001000000010000000000000000000010000000000000000000000001000000010000
0100000001000000011000000000000001000000000000000000000000001000000000000000001000001001000000000000000000010000000001000001000000000000000000000000000000010000000110000000000
0000000000000001000000000011000000000000010000001000000001000000000000000001000000000000000000000000000011000000000000000000000000000001000001010000000000000011100000000100100
0000000100001000000000000000000000000000000000001011001000000000000000010001000000000000000011000000000010010000000100001000000000001001100010000000100000000000000001000000001
0000000000000001000111000000000000000000000001000000000000000000000000000011000000100100010000000100000000001000010000010000000001000000000001100000010000001000100000000000000
0000000000010100001000000000000000000000000000100000010110010000010000000000001000000001000000100000000001000100000010100000000000001000000000010000010010001001000001001000000
0010000000000001000000000000000000000000001001110000100000100000100000000000101000100000000000000010000000000010000001000000000100000000100100000000010000000000000000000100000
0000000000000010000010000000000010000000000011010000000000000000000000100100000000000011010000000000000000000010000000010000000000000000000010000000001000001000000100000000000
0011000000000000001100000000000000000100010000000000000010000000000000000100000000001000000000000000000000000001101000000000000000000001000000100000000000001000001001000000000
0000000000000001000000000100000000000100000100000001001000000000000000100100000000000000000010000000000000100000000000000000000001011010001000000000000000000001010000000000000
1000000110000000000000000000000101000000000000000000000000000000000000000000001000000000000000000000000000000000010000000000000000000000000000000100000000000000000010000100000
1100000100000000000000000001100000000000000000000000000110000100000001000001000000000000010000000000000001000000000010100000000000100001100000000011000000001000001000000000100
0000000000000000000000001000000100010000001001000000010000000000000100000010010000010000000000001000000000000000000000000000001100010100000000000000100000000000000100000000000
0000000000010000000000000001000100010000000010000100000000000000000000000100010000001000000000010000000000000000000000001000000000000000000000010000010000001000000100000100000
1000010000010000100000000000010001000000001000000000010000000010000100000000000000000000001000000000000000000000000000000000100001000000000000000000000010000001010100000000000
0000000110000000001100000000000000000000010100000000000000000000000000000000000000000000000000000100000000001000001000000000100000000000000000000000110000000000000100000100000
0000000001000000000000100001000001000000000000000000010011000000000000010000000000000000010000000000000010000000001010000000000000000000000000000000010000000000100000000000000
0000010000100000000001000000000000000000010000000000000000000001000100100000000010000000010001000010000000000000000000001011000000000000000000000000000000100000100100010100001
0000000000100000010010000000000000000000001000000101000001000000100000001000000000000000000000000000011000100000000000000001010000000000000000100000000000000000000000000001000
0000001000001000000000100000101010000000000000000000000000000000000100000000100000010000000000001000000000000000000000000100000000000000000100000000000000000100000000010000001
0100000000000010000010000000000000010000000000000010000001010000000000000001010000000000000010100000000000000100010000000001000000000000000000000000000100100000010001100000100
0000000000000000000000100000001000000000000000000000000010000001000000000000011000001100000000000000000100000000000000100000100000000000001000000010001001000010000000000000000
0000000100000000000000000100000000000000000000000110000100000000110000000010100001000000000000000000000000000000010000000000000100000000011000011000001000000000010000000000000
1000000000000010000000000000000000001000000000000000000000000010100010000000100000000001000000000000001000100000010000000001000100100000000000010010000001010000000100100001000
0110101000000000000000001000000000000000000000000000000001000010000000010100000000100000000000000000000100000000000000000000010000000000000000000000000000010110000100000000000
1001100000000100001000000001000000100000000000000000000011000000111000000000000000000000000000000100000001000000000000100000000000000000010010000000000000000000000000000001000
0001010101000010001000000000000000000000000000000000001000000000110000000010000000000010001000000001000000000010100010000000000000100010000000001000000000110000000000000000100
0000000000000000001000001000010000000000000000000010000000000001010000000000000100000000000000000000100110000000010011000000000000000010001000000100010000000001000000000100011
0000001000000000000001000000000001001000000100010000000000000000100000100000000110001000000000000000100100000000000000000011000001000000000000000000000100000000000000000000000
0000000000000000000000000000010000000000000000000000000000000100101010000000000001000001000001001100000001000000000000000000100000000000100000000100101000000000001010000000000
0010000000000010000000000001000000100000000010000000000000000000000000000000001000000000000010000110000000000000000000000000000100000000010000000000000000000000000001000000000
0110100010100100000000000000000010000100100010000000100101000000000001000000100000000000000000000000000000000000100010000000000000000000000010000100000000000000000000000000011
0000000000000001100100000000000000000010000100001111000011000000000000000000000000001000000000000100001000000100000000000001100011010000000000000000100000000010010100000010000
0010000100010001010000000000010000000000000000000100000000001000000001000000000000000000000000100010000011011000000000000000000000010000000000001000100000000000000000000000000
1100000000000000000000000000000000000000010000000000000000000000000100000010000000000001000000000000010000000000000001001000101011000000000000000100000000000000000000100000000
0000000000000000000010000000000000000000000000000000010000000010000000000000100000001000000010011000000000000000000000000100001000000000011001000000000000000000110000000000000
0000000000000000000001000000000000100000000000000000000000000000000000000010000100000000100000000000000110010100000100000001000000000000000110000000000100000100000000001000000
1000000000000000000000000000000000100100010000000010100000000000000000000010010000001000000000000000000000000110000000000001000000000100000000000000000000010000110000000000100
0000100000000000000000000100001000000000000000000000001000000000000001000000001000000000000000010001010000010000000000110100000000000010001000000000000000001010000001000000000
0000000000000001000000000000000000000000000000000000000000010000001000001000000100000000000000000000000001000000000000000100000010000000000000000000100110000000000000011100000
0000000000000000011000100000100000000000000100000000000100000010000000001000001000000000000001000000000000000000000000000000000000001000000000001000000000000000100001001000000
0101000000000100010000000000000100000000000000000000100000000000001000000000000101000000100000000000001000000000000100000000011100000000000000100000001000000000000000110000000
0 0
174 174
