180 180
000000000000000000000000001100001000000010000000000010100010000000000000010010000000000000000000000000001100110000000000000000000010010010000000000000000000000000000000000000000000
000000000000100000001000100000000000010000000001000000000000010000000001000000000000010000000000000000000000000001000000000000000000000001000000000000010000000000010000000000101000
000000000000000000000000000000000001000001010001000000000000000000100000010000000010001000010001010000100000010010000000000010000000000000100000100000000100000000000010100000010000
000000000001010000000000000010101100000000000000010000000010010001000000100000000000001010010001000100100000001010000000000000000000000000000000000001000000000000000000000000000000
000100000000000000010100000100000000100000001000000010000000000001000000000000000000000000000000100111000000000000000000000010000000000001100000000000000110000011000000000000000000
000000000110000000000001100000010000000010010000000010000000010000000100000000000000000000100000000010000000000000000001000000000000000000001000010100000000000000000000000000000010
010000000000000000000000000010000000000000000000101000010000100000000000000000000000010000000000000000100100100100000000000000001000000000000000000000000000000000000000100110000100
010000000000000010000000000000000000001010000000000000000000000000000000000101000010001000000010000000001000000000001000000000110000000010000100000000010000101000000000100000010000
000000000010000000000000000001000000001000000000000000000000010000010000010000000000000010000000000000000000000000000000000010000010000000000000010000010000000010001000000000000000
000000010000010000010101000000000000000001000000000010000000000011000000001100000000000000000001000100000101000000000010000000000000000000000000001000000000000000000000000000000000
000000000000010000000000000000000001000000000100000000000000000010000000000000001000000000000000001011000000000000001000000000010000000000000000000100000000000000000000000000000000
000000000000000000000000000000000110001000000000000000000000000000000100000100000010001000000000010100100000001100000000000000000000000000000000000000010000000001010000000001100000
000001010000010000000000000000000000001000100000000010000110001000001000000000100000001000000000000000000000000000000000000000000000000000100001000000000000000000000000000001000100
000000000000000110000000000000000000000000000000000010001000000000000000000000000000000000000000000000000000000110010000000000000000000000100010000001000000000000000000000000011000
010000000000100000010000000000000001100001000000001000000000100000000110000000010000100010000000010000000000000000000000000000000000000100000000000000000010000000000000000110000010
000100000000000000000000000000000000000000000000010000000010000010010010000000100000000000011100000000000000010000000000000000000010000000001000000000010100000010000000000000001000
000000000100000000110000000000001001010000001001000001000000010100000000000001000000011000000000000010000000001000000000001000000000000000000000000000000000010000000010000100010000
100000000100100000000100011000000000000000001000000000010000000001100000000000000000000000000000100000000000000000000000000010000000001110000001001000100000000010000000000000000000
110000000100000000011010000000000000000100000010000000010000010000000000000000000000001000100000001000000000000000000000000000100110000100010000000000001100100001000000001000001000
000000110000001000000000010000000000000000000000000000100100000001000100000000000000000000000000000000000000000000100000000100001000001000000000001000000000000110000000000100000000
100000100010000000000000000010000000000101100000000000000000000001100000000010000000000000000110000001000000000000000000100000111000000000001001000011000000000000100000000010000001
000010100000000110100100000000010001010000000000000000000010010000000000000000000000001001000000000100100000100000001100001000000000000100000000100000000001000000100000000010000000
000000000000000000000100100000000000000000000100000000000000100001010010000000010000000000000000000000000000000010000000000010001000000000100000000000000000000000001100001011100000
000001000000001000000000001000000000100100000000000010000000000100000000100000000000001000000000000001000100000000000000000000000010000010000001000001000000000100000001000000000000
000000000000000000000000000000000000001000000100000000010000000000010000000000000000000001000011001000000000000000001000000000000000010000000000000100000000000000000000000000000001
000010000000000001000000000000000000000010000000010100000000000000000001001010000000000000000000000000000100000000011100000000000100000000000000100000000000010000010000100000000010
000000000000100001000010000000100000000000010100000000001000010010100000100000001000000000010010000000000000000000000000100000000110000010000000000000000000000000000010000000000000
100000000000000010000001000100000000000000000000100000001000000000000010000000000000100000000000000000000000010000100000000000010000000000000000000000000100110100001001000000000000
000000001000000000101101000000000000000000000000100000000000001000110010000000001000000000000000000000010000000000000001000000000001000000010000000000100000000000000100001000000100
000000000000000001000100001000000010001000010000000000000000000100001010000000000000001000010000001000000010110100000000000001000100010000000000100000110100100000010010000000000000
000011000000010000010000000000000100000000000100000000001010000010010000000000100000000000000100000010001000010010011000000101000000001000000000000000001001000000000000001010000000
000000000100000000000010100010001000000010000010000000010010000001000000100000000000000100000000010100000000000000000000001000000010000000000000000000000000010001000000001100000000
001000000000000000000000000101000000001000100000000000000000000000000100000000010000000100010000000000000101111000100000001000000010001000000000001100000000000010000100000010100000
000000000000000000000000000000000100000000000010000000000000000000010000001000001010000110000000000000100000000000000100101000000010010000001000000000001000000001000000000000010000
000000000000000000001000010000000000000000100000010000000000000000000000100000100000000000000000010000000100000000000000010000000000000100000100000010000000000000000001000000000010
000000110000000000010000000000000000000010000000001000000000000000000000000100000100000000000000000000000000000000000000000000000010000000100000000000001100000001001000000000000000
010100000011000100000100000000000000010000000000000000000000000000000000000000000000000100000000100000000000000000000000100000001000000001000000001000000000000000000001000000001000
101000000000100000110001000000001000000000000010000000000110000000000001000000000000000000000000000100000001000000000000001000000000001000100000000000010000000000000001000001000000
000001000000000000000000000000000000000000001000010010000000000000000000000000000000000000000000000010000000100010000000000000000000000000001000000000000110000100010001000001000000
100000000010000010000000001100000000000000000000001000000000000010100001000000000001000010010000001000001000000100100000000000010000000001000100000000010000001000000000000000000000
000000011000000000001000000100001000000000000000000000000000000000000000000001000000110000000000000100000000100000000000001001000000000000000000000000101100000000000000000000100100
000000000000001000000000000000110000000000000000000010000000000000000000000000000011000000000001101110000000000100001000010000000000000000000000000000000000000000000000000000000000
000010010000001000000000000000000001100000010111000000000001000000000000010000000001000000000000100000000010000010010000000000000000000100000001000000010011000000000000000000001010
000001000000000000100000000000000000000000011100010000000000000000010000000010101000000100000000010001010000000011001000000000000000000000000000100101000000010001000000000000000000
001000000000000000001000000000000000010101000100001000100000000000000000001001000000000000100100000000000000000000000000000000000100010000000000000000001000000000000100000000000000
000000000000000001010000000000000000000010000000000000010000000000000010000000000001100000001000000010000100010000000000000000000000000000000000001000000000000000101001000010010000
001001000000000011000000000000010000010100001000100010010100000010000000100000000000001000000000000000000000000000000000010000010000000000010000000000000000000001000100010000000000
000000000000000000010000100000000000000010000000001100100000000000000100000010000000100000000000000010000000000000000000000000000000000010000000000000000010000000000010000100000000
000000100000010000000000000000000010000100000000100000000010000000100000000000000000000000000000010000000000001001000000000000000000010010000000000001001101000100000001000000010000
000000000100000000000000000000000000000000000100000000010000100100000010000000100000100001000000000000000100000000000001000100000000000100000000000100000000000000010001000000000000
011000000001000001000000010000000000100000000000000000000000000000000000010001000000010000000000000001000010000000000100001000000101000000000000001000000000001000100000000000000000
000000000000000000000000000000000000000100000000000000000000100000000000101000011010000000000000000000000000000100000000000010000001000010000000010000000000000000000000100000000000
100000000010010001000000000000010000000000000011000100000100000000010000000000000000100000000000010000001000000000001000000010000000010100110100000110000000000000000000001010110100
000110000000000010000000000000010100100000000010000000000000000000001000000010000000000000000000000010100000000000000001000000000000100000000111001001000000000000000100011001000000
011000010000000000000000000000000000000000000000000000100000000000000100000000000000010000010000000000000000000010010100000000000000000000000000000000001010000000000000000000010000
100000001000001000000100000100000000000100000000100100000000000000000000000100010000100000010000000000010010000001000000001001000000010000010000000000100100010000000000000010000000
000000000000000010000000101000001000000000000000000001000000000000000000000010100000000000000000000000010000000000000100100000110000000000010000001000000010101000000001000000000100
000000100000000100100010100000000000000100000000000000100000000000000000001000000000100001000000000010000000000000100100000000000001000000000001000010000000000000000010000000000000
000000000000000000000011000000000000000000000010000010000000000000001000000000000000100000000000000010001000100000000010000000000000000000000000000001001000000000100000000100010000
000000000000000000010000000010010000100010010000000000100100000000000000000000000000000001000100000000000000000100000000100000000100000000000000000100010001000000000000001000000000
000001001000000100010001000000000000000000100000111000000000010000000001000000001000100000001000000000001010000000000010000000010000000000000000000100010000100000100000000000100000
010000000000001000000000000010000000000000010000001000000000000000000010100000000000000000100000100000000000000000000000001000000000000000100000000000000000000100100010000000000100
000000001100000000000000000001000000000000000000000000000000000010000000010010000000000000000000000000000110000000000011000000100101000000010000001000000100000000000000000010001000
010001000000000000000000100000000000000000000000000000000000011001000000000000000000000000000000000000000000100000001000000000000100001000000000000000010000100000000010100000000000
001000000000001010010000000000000001000000000000010010000000000000100000001000001001100000001000000000000001001100000100000000000000100011011100000000000000000000000000100000001000
001000000000000000000000001000000000100000000000000000001010000000000110000000000000010000000110000000000100001010000000000000000000000000001000000010000001001000001100000000000000
000000001000100000000001101000000000010000000000001000000000000000001000000010000000000000000000100000000001100001000010010000001000000101000000000000000000000000000000000000110000
000000000000000000010000000000000010000100000000001000000000000000000000000000000010000000010000000010001000000000000000000000000010100000000000000000000000000000001010010000000100
000000000000000000000000000000000000000011000000100010010000100000100100010000000001000000001100000010100000000000000000000001010000001000100100000100010000000000000000000000000000
000000100001000100000000000000000000010000101000001000000001001000000000100000000010000000000001000000000000100000001000010000000010000000000000000000000000010010000000000000010100
000000000000000000010000000100000000010000000000000000000000000000000000000000000000000000000000001000000001000100000100000000100000000001100000000000010000000000000000100010100000
010000000000000000000000000000000000000000000000010000000001000000000000010001001000000000000000000110001000000000000001000010100000100000000000000000000000000000000000000000100001
000000010001000000000000000000100100000000000000011100000000000000000000000000000000000000000000000000000001000000000001100000000000100100000000000110000000100010000000000000000000
000000000000001000000000001100110000000000000001000000001001000010000101000000000000000000000010000100000000001000000000010000000010000000000000000100000000000100000000100000000000
000000000000000000000000000100100000000000100001010000000000000000000000000000000000010000010001000001001001000000000000001001000110001100000000000000000010000100000000000000000100
010000000001000000000000000000000000001000000000000000001000000000000000000000010000000000000000000100000000000001000010000000000000000000000000000000010000010000100010000000000000
000000110000000001000000000000000000000000000100000010000000000000000010000000100000000001000000000010000000000100010000001000000000000000000000000001000000000100000000000000001000
000000100100000000000000000000000000000000100000100000101000101000000100000000000000000100000000000000000000111000000010000000000010000000000010000000000001001010000000010000000101
100010000000010000100000000000000100000000000010000000010000101000000000000101100000000000000000000100000000010010000000001000000000000010100010000000000000000000000000000000000000
100000000000000000000000000000000000000001000100000000000000100010000000000000000000001000000010001000000001000000000000000010000000000000100000000011000000100001000000000000000000
010001000000001000100100000000000010100000000000000000000000000010101000011000001001000000000000001000000000000000000000001000000000000000000000000000010010000000000001000000000100
000001000001000000001001000010000000000100000000000000000000100001010000000001110001000010000000001000000000000000000000000000000000000000100000000000100000000000000000000000000000
000000000000000000000000010000000010000000000000001000000001000000001000001000000000000000100000000000000000000000100000000000000000000000000000001001000100000000000000100001000000
010000000000000100000000000000000000000100000001000000000000000001000000000000000000000000000100000000000001000000000000001000000000010100000000010000000000100000000000000000000000
101000000000000000000000100000000010000000110000000000000000000000100000010100000000000100000000100000000100000000000000000001010000000000000000001000000000101000001000000000010000
000000100100010000000000000000000000000000000101000000000010101000000010010000000100001000000000000000000000010001000000000000000000000001000000000010000000011000100100000000000000
000000001010100100000000000000000000000000000000000010000000000000000000000100010000100000000100000000000000100000000010010000000000010000000000000010000000000000010000100000000000
000001000000000100000000110000110000000000001000010000000000000001100000000011000001001000000000000000000000000000000000001000000000000000000100000010000000000000000000000000000000
010000000000000000000000000000000000000000110000000010000110100000000100000000000000000000000001000000000110000000010000100000000000000100000010000000100000110000000000000100010000
000001000000010000000000000000000000000001100000000000000000000000000010000000000000001000000000000100000000001000000000000010001010000001010000000010110000000000000000001000000000
000100000100000000010000000000100000100001000000000000100000000000000000010000100100000000000001000000000000000010000000000000010001100001010000000000001000000000000000000100000000
000100000001000000100000010000000000000000001000000000000000000000000000100000000000000000100000000000000000000000000000000000000001100000000000000001000010000000000000000000000000
000001100000000000001000010000100000000000000000000000000000000000000000000100000000000000010000000000000000000000000000000000000000000000000000000000000000000010000000000000001000
000000000000001001010000000000100100000000000000000000000000000100001000000000000000000000010010000000000000000010100000000000001000100000000000000000000000000000000000000010000000
000000100000100000000000010010000000000000000000010000000010000001000001000000000000010000100010011000000110000000100000000000000000000000100000001000000000000000000000100000000000
000000000000000101000000100000100000000000000000100000010000000000000000000000000000000000000000000000000011100000000000000000100000000000000000000001100001000000000001000000000000
000000000010011000000000100000000101000000000000000000000100100000000000010000000000000000100000000010010001000000000000000000010000000000000000000000010100000001000010001001000000
000000000000001000000000000000000001000000000000100000000000000100000000000100000010010000000000000000000010100000000000000000000000000000000000010000000000000001001010001010000000
000001000000100010000000010000000000100000000000000000000001001000001000000000000010000000000010000000000100000000000000010000000000000001000000000000000000000000000000000100000000
001000001000000000000010000000000000000000010000100010000000000010010000000001000000001000000100000000100000000000010000000000000010000010000000001100000000101000000100000000000000
000100100000000001000000000000001001000000000001000000000100000001000000000000111001000000110000000000001000000001010000000001000100000000000000000000000001000100000101100000000000
000000000000000000001000010000000000000000000010000000000000001000001000000000001000000000010001000000000000000000000000000000000000001000100000100010000000010000000000000100001000
001100000000001001000001000000000010001000010000001000000000000000000000000100010010010000001100010001010000000000001100100000001000010100100010000000000000000000000000001000000000
000000000100100000000000000000100000000100000000010000100000000000000000000000010010000000000000010000000000000000001000010000000010010000000001000000000000000000101000000000000100
001000000000001000000010000000000010000001000001000100000000000000000010000000000000000000000000000000010000100000100100010100001010000000000000100000000110000000000000000000001000
100101000010000000000000000000000000000001000010000001000000000001000000000000000000000100000000000000000000000000000010010100000000000000000000100010000000000000000011000000000000
000000000000000000000000000000000100000000000000000000000100000000000000000000000010000000001100000000000101000010000000101110100000100100000000000000000000000000000001000000000000
000000000000000000000000100000100000100000000000000000000010001100000000001000000000000000000000100000000000000000001001000000001000011100000011000000000000000000000000000000000000
010000000000000000000000000000101110000000000000000000000000100000000000000000100000000010110000001000000000000000000000000000000000010000001000010000000001010101100000000100000000
000000000000100000010000000101100000010001000000000001000000000000000000010000000000000000000000000001000000000100000000001000000000000100010000000000000000000000000100000001000000
000000000000000000000000100000100000100000000100000001000000000000100000001000000000000101000000000001001010000000000100001000000000000000000000001001000000000000000000000000000000
110001000000000000000000100000001100000000000000001000000000000000000000100110000000000000111000000100000000000001000000000000001000001000000000001000000000000000000000000000000100
000000000100000000000000000000000000000010100100000010100000000000000010000000000000000010000000000101000011010010000100000000000010000000000000000100010000010000000000000100000000
000000000000110100001000000000000000010000000000001000000010000000000100000000000000100000000001000000000000000000000000010000000000000000000100000000000000000000000100000000000010
000100000000000110100000000110000010001100000000000000000000000000000000000100000000000000000100000000000000101000000000000000000000000000000001000000000001000100000000011110010000
000000011000000000000001000001000011000001000100101000010000000000000001000000000000000000000000000000000000010000000011010000000000000000000000000000000000000010001000000000000000
010000000000000000000000001000000100000000100000100000000010000010000000000000000000001000000000000000000000010010100000010000000000000000000000000000000000100001000110000000000000
000100000010001000000100000100000001010000000000000000001001001000000000000000000000000100000000001000010001000000100100001101000010000000000001000000001000000000000000000000000000
000000000000010000000000000000001000000000000000011000010000000100000000000000010000000011100100010000000000000100000000000000000000000001000000000000000000000000000000000000000010
000000000000000000010000001100000000000000000010000000000000000000000000000000000000000000000001000000000000100000000000000000100100000001000000000000010000000000010001100000000000
000101000000100000000000000000000000000000000000100000000000001100100000000000100010000000000100010010000000000000000000000000000000000000000010011000000000000000000000000000000000
000011000000100010010000010000100011000000000000001000000100000100000100000000000000010000101000001000000000000000000000000000010000000001001010000000000000000100001000000000000000
000000100000000000001000000000000000000000000000010010000000001010101000000001000000001001000000000000000001000000000000000000001000000010000000001000000000000011000010000000000000
000101000001000000000000000010000000000000000100000000000000000000110000000000001111000000100000011010000000010000000001001000000000000000010000100000000000000000000000010000000000
000000010000000000000000000100000000000000000000000100000101000000000000000001000110000100010000000110000000000000000010000000000000010000000000110000000001000000000000000101100100
000000010010010001010100001010100000101000010001000000000010000010001000101000100000000000000000000100000000000000000000000000000010000000000000000000000000010000000000000000000011
000000000000000000000000000000000000000010001000000100000010000010000000100000000000000000101000000000000100010000000100100010100000000000000000000010000000000000000000010100000010
100000001000000000010000000000000000100000000000000000010000010000000000100010000000010000000001000000000000000000010000000000000100000000000000011000000100001100010000001010000000
000001000000000000010010100000100100000000001000000000000010100000000100100000000001110001001000000000000000100000000010000000000000001010000000100001000000000000010000000000000000
000000000000000000101010000000000000000001001010011000000010100000000100100000000000001000000000000000000000000000000000000010000000000010000000010000100000000000100010000000000000
000000000010001000000000000000000100000000100000000000100010001000100000000000000000000000000000001000010000000000000000000001001000001000110010000000000000001000010000000010001000
000001000000000000010000000010010000000000000100000010100000000001000000000001000000000001000000000000000000000001100000100000010000010000000000000010001000000000000000000000000000
000000000000000000001000000000000000001000000010000010100000000001001011000000000000010000000010000000000000001001000000000011000010000011010100000000000000000100001000000000000000
000100000000010000001000000100001001000000100000001010001000000000101000000001000000100000000000001001100000100000000010000000010000001000000000000100100001000010000000010000000000
000000100001000010000000000100000100000000000010001001000000110001000000000000100000000000000000000100101000000000000000000100000000001001000000000001000000010000000000000010000000
000000000010000000000100000000100001000000000000000010000000011000000000000001000000010000000000000000000100000000001000000000000000000000000000000000000001000001000000010101000000
100001000000100000000000000000000100000000000010000001000000000011000000000010000001000000010100000000000000000001001000100000000000000000000100000000110000000000101000000000100000
000000100000000000010000000000000000000000010000010000000000000000000000000000000001000100010000100000000000010000000000000000000100000100000100000000000100000000000000000000000000
000010000100000000000010001000000000100000000010001000000100000000000000001000000000000000100000000000000100000000000000001000000000000100000000100000000000000100000000000000000001
001000000000100010000000001000000000000100000001000000000000000001000000001000000000000000000000100000100000010000000000000000000000000000000000001010000000000000000000000000000000
000100000000000001010010000000000001000000000001101001000000001010001000000010000000000000100000100000000000000000000000000000000000000000001000000000001100001000000000000000001110
000000000100000000000000000000000000000010000000010000000000000000010000001000001000011000000000000000011000000001010010000010000000000000000101000000000000010000000000000000000000
000010010000000100000000000011000000000000000000000000000010000000000000000000000001000010000000000000000100000000010000010000000001100000000000000000001000000000000000000010000000
000100000000010000000000100010000000000000000100000001000000000000000010010000100010000000000010000000101100000000000001100000000010000001100000000000000010010000000000000010100000
000000000000000000010000100000001010000000000101001000001000000000000000000000000000000000100000000000000010000000000000000000000000000001000010011000000100000000000100000101001010
000000001000000000000000000000000110000100000000000001000000010100000001010000010000000000000000100000000001010000000000000010001000110000000100001000000000000000000000100010000000
000000000000000000100000000000000001000000010000001000001000011000000000000010000000000010100000000010100000010010001000000000000000000000001000000000000000000000000000000000000000
000000000000000000000000000000010000010001000011000000000010000000000000000000000000100000011000100000000100000010000010010000000000000000000010000000000010000101000100000000000100
010000000000000001100001000000000100000010100100000000000000100000000000001010001000001010000000000000000000100100010000000010001000000000000000000000000000000000000001000000000010
000100100000000001000000100000000000001000001110101100000000010000000000010001000000000100000000000100000000000000000000100000100000000100000001000000000000001000000000000000010101
101010000000000000100010000000000000000000000000010000000001001000001000010000000000000000000010010000000000000010000100000001000010010000010000000000000001110000111000000000000000
100000000000001000000000000010000001010000010000101100000000010000000010010000000000010100000000000000000000000001000000000000000000000000000000000000101000000010000001010000000001
100000100000000000100010100000000000000000000101000000000000000000000000100000000001100000000000010000000010000000000000010000000000000100000000001000001010000000001000000001000000
000000010010010000010010000000000000000011000000000000000000000100000000100000000000000000000000000000000000000000010000010011000000000001000000001000000000000000000000010000001000
000010000100010000000001100001000001000000110000001000000010000000000000100000000000010000000000000000000001000000000000100000000000000010000001000000000000000000000000000000000001
000100000000000001001000000000010001000001000000010000010000000000000000000000111000000100001000010000000000000000000100000000000000100000000000000001100100000000010000000000000000
000100010000000010000000000001000000101110000000000000000100000000000000100000010101011000001000000000000000000000000000100000001000001000000100101000000000000000000001010000000100
000000000100000000001000010000000000100000000000000000000000000000000000000000000000000000100100000000000000000000000000000000100000000000010000000000100000000001100110000000000000
100000000000000000000100000100000000111010001010000000000001000000000000000101000000010000000100000000001000000000000000100000000000000001001100000000000000001000001000010000100010
000000000010000000000000000010001000000000010110000000000000000010000000000000010001000000000001000000000000000000000100000000001000000000000000000001000000000000000000000000000000
000000000001000010000000000100010000000001000001110000000000000000001000000100000000000000000000000001000000000000000001000000000010000001011000000000000011000100000000000000000000
000000100000100000000100010000000111001000000000000000000000000000000000100000000000000000100000000000000000000011000000100000000000000100000001000000000010000000000100100100000100
000000001010000100000000010000000000100000000000000000010000000000000000010000000000000100001000010100000000000110000000000000000000000000000000000000000000001000000000000001000000
000010000000000000000000010000000000100001000100000000100100010000000000000000000000000000011000000010000000001010000000000000000100000100000100010001000100001000001100000100000001
000000000010100000000000001000000000111001000000000000000000000000100000000000000000000000000000000000001000010001000000000000000000100000000000000000000000001000000000000000000000
000000001000001001000000000001000000000000001001000000000000000000000001000011000000000000000000000010000000000010000101000000000100001100000000000000000000000010000001000100000001
000000000000000000000000010000000000010000000000000000000000000000000000010100000100000100000000000000000000001000000000000000000000000000000000000000000000000100000000000000101000
001000000000000001000000001000000000000000000000000010000100100000000000000000000000100000000010000000000000000010000100100000000010000000000010000010000000000000100000000000000000
100000001000000000100000101000000000000000000000000101000000000000000000000001000000000000000000000000000001000100000000000000100000010000000000000000000000000001000000000000000000
000000000001010001000000010001001000000000010000000001000000000000000000000000000000000101000000000000000000000100000000000000000001010000000000000100000000000000000000000000101100
000000000010000000000011010000000000000000000001000010000000100000000000000000000010000000000100000000000100010000000000000001100000010100000000000100000000001000000000000100000000
010000100000000010000000000000101000010000000000000000000000000000000000001001001000001000100000000001000000000000000000000100000000000000010000000000000001011010100000000000000000
000000000000000000000000000000001000000000000100000001000000000000000000000000000000000000010000000000001000000000000000000000001100000110000100000001000000000000000001000010000000
000001000000000000000000000000000001000000001000000000000000010010110000000000000000000000000000000000000000000000000000000000010000000000100100000000000000000010000001000000000000
100000100000000001001000000010000000000000001000000000000000001000000000000000000000000000010000000001000000000000000100000100100000000000010000000000010000000000000000000000000000
000000000000000000010000100000000010010000000000000000110000000000100000000000000000000000000000000000010000000110011100000000000000000000000100000000100000000010000000000000001000
000000100000000001001000000000100000100000000000000000000010000100010000001000001001011000000000000000001000000001000000100000010010000000001000000000100000000000000000000000000000
000000010000001000000000000000000000000010010000000000000000000000000000100000100000000000000110000010000000000001000001000100000000001000000101000000000010000000000000010000000001
010000000010000000000010000000000000000000000000000000000000001010000000001000000000000000000000000000000000000001000010001000000000001100001000100000000000100110000000000000000000
000100000000000001000001001000000000000000000001000100000011000000000100000010000101100001000000000001000100000010000000000000000001000000100000000000001000000000110100000110100000
0 0
179 179
