195 195
000001000000001000000000001000100101000000100000000000000001000001100000000000000010010000000000000000000001000000000110000000000000000000000000000000000000000000100000000000000000000001000000000
000000001100000000000000001101000000000001000101000110010000001000000000000000000000000000000011100000000000100000000000000000000000011000000000101000000000000001010000000000000000000000000100000
000000000000010000000100000000000000000000000000000000000000000000000000100000000000000000001000001001000010100000000000000000100100000000000000000000000000010000000000000000000100000001100000000
000000000000000100000000000000000100000000001000000000000000010000000000001000000000010000001000000000000010000000000000000000000000010000000010000000000000000000000000000000000000000000000000000
000000011000100010001010001000000100001001100000000100000000000000000010000100000000000010000000100000000000000000000000000000000000000000000000000000000100010100100000010100000100100000010100000
011000100011100000000000001100010000000000000000011000010000001010000000000100000000000101000000000000000000000000000000000000000000000000000000001000100100001000000000000000000000000000000001000
000000010110000001000000000000000000100000000000100100000000100000000010000000000000001000000010000001001000000100000100001000000000000000000101000000000000000000010000000000001000000000011000000
000101000010000000000000000100000000000000000100000000101000100001000000000101000000000000000000000000000000000100000000000001000100100000000000000000000100000000000000000000000000000000000000010
000000000000000000000100110000000000000000000010000010000001000000000000100000000100000100101010000000000000110000000100000010000000100000000000000000100000000000000000000000000010000010000000010
000000000000000000000000000001000000000000000100000000000010000000000000100010000000000000000000001010000010000000000000000000010100000000001000000000001100001000000000010000000000001010000000000
100000000000001000000000010010000000000000000000000000001000000000001001000000000000000000000000100010000000000000000000000010000100000000000010000000000000010000001000100000000000000000010000010
000010000000100000000000000000100010100000000000000010001000100000100000000000000000000000000000001000010000000000000000000100000100100101010000000000000101100000000001000000100000000000000000010
000000100000000000000000000000101000000001000100000000000000000000001000000000000000000000001110000000000100000000101000000000000000000000000000001100000000000000000000000100000000000000000000000
000000000010001000001000000000000001000000000000000001000000000000100000000000000000000000000000000000000000000000000000100001000000000000000000001000000100000000000011000100000001000101000100000
000000000000100001100100010010000000001010000000000000000000000100000010000000000000000000000100100000000000000000000000000000000000011000000000000000001000000000000000000100010000010000010000000
100000000000000000000000010000000000000000010000000010000000000000000000010000001000000000000010000000000000000001100000000000000001000000000000000000000000000000100000000100000000001000000000000
000000000001000000010000000000010000000000100000100000000000000000000000100000001000010001000000000010000000000000000000100000000000000000001000000000000110000000000001000000000100000000010010000
000000100000010000000001000000001100000000000000010100000000000000000000000000000000001000000000000000000000000000000000100000000010100000100000000000000000100000010000000000000000000110000000000
001000000000000000000001000000010100000000010000000000000000010000001000000000000000000000000001100000000000000000000000001000001000000000100010000000000001100001000000100000010100000000000000000
000000000000000000000000100001000000000000000001000000100000001000000001000011000000100000000000001000000100000000100000000000000000000010000000000001000001001000000000000000000000001000000000000
000000000000010000000001000010000000001000000010001000000010000000000000000000000010000000000000000000000000000000000000000000000000000000001000000001000001110000000000000000000000000000010000000
001000000000000000000000000010010010000000000000000001000100000000000000000000000000000000000000000000000000000000000000000110100010000100000000010000010000100000000010010000001001000110000000000
000000001000001000000000000000100100001010000100001000000000000000000000000000000000000000010000010010001101000000001000000000110010101000000001000000000000101011000000000000000000010000100000000
000000000010000000010000010000000000011000000000000000000000100000100000010000000000000000001100000000010000100100000000110000000000000100000000000010001001000000000000000000000000000000000000011
100000000000000110000100000000000000000000000000011001000000001000000000000000000000000000000000000000000000010000000000000010000000000000000010000000000010000010000110100010100000100000000000000
001000000010000010001000110000010001000000010100001000000000000000000000101000000101010000100100100010000001001000100001001000000000000010000000000000000010000001010000000000000011000100010000000
000100010010100000000000000000010000000001000000000000000000000000000000100000110000000000000000000100000000100000001000000000000000000000000000010001000000000000000000100000000000000010010010000
000000001000100001101000001000000000000000000100000000001110000100000000000100000001000010000000000000000000000100000001001000000000000000000000001000000000000000010000000000000000001000000000001
000000000000000100000000000000001010000000000000000000000000000000010000000010000000000000010100100000100001100000000000000000000000000000000000100100000000000000000000000000001001000000000000000
000000000000001000000000000000000100000000010000000000000000001000001001001000010000000000100000000000000000000000100000000000100000000000000000000010000000010000010000100100000000000001000000000
000000000000100010000000010000000000001001000000000001000000001000000000100000000010010100000000000000000100001000001010001000000000001000000000000000000000000001100000000000100001010000100010000
000000000000000100001000000010000000000000000000100001000001000001100010000000000100010000000001000000000000000000000000000000001000000000100000000000000001000000000110000000000000001000000000000
000000000000000000000001000000000001000010010000000000000000000000000000010000000000100000000000000100010000001000000000000000000000000000000000000010000010000000000000100000000000100010001000000
000000000000000100000000000000000001000000000100000000010000000010000001000100000000000001000000000001010000000000000000000000000000100000000000100100000010000000000000100000000000000000000000000
001100000000000001000000000000000010000000000000000000000001000000000000000010000000000000000001001100010000000000000000000001100000000000000000000100000000000000000000000000000000000010001000011
000001010010010010000000000000000100001000000000000000000000000100001000000010010000100000000000010000000000000000000000000011000000001100001000000000000010100000000000000000001000010001001000010
100000010100000000000000001001000001000010000000000000100000000100000000000000010010000000000000110000000000000000000000000000000000000000100010000000000000001000000000100000001001100000000000000
010000000000000000000000001000000001001000100000000000000000000000010000000010000000000000000011100001010000000000010100001000010000001000000000000000000100001000010010000000000000000100100000000
010000001000010100000000000001001100100000000000101000000000001000000010000000100100000000000000000000001000010100100000000010000010010001000000100000000000000000001000010000010010000000000100100
000010000000100001000000000000000000000000000000000001000000000000000000000000000001000000000000000000000000000000000000000000001000000000000000000000000011010000001011000000000000000000100000010
000000000000000000000001000000000000000000000000000000001000100000000000001000000000001010000000000000000000000000000000100000000000001000001000000000010000000000000000001000100001000000000000110
000000000000000000000000001000100010000000100000000100100000010000100000000010000000000000000000000000000000000000000000000000000000000000100000000100001000000000000000000100001000100010000000000
000000100000000000000000000000110000000000000000010000010000000000100000000010000000000100000000000000000000000000010000000000000000000000000000000000000000100000000010000000000000000100000000000
010000001001000000001000000100000000000000000000000001010000000000000010000000000001000000000000000000000000000000000000000000000000000000000010000000100000100000000000000001010000000000000000000
001000001000000000000000011000000000000000010000000000000000000000000000000000000010000001000100100000010100000000000000010000000000000100000000000000000000100001000000000000010000000011100000000
000011011000001000001000000000000000000000001001001000000000000000000000001011000000000000000010000000011100000000000010000000000000110000000000000100000100000100000000000000010000000000000000000
000001000000000000000000000000000000000000000000000001000000000000000000000000000110000000000000000001000000000000001001000000000000000000000000000000000000000000000000000010000000000000000000000
000000000000000000000000000000000010100100000000100000000000000000000000000000000010000000001000001000001000000001000000010010010000000000000001000000000001010000000001010000000000000000000010000
000000000000001000000000000010000000000000100000001000000000010010100010000000010000000010000000000000001000000100000000000000000010000000000000000010000000000000000000000100010010100000000000000
000000000000000010000000000010000000001001000010000000000000000000000000000000000000000000001000000010000000000000000000001000010000100000000001000000001000000000000010000000001000000100000000000
000000000000000001010000000000011000000000000010000100100000001000000000000000000000000010000100001000001001001010000000001000000000000000001000000000000000000000000100000000001100010000110000000
000000010011000000000100100000000000000000000000100000000000010000100001000000000110000001000000000000000000000000000000100000000000001000000000001100000000000000000000000010011000000000000000001
000000000010000100000000000000000000000000100010000000000000000000000000000001000100000000000000001000000010000001001000000000000100000000010000000000000000100001000000000000001000010010001000000
000000000000000010010000000100000000000000000000000000000000000010000000011000000000000000010000000001000000000010000000010010010000000000000000011000000010000010000000010000000000000001000000000
000000100000000010000000000010000100000010000000000000000000001010000010100000001000000000000000000000000000000000000011001000000000001000000000000000000000001000000000000000001000000100000000000
000000000000000000000000000000001000000000000000000100000010000010000000100001000100000000001010000001000011000000000000000001000001001000001000000000000000000010000000010000000000000000000100000
010000000000000000000000000000000001000000000001000010000000000010000000000001000000000000000010000000000000000000000000000010100000000000000010000000000001000000100000010000001000000000000100010
000000010000000000010000010000000010000000000000010100000100000000001000000010000100110000000000000000000000000000000000010001000000000010000000010000000000000000000000000000000000000000100000000
000000000000000000000000000000010000000000000000000100000000000100000001000000000000000000000010100000000000001000000000000000000000000010000000000000000010000000000000100000000000000000000000000
010000100001000000000000000000100000000000000110000000100000000100001000000000010000100000000100100000000000000000000000000000000001000100000000000000000000001000000000001000000000000000010000000
001000000001000001000000000001010000000000000010000100000100000000000000000000010000000001000000000000000010010000001010000000000000000000000010000000000001000000001000000000010000010001000000000
000000000010000000000010100000000000000001000000000001101001000000000000000100010000000011000001000000100100000000010000000010100000000000000100000000000001000000000000000001100000000000001000000
100100010000010000001000000000100000000010000000000010000000000000100000000100000000000000000000010000000000001100100000100000000000000000001000000000000001000000000000010001000000001000000000000
000001000000000000010001000010000000001000000100000000100000000010000010000010000010000001000000001000001000000000000000001000000100000011000010000000000000000010000000000000100000000000101001000
000000000000000000000100000100000000000100110001000000010000000000100001000010000000000000000100010000001000000000000000000000000000000001000000100011100000000000000000000000000000110000000000000
000000100000010000000000000000100000000000100100000001000010000000100000000000100000000010000000000001000000100000001000000010000000000000000000000100000000000001001101000100000000000001000000100
000010000000000000000000000111001100000000000000000000000000000000000010000100000000000000000100000000000000000110000100100001000000100000100000000100001000000000001000010000001000001100000000000
010000100000010000001000100000000010000000000000000001001000000000000010100100000000100000000100000100100000100000001000000000000000010000000000000000001001000100000000000000000000000000000000000
001100000000000000000000000100000000000000000000000010000000000000000000000011000000000000000000010000000000000100000000000000010000100000001010000010000100000000000000000000001000000000100000000
001010000000000000001000000000000000000000000000000000000100000000000000000000000000000000000000000000000000000100100000000001000000000100000000000000001110001000011100000110000000000100000000100
000000000000000000010000000010000000100000100000000000000000000000000000001000000000000000000100000001000000000000001000010000000000000000000010000000000000000000100100100010100000000001100001100
110000000000000100010000001000000000000000000000000000000000000000000000000000000000000001000000000100110000010000000010000000000000000001100000000000101000010000000100000000000001000010000000000
000000001000000000000000000100000000000000000100000000001000000000000000000100000000000000000000010000000000000100000000000000010000010000010000000100000000000000000000000100000000000001000110000
000000001010000100000000000000000000000001010000000000000001000000010000000000000000000100000000000100000000000000000000000000000000000000010010000000000000000000000000000000000010000000000001000
000000000000010001010000000000000000010000000000001000010001000000000000000000000000000000000010000001000000000000000010001000010000000000000001000000000000000100000000000000000000000010000000000
010000000000000000000000000000010000000000100000000000100100100000000000000000000110000000000000000000000000000101000000000000100000000100000010000000000001000000001000000010000000000000000000000
100100000101000001000010010010000000001010000000001100000100000010000100000000100000000000000100010000000101000000000000000000000000000000000001000000000100000000100000000001000010000000001110000
000000000000000000000000000000000000100011010000000001100000000010000001000001000000000000000000100000100101000000000000000000000010100000000000000000000001000000100000000001000000000000000000000
000000000100000000000010000000000001000000000000000000100000000000100000000000000000000100000000000000000001000100000000001000000100000000000000101000000110010000100000100000000000001101000000001
000000010000000000000010001000000000000000100010000001000000000000000001000000000010001000000000000000010000000010000000000001000000010000000000000010000000000000100000000001000101110000000000000
101000000000000000001000000010100000100001010100000000100000001100000000011010000100001000000000000001000000000000000000000000000000001000000000000010011100000000000100000001000000010000100100000
010000000000000001000000010000000000000000001000000000000000100000000000000000000100000010000000000000000000010000000000000000000000000100000110001000000011001000100000000000000010001000000000000
010001000000010000010000000000000100000010001000000000000000000000010000001000000010000000000000010000010000000010000000000110000110010101000100100000000101000000100000000000000000101001000000000
000000010000000000000000000100000101000000000100000000000000000000000000000000000000000100000000000010000011000000000100000000000000001000000000010000001000000000000100100000000000000100000000000
000000010000000000011010000000000000000001010000010000001000000001000000000001010010000011000001000100100001000000000000000000001000000100000000001000000000000000000000000001000000000000000000001
000000000000100000000001000000000000000000000000001000000010000000000000001100000000000000000000000100001000000000010011000000000000000100000000100000000001000001000000000010000000000000000000000
000000001000000000010010001000100010000000010000000000000000000000000010010000101010000000000000010010000000000000000000000100000000000000000010000000000000000010000000000000000000000000100000100
000001001000000010000000000000000000000001000001100000000000000000000000100101000000000000000000000000000000000000100000000000000100000000000000100011000000000000000000000000100000001010000000010
010000000000100000000010000000000100001000000000000000000000100000000000000100000000000000000000000001100000000100000001000000001000001000000000000000000100000000000100100001000000000010000000000
001000000000000000000000000000000000000000000010000000000000000000000000000000000001000000000010000000000000000000000000010000000010000000000000001000010101110000000000000000100000000000000000000
000010000000100000000100000000100000000000000100000000000000010100100011001000101100001000000000000000000100000100000000000010000000000000100000000000000000000000000000011100010000000000000010010
000000000100000000000000000010000000000000000100100000000000000000000010000000110000100000010000000000010000000000010000000000000000000000000000000000001000000000000000000000000100000000000000000
000000000000010000000000000000010000001001000000000000000000100010000010100000000000000000000100000000000010000000000000010000000000000000000000000000000000000000000000000000000010000000000000000
000000000000010000000000000000000000001100000000000000010001000001000000000000000000000000000000001000000000000000001000001001000000000000100000000000000010000000000010000000010000000000000000000
000000000001000000000100000100000000000001001000000000000101000000100000000000001001001000100001000100000000000000100000000000000000010000000000000010000000000000000000000000100000000000010000000
000000010000000000000001000000100010001000001000000001000000000000000000000000000000100100010000000001000010000000001000000000000010100101000000000100000000001000010000000100000010000000000000100
000000010000000000000000001000010000000000000000000001010000000001000000000000000000000000000100000100000000000000000001000100100000000000000000000000000001010010000001010000000001000000000000000
000000000000000000000000100000000000000100000000000010000000000000100000000000010000000000000101000000001000000000000000110000000010000000000000000100000000000100000000000000000000000000000000000
000000110000000000000000010000000100000000000000000010000010100000000000000001000000000000000000000010010000000000000110000000000000000000000000000000000000000000000010000110000000000000000000100
100000000011000000000000000000100000000000000101000000001010000111000000000000000000010000101000000000100001000101100000000000100010000000000000000000000100000100100000101000000000010000000000000
000100010000001000000100000100000101000101000000000000100000000000000010100000000001010000000000000000000100000000000000010000000000000000000000000001001000100000000000000000000000000000000100100
000000000010010000000011000000000000000000000000000000000000001000000000000000010100100000000000001000000000000000000000000001000000100000000000010000010010000000000000100000000001000000000000100
000000000000010000000000100000101000000000000000000101000000000000000011100000101000000000000000000000000010000100000000000000000000000000001010000000001001000000000000000000010000010100000000010
000001100000000100010000000000001100010000000001000000000000000001001000000100000001000000000000000000000000000000000000001000000000100000000000000000000001000000000000000001000000000000000000000
000000000000000000000000000000100000000000000000010000000000000000000000001100000000010110000000010000001000000000000000000000000001010000000001000000000100000000100001000000000000000100000000000
000000110000000000000001000000000000000000000000000000000000000001001000000001001000000100000000000000010000000000000000101000000010000000000001000000000000000000000000000000100000000000001000000
000000010001001000000001000001001100000000000000000000001000101001000010000000000000000000010000000000001000100000000000000001000001100100000000000000100000010101000000000000000000000000010000010
000000000000000010000001000001000000000100000100000000100000100010000001000000000000000100100000000000000000000000000000000000000000000000100000010001100000000100100000001000101000000000000100000
000000000000100000000000100000000110000000000000000000001000000000100000000000000000000100000001000100000000000100001000100010000000000000000000000010000000000000000010000000000000000000100000000
000000000000000000000000000000000000000000000000001000001001011000000000000000000000000000000000000001000000101010010000000000000000000000000000000000010000000000000000001010001010001000000000000
000100001000000000010000000000000001100000000000001000000000001000000011001000000000000000010000001000001000000100010001000000000100110000000010000010000000010000100000000000001000000000000000000
010000100000000000000010000000000000100011000000000000000000000000010100100000001000000000000000000100000000000000001001000010000000001000000000000111001001100000000000000000000000000000000100000
010000000000000000000000001000100000000010100000000011000000000000100000100000001000001000000010000100000100000000001000000000001000000001010001000000000000000000000000100000010101000000000000001
100010000000100011010000000000000000000000010000000000011000000000000000000010000100000000010000010000001000010000010000000000000000100000000000000100000000000001000000000000000000000000100000010
000000000000001001000001010000000000001010001000010000000000100000000000000000000000000000000000010000100010000000100100000100000000000010000000000110000001000000001000000100010000100000000000001
000000100010000000000010000000000001010000000000000000000000000001010000000000000100000000000000000000001100110000000000000100001100000000000000000000000000000000100000001100100000010000000000000
000000000111000000001000000100000100000000000000011000000000100000000000101010000000000000001000000000000000000000100111000000000000000000001000000000000000010000001000000000100010011000000001000
001000000000000110100000000100100000100010000000000000000000000000000000000000011000000000000000100000000011000000000110010000000000000100000000000000000000000000010000000000000001000000000000001
000000000000000100010100100000000000000000000000000000000000001000000001000000000000000000000000001000110001000000000010000110000000000001000000000100000000000000000110001000000100000000100001000
000001000100001000001000000001000000000000000000000000000010000000001100010000000001000010000000000010000000000000000000000000000001000000001000000100000000000001000000000000000000010000000000000
010000000000000000000000000000010100000000000000000011000000100000011101000100000000000010000010000000001000000000000000010000000000000000100000000000001000000000000001000000000000100000000000100
000000100000000000001000000000000000000001000000100000100010000000000100000000010001000000000000000000100000000010000000000000000000010000000000000010001100001100000000000100000000001010000000000
000001000000000000000101000000000000001000000000000000100000000000000010000000100000110100110000000000000000001000001000000101001000000000000000000000100000011100110000000000000000010000000000000
000000000000000100000010000001100000000100000000010001000000000000100100001000010000000010001000000000010100000000010000001000000010000000100000000000000000000000000000000000110100000000000001000
001000100000000000000010000000000000001000010001000100000100000000000010000010000000000001000000100001000010000000000000000000001000001000000000000001000000000000000000100000000000000000000100011
000000000000000000010001000001000000000000000000001000000000000000000000000000000000000100000000000100010010000000000000010010000000000000000001000000001000000000000000000000000000000100000001000
000100000010000100000010000000000100000010010000000000000000011000000000001000000100010000000000001000100000000000100000000000001000100000000001001000000001000001000000000010000000000000010000000
000000010000001100000000100000000000010000000000000000000000010000000000001000000000000000100001000010001000000010001000000000000000000000000000000000000000000000000000010000000010001000100000000
100100000000000000000000000000000000100000100000001000000000000101000000000000010000010000010000000000000010000100000000000000010000000000100000000000010011000000010000100100000010000000100100000
000000000000101000000001000000000000000000100000000000000000001000001000000000000000000000100000000000000000000000001100000100000011000010000000000000000000000000000100010000000000010000000001000
001001010000100000000000000000000011000000010000001001000000000000000000100100000000001000100000001000000000010000000000000000000000000000100000000000000000001010010000000000000000000000010000101
110001000000000001000000000100000000000000000000000010000000000000000000000001000100000000000000000000000000011001000000000000000000000000000000100000000100000000000000010000001011010000000000010
010100000110000000000010000000100000001000000000000000000011000000000000000000000110000000100001000001000100000010001101000000000000000000000010100000000010000000000000000000000000000000000000011
000100100000010100000000000100000010001000000000100101000100100100000001000010000000000000010000000000000000000000000000100010000000000000000000101000000000000000000100001010010000000000000110000
000000000000000000001010000000100000000000000100000001000000001000000000001100000000010000000000001000000000000000000011010000000000000001000100000000000000000000000000000000001000000000000000000
000010010100100000100000000000000001000000011000000000000010000001011000100000001000000000000000000000000000001001000011010000000000000001000000000000100100001000000000000000000000101000000000000
001000001000000000010000000000000000100000000010000000000000000000000000000010000000000000001110001010000000000010000000100000100000000000000000000001010000000000000000000000000010000000000100000
000010000000000001100000000000000000100000000000100000000000000010000001000000000000000100011000010000000100000000000000100001000100000000000000000000000001000000000001001000000000000100000001000
000000000000000000100010000000000000001000000000000000000000000000000000000100000000000000000000010000000000000000010000000001000000000100000100001100010000001000000000010000000000001000001001000
000100001000010100000010000000001000000000000000001000110000000100000001000011000100000000001000000000000100000000000001000000000000001011000100000000000000000000000000000000010000010000000010001
000010000000001000000000000001000100000000000000000000010000001000000010000000100000110000000000000100000000000000000000010100010000000000000010000000001000000000001000001000000000000010000000101
000101000000000000101000010000000000000000000000110100000000000000000000000000000000001000000100000000000000000100000000000000000101010010000000000000000000000000011001000001000000000101001010000
000001001000101001000000000000010000000101000000000000000000000000010010000000001001000000000000000000000000000000000010000000000010000000000000000000000000000000000100000000100000000001000010000
000000000000000000001000000000000000010000000000000000001000000000000000000000000000000000000010000000000000000000001000100000000010100100000100010000000000000000100000000001000000100011000010000
000000000000000100000000000100000000000000100000001000000000000000000000000000000000000000000000100000001000000010000000000000100010101000000000000000000000000000001000000000000000000000000000100
010000010000000000000000000001001000000000000000100000010000000000000000000000000000100000000000000000000001010000000110000010000000001000001110000000000000000010000010001001000000000100000010000
010100010000000000010000000000000000000000000001000100000000100110001100000000000000000000100000000010000000100000100000000000000000000010000000000000000110000001000000000001000100000000001000000
000001000000000000000110000000010000000000000000000000001000000000000000100000000000000000001000100000000000010010000000000000000000000000000000000000000100000000000000000000000000000000000000000
000000010010000100000000000000000000010000000000000000000000010000000000000000100000101000010000001000000011000000000000000000000000000001000000100000000000010000100010000000000000000000000000000
000000100100000000001000000000000000000000100000000000101000000000000000100000000000000000000000000100000100000000000100000000010110000000000000000000000000000000000100000000001000000000000100000
000000100000100000000000100000000010010000000001000000000011000000000000000000000010101000000000000010100000000000000000101100000000000000000000000000000000000000010000000000100000001000100000010
000000000000000000000000000000001000000000000000000000000000000000000000000000000000000000000101000000000100100000000001000000000100000000000000001000000000000100000000100010000001000000000000001
100110100000100000011000000000100000000000000000001000000000000100000000000010000000000101100001100000100000000010000000000000000000000000010000000000000000000000101001000000000000000000000000000
000000000101100000000000110000100000000000000011000001000000000000000001000000000100000000000000000000000100010000000100100001000000000000000000000010000000000010100000000000000000000000000000000
001000010000010000000000000000000010010000000000100000000100000000000100000000100000000000000000010000000000100000000000110001000010000110001000000000000000000001000000010010000001000000000010000
010100000000101000000000000000100000000000000000000000010000000100001000010000000100100001000110000000000100100010000000000010000000000000000000000001010001000000000100000000000001000000000000000
000000000000000000000000000101000000000000000000000000010010000010000000000000000000000001000000000000100100000000011000000101101000100000000000000100001001000001000000000001100000000010000000000
000010000010000000000010000000101000000001000000000000000010000000000000000000000000000000000000000001000000000000000000001001000100000000000000000000001000000000000000000000000001000000000000001
000000100000000000100000000000000000010110000000001000000000000001000000000000100000000000000000010000000000100000000000001000000001000100000000000000000000000000000101100000001000001000000000000
000000001000000100010000000000000000000000000010000000000000010000010000000000000010000000000010000010000000001001000000000000000000000000000000000101001000000100000000000000010000000000000000000
000000001000000000000000000100001000010000000000000000000100000000000000000000010010000000000000000000000010000000001000000000000000000000000000110100010000001010010000000000000000000000000001001
000000000000000000000001001000100000010100000000000010000000000000000000000000000000011000000000000000000100000000100000000000110000101001000000010000000000100100100000101000000001000000000000010
000000100000000000000000100000000000000000000000000100100000000000001000000000000000000000000000000001000100000000010001000000000000000010000000000100000000000000000000000000000000000001000000100
000000000000010000000000000000001000000000001000000001000000000001110001100000000000000000000000010000000000000000000000000000000000010100000010000000000000000000000000000100010001000100100000000
000010010000000000000000001000000100000000000010000001000010010000000000000000001000000000000000000000000000000000000000000000000100110000000100000000000000000000000000000100010001000000100000000
100000100000000000000000000010010000000000100000100000000100000100000100000000000000000000000001100000000000000000010001000001010010000000000000010000000010000001000000000000010010000000000000100
000100000001010000000000010000000000000000010100000000001001000000000000100000000000001000010000000000000000000000000001010000000010010000000000001000011000000000000000000000000000000100001000010
001000100000100000000000001000000000100100100010000000010100100100000001000000000000000000010000000000010000000000000001000000000000010000000000100000010000000011011100000000000000000100000000000
000000001000000000100001000000001000000110000000000100000000000000000000000100011000000000000000000000000000000000000000000000000000000000000000010000100000000000000000000100100000000000000000010
000000100000000000000000000000000100000000101000001100000000000000000000000000010001000000000000000000000100110010000100010000000000010001000000000000000001100000000100000000000000000100000000000
000000010000000000000000001010000000000000100000000000100000000000000000100000000001000000010100000100000000001010010000000000000100000010000000000000000000000000100001000000000000000001000000010
000000000000000000000000000000001000000000000000000000010000000100000011000000100000000000001000100000000000000000000000000000101001000000010000000000000000000000000000000000000000100000000000000
000000000000000000000000000101001100010001000000100000000000000010000000000001010100001000000010000000000000100000000001000010010000100000000000000000000000100001000000000001010000000000001101000
001000000000000000000001000000000000000000001000000000010001000000000000010000000000000000001000100000001000000100000000010000100000000001010000000000000000000000000000000000000000000000101010000
000000000000010000000010101010000000000000011000000000100001000000101000001100100000000000000001000100000001000000000000000001010000010000000000101000000000000000100000100000010000000000010000000
000000000011000000000000000000000000011000000000000010000000000000000000000000001000000000000100000000001100000000000000100000010000000000100000000010000001100000000000000000000000000000000000000
000000000000000000000000000000010000100000000000000000000000010000000000001001010000100000000000000010000000000010000000000001000000001000000000000000000000000000000011000000000000010000000100100
000000000110000000000001010000000000000000000100001000000001000000000000000100001000000000000010000001000000000000000000100000000100100010000000000000000000000000000010000000000000000100000000000
010000000000000010000000000000110000110001000001000000000010000000001100000100001000000100010000010001000000000011000010000000001000011001000000000000001000000000000000110100000000000001000000000
000000000000000000101000000000000000000000010010000010010101000001000000000000000000010000000000000001000000000100000000000000000000000000010000000000000001000001000010000000000000010000000000010
001000000000000001000000000000100100100000000000000000100000000000001000000000000100000000000001000010000000000001000000000000000000000000000001000010010010000000000000000000000000001001001010000
000000000000001000000000000000000000000000000000000000001001000000100000000000100100000000101000000000000000000000100001000010000100000000000001001001000010000000000000000000000000001000000001000
000000000000000000000000000000000000010000000000000000001000000000010011000000100010000000000000001000010000000000010000000000000000000000000000000000000000100000100000000000000000000000000001000
000000000000000000001000000000000000100000000000100000000010101000001000001000000000000000000000001010010000000000000110000100000000000100000000000000001000010000000001000000110000000100001010010
000000000010000000000000000010000000001000010000010000000001110000100000000010100000100000001010000000000000000000010000000001000000100000000000100000000000000000001000001000100000000001000000000
000000000001000000100000000000000001000100000000000000100000010001000000000001000000000000011010000000000100000000000000001000000000000000000000000000000011000000000000000001000010000000100000000
000100000000000000000000000010000000000000000101000000000000011011000000000100000010000000000000000000000100001000110000000000000000000000000000010000001000000000000000100100000000000000000000110
000000000100100000000000000001001000000000000000000000000110010000100010000000000000000000000000000000000000001001000001000000010000000100000000001100000000000001000000000000000000000000000000000
000000100011000001000000000000000000001011000000000000000000000001000000000001000000000000000010001000000100000000000000000100010010000000100000000100101010000010000000000000100000011000000000000
000000000000100000000100100000000000000000000100100100000010000001000000000000000100000000000000000000100000000110000000000010000000001000000001010100000000000000001010000000001000000000000010000
000000000000000000000000000000010010000011000000000000000000000000000100000010000000010000000000000000000010000001010000000100000000000001000001001010000000000000000100000000000000000000000001000
001100000000000000100000000000000000000000000000000000000000000000000000010000000000000010000000000000110000000000000001000000000000000000000000000000000000000000100000000000101000000000100100000
000001000000000000000010000100000001010000000000000000000010000000000000000000000000000000100000000000000000000000001000000000000000001000000000000000000010000000000000000001000000110000100000000
000000000000001000100000000000000010001001100001000000000000000000000000100100100010001000010000100000000000000000000101000000100000001000000000001000000000000000000000000000000000000010000011100
000000000000000001000000000000000000000100001000000011000000000100000000001000001000001000000000000010010000000010000001000100000011000000000000000000001000000000000000001000000000100100000010000
0 0
194 194
