205 205
0001000000000011000000000000000101101000000000100000001000010000000000000000000100000001000100000000000001001000001000000010100000100001000100000011000001000000001000010000000010000100000000000000001100001
0000100000000011001000001000000000001010000000000100101000000000100000000000000001000000000000000000000000000000000000000000000000000000010000000000010000000000000100000001100001000000000000100000000000000
0000001000000000000000100000000101000000100000000000000100000000000000001000001000000000000000100000000000000000000000000000000011000000000100000000000010100000000000000000000000000000000000000100010000001
0000000000000010000000000000000100000000100100000100000000000100000001000100000010000000000000000000000000000001000000000000000000000100000000010000110000000010000000000000000000001000000000101000000001000
0000001000000100000000100100000000100000000000000010000010000000000000000001000100000000000010010010000000000100000000000000000000000000000000001000000000001010000000000000100000001000000000000010001100001
0100000000000001100000000000010000000000000000010000000000000000000100001000000000000000000000100000010000000000000000000000000010000000000000000000000100000010000001000010000000001000000001000100100000000
0100110100000000000000000000000000000100000000010000000000000000000001000000000000000001000000001000000000000000100000000000010000000000000000000000000001000000000000000010100100010001000000000000000100010
0010000000000000100000000001000000000000000000000000001000000001000000100000001000010000000000000100000000000000001000000000000010001000001000000001100000000100000000000001010000000010000000001000000100000
0100001000000000000010000001100000000000010000100000000000000000100000000000001000000000000000001110000000000000000000000000000101000100000000000010000000000000000000000000000000000000000000000000000000001
0101000010000000000000000000000000000000000000110000000000000000000000000000000101000000000100000010000000010000000000000000000010001000000000010000000000010000010000000100000100000010000000110000100001010
0000000000001100000010000000000000000000010000000100001000000000000000000000010000000000101010110000000000010000100000000010000000010000000001000000000000000001000000000000000000100000000000010000000000000
0000100000100000001000001100011000000000000100000000000000010000000001000000000000000010000000000000000000000000010000000010000000000000010000000000110000000000000000000000000000000000000000000000000100100
0000100000100000000000111000000110000100000000000010000000010000000010000000000100000010000000001000000000000000000000000001000000000000000100000000001100000000000000000000000000000000000100000000000000001
0100000000000000000010000000010000000100010000000000001000000000000000000000000000000010010000000000000000000000000000000000100000000010010010000000000010000000000100000000000000100000001010000001000000000
0000000110000000000000000000000000000000001000010010000000000000000000000000000000000000000010000000000011000000000000010000000000000000000000011000011000000000010000010000001000000000000010000000000000000
0001000000000000000100000000000000000000000100000000000000000110000000000000101000100010000000010000100000000000000000000000000000000000000000000000000010000000000010000001000000000000100000000000000000000
0000000100001000000010100000000010000000000000000000000110001000000000001000000001100001001001000000000000000010100000000000000000000000010000100010000000000000000000001000000100000000000000000010000000000
0000000000000000000010001000000000000010000000000000000000000000000000000001000001000000000000000000000000010000100000000010000000000000000000000000000000011000000000000000000000000000000000000100000010000
1000000010000000000000000000001000000000000000000000000010000000000000000000000000000000100000000000000001010000000000000010010000000000000000000000000000010000000000000010011000001010100000001000010000000
0000001100000000000000100100000100000001001000000100000010000000000000001000000100000000000000101000000000000000000000000000000100000000000000000000010000000000001110010000000000100000000000000000001000000
0001000000000000001000000110000010000000110010000000000000010000000000000010000010101100000000000000010000000001000000010000001100000100000010001000100000000000000000000000010000000000000000000001000010100
1000001000010010000000000001000000100000000000000000000001000101100001000000000000000010000000010000000000001000000000000000000000000010000000000000001000101000010000000110011100000000000000000100000000000
0000000000000000000100000000001000000100010010100000000010000100100000001000000000000100000000000000010100000000000000000000001000000000000000000000000000010000000010000000000000000000000000000000000000000
0000000000000000000000000000010000000000000000000001000001000000000000000100000010000000110000010000001000000000000000000000000000000000000001000000110000010000000000000000000000100000000000000010000000000
0010000001010000000000000000000000000010000000000000000001000001000000000000000000100100000010000000000000010000000000000000000001001000000010000010000011001000000100010000010001000000100000000000010000000
0100000000000100000000000000000000100100001000000000000000000000001010000100000000000000000000010000000000000000000000000000000000000000000000000110000001000000100000010000000010000000000000000010100000000
0000010000000010010000000000000000010100000000010000000000000000000000000100100000000000000000000001100000001000000011000000000000000000000000000000000100000000100000000000000000000000000000000000000000000
0001000000000000000000001100000010000000000000000000000000101000000010000000000001000000000100000000100000000001000010000010000000100000001000000000000000000010000110010001010001100000000000100000100000000
0000000000000000001000001000000000001000000010100101100000000000000010000000001000000000000000001001000000010000000010000000000000001000000000000100000001110000010000000100000000001000001000000001000000000
1000000000000000000000000000000000100010000000011010100001000100000000100000100000000000000000000100000000100000000000000000000000000000010000000000100000001000000100000000100000000000000000000000000001000
0000000000100000000000000000000000000000000000000000000100000000000000000001000000000000000000000000100100011000010000010000100000000100100100000001000000000000000000001000000100001000000000000000001000000
0000000001011000000000000001000000010000000000000000000000001001000100100000000000000000001000000000000010000000000000000100001000000000100000001001000001000000000000000001000000000000000000001000000000000
0000001001000000000100010000000000000000100000000000000001000001000000000000001000000000001000000000010000000000100000000010000000000000000000000000100001000000000000000000000000000100000000000100000000000
0000000010000000000001000000001000100000000000010000100000010000100110000000000010000000000000010000000000010000000000000000000000000000000000000000000001000000010000000000000000001010000000000000000000001
0000000100010100000000000100000100000000000010000000000000000000100010000001000000000101000010000000010001010000000100000000000000000000000010000000100000000000000000000000000000000001000000000000000100000
0000100000000000000000011100001001100001000000000001000000001000000000000011100101000011000000000101000100000000100100000000000000000000000000000000000000000000000000000000000001000000010110010001000000001
0000000000000100000000010000000000010000000100000100000000000000000010000000000000000000000000000000000000000000100000000101000000000000000010000000001001000000000000000000000000010000000001000000000000010
0000101000000000000001000111000000000000000100000000000000000010000010000001000001000010100001000001000000001010000010000000100000000000000000000100001000000000000100000000000000001000000000010100010000000
0010010000000000001000000000001000100000000000000000000000000000000000000100000000000000000000000000001000000000000000010000000000000000010000001000000000000000010010000000000000000000000000000101000010000
0001000000000000010001100000010100000000000000001001000011000000010100000011000001000100000000000000000000000000000000000000000000000010000000000000000000000000000010000000000000000011100010000000001001000
0011000010011000000001000000000000010000000000000000000000011001000000000000000000000010001000000010010010000000000000000100000000001000000000110000100000000010000101000000000000000000100000000000100000000
0100000001000000100000000000000001010001010000000000000000000001010000011000000000000010100000000000000000100000000100000000000000000010000000000000000000100000010000000000000000100000000100000000000000000
0001000000010010000010000100010000001100000000000000001000000010000001000000010000000000010000100001000000010000000000000000000001000000000000000000000000000000000000000001000000000000001100000000001000000
0000000000100000000110000001000000000000000000000000000000000000000000000000010000100000000001000000000000000000000100000001010000010000001001000000000000001000000010000000000000000000011000000100000100000
0000000001000000000001000110000000100000000110010000100000000000000000110000000001000000001000010010000000000000000000000000000000000000000000000000001000000000000000000000000000000000000010000000000100001
0000000000001000000000000000000000000000000000010000000010000000000000000000000000000000000001000000000000001000000110010000000000000000100000000000000000000000001000001000000110100000000000100000001000000
0000000000000000000000000010101000101000001001000000000000100000000000000000001000000000000100000000000000000010000000000100100000001000000100000000000000000000001000000101000001001000000000000000010000000
0000000000000000000000000010000000100000100000000000000000010000000010000000000000000101000010001000000000000000000000010000000000000100010100000000011010000001000000000000100000000000010000010000000101011
0000000000000000010000000100000100110100000000000000001000000001100010000000010000001000000000100000000000000000001000010000000000000000001000001001000001100000000100000000100000000000000011100000000000000
0000001110000000000000000010000000000000000000001001000100000000010001000001000000000001000000000100000000000000001010000000000000000000000001000111010000110001000100000000000000000000000000001000100000000
1000000001000000001100000000100000000000000000000000000000000000000001110010000000000000000000000000000100000010010000000000000100000000000100000000000000100000100000000000011000100000000000000000000000010
0010000000000000001000000100000000000000000000101100000100101000000001000010101000010000000000000000000100000000000000000000010000100000000000000000000000100000000000010000001000000000000000010001000001000
0110101100000000100000000000111000000000000000000000100000000000000000000000001000001000000000000000000000000000000000000000001000000000100000000000100000100000010000010000000001000000001000001100100000000
0000000000001000000101000000000000000001000000000000000011100000000000000000000000100000000000000000000001000000000000000000100001001000001000000000000000000000000100000000000000000000000000000000010000100
0000001001001110011000000000001000001100000100000000010001100000010000000000000000011000000000100000000000000010000000100000000000100000000000000000001010000000000000000000100000000000100000000000000010000
0000000000010000010000000000001000000000000000000000001001000000000010000000000000000000000000000000001000000000000000100000000000000010001010000000000100000100001000000000000001000010010010000000100000000
0000000000000000000000000000000000000000000000010011000000000000010000000100001001000000000000000010000000000010000000100000010000000010000000000000011000000000000000000000001000000000000000100000000010000
0001000000000100000000000000000010000000000000000000001010000100100011000000000000000000000000000000010000000000000000100000000000000000001010000000000000100001000000010000000001100000000000010110000000010
0000000000000000000000000000000000110000000001010000010000000000000000010000100000000000000000000000000000000100001000000001000000001001000000000001000100000011001000000001000000000000010001010000000000000
0000000000100000000000000000000010000000000100000000000010000000000100011000000000000010000000000110000000000000000000000000010000000100000000100100000110000001000000000000000001001011000001000001000000110
0000000100010000000000000000001000100000000110010000001010000000100000000001010000000010000000000000000000000010010000000000001001000000000000000010000000001001000000010000000000000000000001000000010100100
0010001000000000000000000000000000000000001100000000000000000000001000000100101010000000000000000001000010000100000000000000000000000010000010000000000000000000100100000000000000000000100000000010000000000
0010100000000000001000000000110000000000000000000000001000010000000000010000000010001000000000000000000000000111000000000011000000000000000001000000000100100000001000000001000001000000000000000000000010000
0010100000010100100000000000001010000000000001010000000000001000110100000000000000000000000000110010100000001000000100000000000000000001000000010001001000000001000000100000000000000000000000000000100001000
0000011100011011000100000001000000000000010011001000000001000000000100010000001000000000000000000000010000000000000000000000000000000000001000000000000100000011000000001000000000000000000000000001000000010
0001000000000000000000001000100000000000000000010000000000000000000000000000000000000000000000000000000000000000100010000000001000000000000000000000000000000001000001000000000001000000000000000010000100000
0010000011000000000011000010000010100001001000000000000000000000100100000000000000000000000000000000100000010101000001000000000100001000000100000000000000000000000000000000000000000000001010000000000000001
0101001000010001000000000000000000000000000000000010000000000010000000000000000000000000011100000000100000001010100000000000100000000000010100100000000000000000000001000000010000000000000000010000000000100
1010100000000000000010000000000000010100000000000101100000000101000010000000000000000000000000010000000000100000000000000010000000001000000000000000000001000010010000000000000010000010100000010010100010000
0000000000000000010000000000010000000000000000000000000000000000001000000000000100010000000000000000000000000100000101000001100000000000000010000000001001010000000000000001000000000000000000000000000000001
0000000000000000000000000000000000001000000000000000000000000010101000000010000000000000001000000000000000000000001000100000000000000001010000010000000001000000001000000000000000001010000000000000000000101
0000101000000000000000000000000100000000000000001000000000000000011100000000000000110000000000000010001000100000000100000000000000010000010101000000001000000000000010000000001010000010000000000000000000000
0000010000000000100000000100000000101000100000101000001010000000000110000000010000000010000100000100000000001000010000000000000000000100000100000000101000001000100010000010000100000000000000001000001000010
0000001000000000010010010000000000000001000000000000000010000001001000000000000000000000000001000000000000000000010000000010100000000000000000000000000000001100000000000000000010000000000000000000010000010
0000001000000000001000000010000010001000000000000000000000000100000000110001010100000000000000000000000001000000000010101000000000000000000001000000001000000100000000000000000000000001000000000000010001000
0100001100000000000000000000000000000000001000000000000000000000000000010100000000000000000000000000000001000001000001000000001000000000000010000010000000100000000000101010000000100000000010000000000000000
0000000100000000100100100000000000000000000001000000000010000000100010000000000000000001000000000000001001000000000010011001000000000000000001000000100000000000001001001100000001001000100000000100000000000
0000000011000100000000000100001000000000001000100100100001000000000000000000000000000000000011000010000000000000000000000000000000000001000000100000000100000000000000000000000000000001010000000000000000000
0001000000000001000000000000000000000000000000000000100101100000000000000000001000001000000000000000010000000000000000000000010011000000010110000000000110010001000110001100000000000000000100000000010000000
0010100001000000000000000000000000001000000000000100000000001000100000000000000000000010000000000000000001000000100000000001000000000000000000000011000000000000000001000000000000000000000001000000100100000
1000000000000000000011000000000000000000100000000000000000000000000000000000001010010000010000000000000000000100000000000000001000000100000000000000000000100000000000000000001000100000000000000000010100010
0000000000000001100100000000000001000001001000000000000000001000100001000000000000000100000001000001011000000000000000010000000100001000010000000010000100000000000010100000000011000000000000000000100010010
0000000100000000100000000000000010001000100000000000000000000100000000000000000000000100000000000000000000000000000000000001100000000000100000010000000100000000000000000000000000100000000000000000010000100
0001000000000000000000000000000000000010000000000000010100000000000000000000000000001000010000000100000000000000010000000100000000000000000000000100000011000000000000100000100001000000000000000000000000000
0010001000000000010000000001000000000100000000000100000000001000000000000000000000101000000000100000000000000000000000010000000000000000000000000000000000000101001000000001000000000000000000000000000000000
0000000000010000100000010000000000000000010000000010000010000000000000000000010000000000000000000010000000100000010000001000000000010000000000100000100000000000000000010000000110000000000000010000010100100
0000010000100000010000000000011000010000010000000010000001000000000000000000000000000000000010000000001000000000000000000000001000000000000000100111000000000000000000000000100000010000010100000000000000000
0000000000000010000000001100000000000000100000000000000000000000000100000000010000100000000000100010000000000000000000000000100000100000000000000100000100000001000100000010000010001000001000000000000010000
0000000010010001000000000000011000000000000100000000110000000000000100010000000000000000000000000000000001000000000000000000001000000000000000000000011010001000000000000000001000000000001001000000100000001
0000010100101010000000000000000000010000001110001000000000000000000000000100010000010001000000000000000000000000000000000000000000000000100000010000000001000000000001000000000010000000000111001000000000000
0000000010010000000000100101000000000000110000000000010000000010000100000001000000011000000001000000000000100010100000001000010000000000000001000000000000000000000000000000000010000000000100001000101000000
0000000000000000000000000100000000000000010000000000000000001000000000000100000000010000001000001000000000000000001000000000000000000000100100000000000000101000000001110011010001000000000000000000000010000
0010000100000000000000100000100000000000000000000000100110010001000001000000100000000010000000000000001000000000000000100000000000011000000000000000000000000000000000000001000000000010010000001000000000101
0000000000000000100000000010100000001100000000000000000000000010001000010001010000000000000001000000000000001010000000000000000000000000000000000000000000000000001000000000000000000001000000000000100000000
0000001000000000000000010000000000000000100101000000000000000000001100000000100000000000000000000000001000000100001100000000000000110000100010000000000000100100000101001000000000000000000000010010001100000
0000000000000000100100001000001000000000100100000000000000100000000000101100000000000000010000001000000010000000100000001000000000000000000001000100100000000000000000000000000000000000001010000000000100100
1000000000000000000000000000100000100001000000100001000001111000001010000000000000000000000010000010000000000000000010001000000010000000000000000000100000000000010000011000000000000100000000000000000010000
1000001000000000010000001000000000000000000010000000000000011001000000000000000000000100000000010000100000000100001000000001000000000000000000000100010000000000000110000000000000000000100000000000000000000
0000000000100000001000000000000000100000010010000000000000000000000000000001010000000000000000001000000010000000010000000000010000000000000000000000000000000000000000010000100000000010000000000000000000000
0001000000000000000010000000000000000001000000000000010100000100000000000000000000100000000001000000000010100000001000100000010010110010000010001001100000000000000010100000000000001000000000100000100000000
0000000000000100000000000000000000000000101000000000000000010010000000001000101010100000001001000000000000000010000001100000000001000000000000000000100000000000000000001000000000000100000000000000000000000
0100000000000001001000000000000010001000000010000000000010000000000000000000000000000000000000000000110010000000000000010000000000000000000000000000100000100000100000100000001000000000000010000100000000000
1000000000000000000100100001000000000000100000000000000000000000000000000100000000000001000000010100000100000001000010001000000000010000000100000000000000000001000000100000010000000000000010010100001000000
0000000000000010001000000000000000000000010000000000000001000000000000000000011000000000100000000000000000010000000000000000000110000000000000000000000000000000001000000010000001001000000100000010000001000
0001000000100000000000000100100000000000000010001000000000000001001000000000000000000000100000000000001000000000000000000100000000000000000000000001000000000000000000000000100101000000000000000000000000010
0000000000100000000000000000000001000001000001000000100000001000000000000000000000000000000000000100100000000000000000010000000000001001000000000001000000000000000001000000100000000000000000000000100000000
0000110000001000000101000000010000000001010000000000000010100000010000000000000000000010000000000000000000000000000000001100000001010000001000000000010000000000000000000100000010001000000000000100100000100
0000000000001010000010000000001000000000010101000000000101100000000010100000000101000000000001000000000010000001000000001000001010010000000000000000000000000010000000010000000010100000000100000000000000100
0000100000001000000000000000000000001000010000000000100000000000000110000100010010000000001011100000000000000000000000001000000000000000000000000100000000000000001000000100000000000000000000000000000000000
0000000100000000000000000010100000000000000000000000000000000000000100000000000010001000000000000010010000001000000000000000001000000000010000000000000000000000000000001000000000001100000001000000000000000
0000000011000000001000010001000000001000000000000100000000001000010000000000000000000000000000000100000000000000000000000010100000000010000000010000010000000010010000000000000001000000011101000000000001000
0001001000000000100000000000001000000000000000000000000001100100000100100000000000000000000000000000000000000000000000000000000000001000000001000000000000100001000100100110000000000011000000000001001000000
0000000000000000000010000000000000000000000010000000000000000000001000100000011011000100000000000000000000100000000000100000000000100010000001001100000000000101001000100000000000001000000000001000000100000
0000010000000000000000000000000000000000000000000000000001000000000010000000000000001000000000000000001000010000000000000000010000000000000001000000100000000000000000010000000000000000000010000000000000100
0100000000000000100000000000000010010100100000000000000100000000000001001000001000000000000000000000000000000000000000000000000000000000000000000000000000000000000000000000000000000011000100000001010000000
0100001001000001000000000000000000110000000111000000000000001001000000000000000000011000001100000000001001010100000000100000010000000000000100000011000000000001000001001000100000000000000000000000000000000
0000000000100000000000010000000100010000000000000010000000000000010000000100000000011011000010000000000000000010000000000000000001000010000000000001000001000101000000000000000000000101010000000010000000000
0000000000000000100000000000001010100000000000000000000000000000000000000001000000010000001000000011000000000000000000000000000100000000000010100000000000000100000000000000100100000000000000000000001100000
0000000000000000000001000000000000000000000000000000010000000010000000000000100000000100010000000000100000000000000000010000000000000000000000100000000110000001000000000000000000000000000000000001000000010
1000100100000000000000000000000010000000001000000000100000000000010010000000000101000000000100000000000000100011000100000000000000000000000000000000000000000000000000000000000000010000000000000000100000100
0000001100000000000000001000000000001000000000010000010010000110001000000010000000000010000001000000000101000000000000100000000000100000000000001000000100000000000010000000001000000000000010000001000000000
0000000100100000100000001001000000100001000100010001000000000000001000000000000100001110000000000001000100000001100000000000000000000000000100001000000000000100000000000000000000000000000000000000000000000
0000000000000000010000000000100010000010100000000000000001000010000110000100000000000001000010000000000010010001000000000001000000000000000100000001000001000101010000010000100000000000000000000010000000010
0000100000001010000000000000110000000000010000100000000000000100000000000010101110001001000000000000000010000100000000000000000110000000001000000000000000000000010000010000000001100000001000000000000000100
0000000010000101000000001000000000001000000000000000000000000000000010000000110000100010010000000000000100000000000001000000000001000000000100000000000100000000000000010000100000010100100000000100000000000
0100010000000100000000001000000000001000000000000000000000100000010000000000000000000001000000000000010000000000000000000000000010000000000000000000000000000000000001000000000011000100001100000000000000000
0000100000000100000000000000000000000000100000000000000110010000001010000100001010000000000000000000100010100000000000000000011010000000100001000000000010000000000110000000000000010100010000000000000100000
0001001010010000000100011000010001000010000010000000000000000000000001001000100001000000000000000000000000000000000000000001100000001000000000100000000000000010000000010000000000000000000000110000000000000
1000000001000000000011000000011000000000000001000000000000000000000000000000000000010000100000000000000101000000000000000001000000010000000010000000000000000010000100100000000001000010001000000100000000000
0000000001000000000000010000100000001000000000001100100000001000000000000000000000000100011000000010000000000001100000000000000000000000000010000010000000000010010000000000000000100000000000001000000000000
0101000001000010000010010000000010010101000001001000000100000000000000000001010001010000010001001000100000010000000000001000000100000000000000000010000000000100000000000100010100000000000001000000100000000
0001010001000000000000000010000000000001001000000000101000000000000010010000000000000010000000001000000000010000010000010000000001100000000000000100000000001000010000000000001000001000000000000000100001000
0000000100011000000000000000010000100000000000000001000000100000001000000100000010000000000001000001010000000000000001100000000000000000000000000001000001000000010000010010000000000000000100010000000000000
0000000000000100000000000010000000001000000000000000010000001000000000000000100000000000000000000000000000000101010000100000000000000010000000000100000000000000000000000000000000000000100000000001010001101
0000000000000100010000000010000000001000000001000001000100001000000000000000001000011000010001010000010000000001000100000100010000000000000000000000000000000000010000000010010010100000000010000010101000000
0000000000000010000001000110000100110001100100000001000100010000000001100000000000000000000000001100000000100000100000010100100001000000000000000000000000000100000000000001000000000000000010000000000000000
1010010000000000000000000001000000000000000000001101000000000100000000000000000000000000100000100000000000000000000000000000011000001001010000000000100000001000000000000000000000000000000000000000000001100
1000000000000001000001000000000000000000100000000000000010000000000110000001000000100000000001000001010000000000100000000000000010100101100100000000000000000010100100000000000000100000100000000000000000000
0000000000000000000000000000000000000000000000000000000000000010000010000010100000000001000000100010000000000010000000000000100000000010000000010000000000100000000100000000000100100010000001000010000000000
0001000000000000000000000000100000000000000000000000000000000000000010000000000100000000000010000001000000000110100000000000000000000000000000001000000000000001000000000000000000000000000000000000000000000
0000000100000000000000100000001001000001000001000000100000000000000000000000000000000001000000000000000000000000000000000001000000100000000010000000100000000000100010000000000101000001000000000000000000000
0000000100000010000000001000100000010000000000000000000000000100000000000000000000001000000000000000000000000000000000001000000010100010000000010000000100000001000000000001000000010000100001000000000001000
0000000000010000010000100010000010000000000000000101000000001001010000000000000000000000100000000000000000000000000000100100100000000000110000000100110000000110000000000001000010000010000000000000000000010
0000000000000000011000000000000000000100000000000000000000000000000100000110000000000100001000000000000000011100000000000000001000000000000000000000000000001000000001000000000000000000000000000000000000000
0000000000010000000000000000000000000000000100000100010000000001000001000000000000000100000000000000000000000000000100000000000000000000000100000000000000000000000000000000001000000001000000001100000010100
0000000000000000100000000000000000000100000000000000001000000000000000100000010001010000100000000000000100000101000000100001000000001010000101000000000000000000000000100000000100000000000000000000000000000
0000000010000000000000000000100100001000000000000000000000001000000000010000000000000000010110000000000000000000000001010000100000000000000000000000000000010000000000000100000000000000000000000000100000100
0000000000000000000001000011000000000100001000000000000000000000000010000000000000010100000010000000000100000000000010000000110000000000000000011100000000001001000000000000000000000000000000000000000000010
0000000001010000010000000000100000000010100000000000001000000000000000000000000000000000100000110000000000001000010000000100000000000011001010000010000000000001000000000000000000000000011000000000000000000
0010110000000000000000000000110000001000000000000000001000000000100000000000000000000000000010000000011000000110000000000000000000000000000010000000000100000000000000000000000001000001001000000100101000000
0000000101000000000000001000000000000000000000000000000000000010100010100000000000010000001000000100000000100000001000010000000100000000000000000001000001010010000000000000000000000000100000000000110000010
0000100000000001101000000000000001000000000000000000100000100100000000000000000001000000000000101000000000100001000000000000000000000000001000000000000001010001010100000001000000000010000100000100001010010
0000000000000000000000000000001100000010000000000010100000000000000000000000000100000001000000000111000001001000100000000000100000000000100000000000000000000000000000100000010000000001000000000000000000010
0000000100010000010000000000001100001000000000000001010000000000100100000000100000000000000000000000100100000000001000100110000000000000000000000000000000000000000000110000000000000000100000000010000000001
0010000000000000000000000100100001000000000000000000001000000000100100001100001000000001000000000110000000000010010000000000000000000000000000000000000000000000010000000000010100000000000100001000000010000
0000000010110010000000100011000001000000000000000000000000000000000000000001000000000000000000010000000000000000000011000000000000001110001000000000000000100100000000000001001000000001000100000000000000100
0100000000000000000100000000010001010000000000001100000010000000000000010001100000000101100000000000000000010000000000000000010100000000010001010000000000000000000000000000000000001010101100000001001010001
0000000000000100000000000000000000000000000000000000010010000000000000000000000000100000000000000001000000000101000000000000000000000010000000000000000000000001000000000001000000000000000100000101000010100
0000000100000000000000000000000001000000000001000000000000000000100100100000100000100000100000000000000000000000010000000001100010000000000000001010000000000000001000000000010000000000000000000000000000000
0001001000001000000000000000001000000100000111000000000000000000000000000000100110000100000010000100000000010010000100000001010000000000000000001000000000000001000001000000100000010100000010000100000001000
0000010001001000100000001001000000000000000000100000010000000011000000000100000000010010000000000100001000100001000000000010000000000000000100001010000000000010000001010000000100000001001000000100100000010
0000000010001000000110000010001000000100100000001000000000011100000000000000000100100001001001000000010000000001000000000000101000100000000000000000000100000100000000000000000000000000000000000001000010000
0001000000000000000000000001100000011000000100000000000000000010000000100000000000000000000000000000000000000000000000000001000001000100000100001000000000000000000001100000000000010000000000000000100000000
0100000001000000000101000001000000001000000000001000000000000011000010000100000000100001010100000000000010000000010010000100000000010000100000000000000000000000000100000001001000000000000010100000100000000
0010000000000000010000000000000000010000000000000100010001000100000000000100000001001000010000000000000100000000000000000000000000000000000000000000000000000000000001001000000000000000000000000000000100001
0010000011000000010000000001000000000000000000000000000000001000000000000000000100010000001000000000000000000001010000000100001000000001000000100000001000010000000010000000101000000001000000000000000000000
0000000010000000000000000011100001000000000000000000010000010000010100000000000000000000100000000000000000000001000100100000000011001100010000010000100000101000000100000000000100001010000000001100000000000
1000000000000000000000000010000000000000000000000001000001111000000000100000000100010001010001101100100000000001001010000000000000000001000000000100100001000000000000000000000000001100000000100100000000000
0000000000010000000000000000100000000001000000001000010000000000000000101000001010000001000000000000000000010000000000000000100000100100000000000000000001000000000100000000000000000010000000100000001000100
1000000000100000100010000000000000100100000000100001000010000000011000000000000000010000000000000010000000000110000000000010001000000001000000000000000011000000000001000000000100100000001000000000000000000
0001000000000000010000100010000000000000000000000000001000000000000000100000000000000000100000000100001100010000000000000101000000000000000000000000000000001000000000000000000000001100100011001000010000010
0000000010000000000000000000000000000000010000000110000000000000010000000000001000100000000000000000000000000000000000000000010000100000010010000000000000001000000000010000100000100010111000000001000000000
0000001000000000001000100001100000000000000000100000010000000000000000010000000000000010100000000000001000000000000000000100000001000000000000100000001010000000000000000000001000000000000000000001000000100
0000000000000000100000000000101000000000000000101000000000000000010100000000001000000000000000000001000000010000000000000000100000010001000000010000000001100001000000000000000000010000010000000010000000100
1000000000000000000010000000000100100101000000000000000011001000010000000000000000010000010000000000110001000000000010000000000000000010000100000000000100000100000000000000000000000000000001000000000000000
0000000000000001000001001001000010000000000000010010100010000000000000000000000010000000000000000000000000000010000000000000000000000001000000000000100010000100000000000001000100000001000000110010000100011
0000000010000000000000000000001010001000000000000001000000000000000000000001000000000100000000000000000000000000000001000000000100000000000000000000001001000000000100000010000100000010000000001000000000000
0000000000000000000000000001000000000000000000010000000000000000000000000001001000001000000000000010100000000010000000001001000000100000000000000000001000000000001001010000000100000000100000100000000000010
0000000000000100000000001000000000010010101000010000010000101000000000001000000101100000000000000000000000010010000000100000001000000000000000000000000000000010000010000100000000111001000000000010000000000
0100000010000000000001000000000000000000000000000000100000000000000000000000000000000000000001000000000000000000000000001000000000000001000000000000000000111000000000010000000000000100000000000000000000010
0000000000000000001000000000100011000000100000000000000000000000000000000000000000000101000000001000000000000000000000000000010000001000001000000000000000000000000000000000001100000010000000001001000000000
0000000000001100000010000000000000000000000000000000000000000000000000010000000000000000000000000000000000000001000110000000000000000000100000001000000000000000110000000000000000001000000000011000010000000
0000000000000000000100000000000000000000100000000000000000000000110100000000000000000000101000000000000010000000000000000000100000000000000000000000010000000000000000000000000100000100000000001010100000001
1000000000000000000100000000100010000110000100000000000000010000010000000001000000000010000000010000000000001000000000000010010001001100100000000000010000000000000010000001100000000001000000000000000000000
0000000010000000000000010000010000010000000000000000000000000000010010000000011000000000000000000000010000000100000000000000000100000010010000000000000110000000010100000000010010000011000000000000000000000
0000000000000000100000100000000000010000001010001000000000000000000000010001000000010000000000000000001010000000000000000000010000000000100000000000000000000000000000100100000010000000000000000000000000000
0010000110000000100000000010100000100000000000000001000000000000000000000000000000000010110000000000001000000100110000000000000000000010100000000100000010000000100000000100001100000100000000000000100000000
0000100000000000000000000000000000001000110000000000000000000000000101000000100000011000000000000000000000000010000000000000010000000000000100000000000000000100100000110000000000001000100100010000000100000
0000100000000000000100010000010001000000100000000000100000000000000000000000010000000000000011000000000000000000000001101100000000000000000000000000000000000000000000000000000010000000000010000000101000000
0000000100000001001001000000100000000000001001000000001000000000000000000100000000010000001100000000000000000000000000000010010000000000000001000000000100000000000010000000000000000000000000000000000000000
0000110000000000000000000100000000000000000000000000000000000000000000001000000000000000000000000000100000001000000000000000000000000000000000000000000000000001000000000000000000000100000000001001000010101
0000000000000000010000000000000110100000000000100000000000000100000000000000000100000010000010010000000000000010000000010001010001000001000000000000010000000000001000000000000100000000000000000000000010001
0010000000000000000000000000100100000100000000010010001000000100001000000100000010000000000000000010000000100000000000100000000000000000000000010011010000000110001000000000000000000000000000100000000000000
0001000000001100000001000000000000000000000000000000000000001000001000000000100100101000000000000000000100000000000000000000000101000000010000001000000001100000000100010010010001000000000000000001000000100
0000000000000000101000000000000000000000000000000010100000000000000000010000010000000000000000011000100010000000000000000100001001101000000100000000001000000000000000000000000000000100001000000100000000001
0000000000000000000000001000000000100010100010000000000000100001000010000000000000100000001010000000000001000000000000000000000000000100100000000000010000000100000000001001000001010001000101000000001000001
0000000000000000000010000011000000001000000100000000000000001000000000000100000000001000000000000010000000100000000000000000000000000000100000000000000000000000100010000000001000001010010000000000000010000
0000000010000000010010001000000000000000000100100000000000000000000000000000011000000100010000000000000000100010000100000000000000100000000000000000000001000000011000000000001000000000000001100000001000010
0010000000100000000000000000000001000000000000001100000000000000100000010000000000010101000000000000010000000000000011000000110000000100100000000000000000000000000010010000000000000000001000000000010000000
0000000000000010000000000001100000000100100000000000000000110000100000000000000000010000000000000000000000000000000000000010001000000000010100000000110000001000000000000000000000000010000000000100000000000
0000000100000000000000000000000001000000000100000001000000100001000000000000000000000000000010100000000010001000000000100000001001010000100000000000000101000000000000000100000010000000000000000000000001000
0000000100000000000000000000000001010000000000000000000000010000010000010000100000000000000000000000000000000000000000000000010000000010000000000100000100100000010000000000001000100100000000000001000100000
0010000000000000000000010010000001000000000000100000000000000000000000000001010000100000000001000000000000110000000000000000100000010000000000000000000000000110001000000000000000011101001000000000000000100
0101100000010100000001100000000000000100000000000100000000000000000000100000000000000110000000000000010000001000000000000001001000100010000000010000100000001000000000000000000000000010000000000000000000001
0000000000000000010100000011000000000000010000000000000100000000000010010000000010000000000000000000011000100000000001000001000000000000100000000000000001000000000000100000000000000000100100000000000000000
0 0
204 204
