210 210
001000000000000000100100000000001000001000000000000000000000000000000100000000000000000000000000000000000000000000000000000010000000000100000000000000000100000010000000000100000000000000000100000000000000000100
001000000100000100010011000000000010010010010000000010000000000000100000000000000000000000000000000000011000000000000000000000000000010000000010000000000000000000000000000000010000011000000001100000000001000010
000000000000000000100000000100000010000000000000000100000000010000000000000000000000000000000000000000000000001000000000010000000000001000100000100010000000000000000000001000000000001100000100000000000100000000
000000000011000001000000010000000000000000000010001000001010000000000000000000000000000000000000000000000000000001000001000010000000000010000010000000000000000100101000000001010000000001010101000000000000010000
100000001000000010010000000001000010100000000000010000010100001000001000000000000000000001000000000000001000000010000010000000000000000000010000100000000000000000011010000000000010100000000000000000000000010000
010001000000000000000000000010000010000100000000000001000000000000000000001000000000000010000000000000000000000000000100001000001011000010000000001000010000000000000000000000000100000001000000000110000000100000
010000000000000010000000001010000000000000001000000000000000010000000000000000101000001000000000000100000000000000010000000000001010000100000000011000001001000000000010000000001000000000000000000000000000000100
000000100000000000000000100001000000000000000000000001000000000000000000000001000100000000000000000000000000000000000101000001000010000001100000000100100000000000000000000001000000000000110100000000000000000100
000000000000000000001000100000001001000000001001000000001000000100000001000001000001000000010000000000000010000000100000000000000000000101001000000000000000100010010000000000000000000000000001000010000000000100
000010000000000100000011100000000000000000000000100000000110100001110000000001010001000000010000000000001000000000000001010000011001100000000000010000000000010000000000000000000111000000000010000010000000000000
000000100000010010000100000010000000000000000000000000001000000000101000000000000000001000000100000000000100000000000001000110000000100100000000010000000100000100000001001000000000010000000000000000000000000010
000000000000001000000000000000000000011000010000000000000001000010000000000000100001000010000000000000000001000000000000000000000000110000000001001000001000000000000000010000000000100000010000000000000010100000
000000001010110110000000010000010010000011100000000000010000000000000000000000000000000000000000100000100001000101000000000000000000000000000000000000000000000000000000000000000010000000000000000000000000000000
010000000001000000000000000110000100000001000001000000000101000000100000000010000000000000000000000000000100001011100000000000100000000111000000000000010000000000010000010000001010000000000001100000011000000001
010000000000101000001000001000000001000000000000000000000000000010000000000000100000000000000000010010001100001111000000001000000000000000000101000000000010000110000000000000100000010000100100000000000001000100
000000000010000000000010000000110000000000000000000000010000000001010000001000000000000000000001000000000000000000000100100000100000000000000000000001000001000000000001000000100000010100000000000010000000000001
000000100100001000000000000000000000000000011000000000001000000000000100100000000000000001000000010000000000100000100000000000000000000001000000101000110000000100000000000010010000001001000001000010000000000000
000010000000000000000100000000001000000010000000001000000001001110000000000000000010000000100000000010100100000000000000001100000001000000000000000000100000000000000100000000000000000000000001000000010000000101
000000001000000000000000000000000000000010100000000000000000000000000010000000000000000100100110000100000000000000000000000000000000100001000000100000000010000101000010000000000000001000000000001000000000000000
100000000000000000000000100000000110000000000000001000000010000000100000000000000000100000100000000000010000000000001100000010000000000000000010000000000100000000001000001000000000000010000000000000000000000001
000000000001000010010000000000000111001000010000000000000000000000000000000010000000000000000000000000000000010001010000000000000000000000000000000000000000000000000001000000000000000001010000000000000000010000
100000100000000000000000010000000010000000001000000010100000000010000000100001000000000000010100000000010000000000000000000000001000010000000001000000000011000000000001000001000000000000000000000000001000011000
000000000000000000000000000100010010000000000000000010001000000000000000000000000001100000000000000000000001000001000000000000000000100000010000000000000010000000001000000001000000001000001000000000000100010000
000000000100001000100000000000000000000010000000000010001000000010000001010000000000000010000010000000000000001001000100001001000100000000000000001000000000000000000010001000000100001001000000000000000000000000
000000100000000000110000010000001000000000001000000000100000100000011000000010000000000000000000001100001000100100000010000001000100100000000000000000010000000000000000000100000000000000100010001000000000000000
000000100000000000011000000000000000001000010010000000000100000000010000010000010000010000000001001000010000000000000000000000001000000000010000000000001010001000000000000000000000000000000000100000000100000000
000000000000000000000000010000010000000000000000001000000000000000000000100000000000001000000000100000000001000010000000100001000000000000000000000000000000100101000000000000000000000000000000100010000001000000
000000000000000000000000000000000000001000000000000000000000000001000000000001000000000000000000000000000000000000100000000000000000010000000000000000001000000000000000000000001000010000000000000000000000000000
000000100000000000001001000001000000000000000000000000000001001000000100001000001000001000000000000000000001000000010000000101000000001000000000000100000110001100100000100000000000000000000100001100101011000101
000000010000000000000000010000000000000000000000000000000001000100000000000010000000000011000110001010100000000010000000000000000000000000100011001000010000000000000000000000001000000000101000000000000000000010
000000000000000000000100000011000000100000001000100000000000010001100010000000000000010011000001000001100010000000000000000000100000000000100001000000001000000000000000100000000000000000010000000010000000000001
010001000001000000000010000000000000001000000000000000000001000000000001100000000000011000000000001000000000100000010000001010000000000000010000000100000000000000001000000000001000000000000000000000000000000000
000000010100000000000000000100100000001000000000001010000100000000010000000000010000000000000000000000000001000001000000000000000000000110001000000000000110000000000000110000000000010000000000001000000001000000
001000000100000000000001000000001010010010000000001000000000000000000000000000001001010000000000000000000000000000000001000000000100000000000000000000000010000100000000000010000000000010100000000000000100000000
000000001010000000000000000000001000000001100000000000010000000000000000000000000000000001000000000100000000000000100010001010010010000000000000000000000000000000000000000000000000000000000011000000001000000000
001000000100001000110000000000010000000010000000000000100000000000000000000000000000000010000000000000000000001000000010100000100000000001000000010000000000100000000000000000100000000000000100000000000010000000
000000000000000000000000000000000000000000001100000100000000000000000010000000000000000000010000000000000000010000110000000000000010000000010000010000101000000000000011010000000000001000100000001010100000000000
000001000100100100000000001000000100000100000000000010000000010000000000000000000000000000000000100000100000001000110000001000000000000000000000000010000000000000000000000000010100000000000000000000000000000001
000000000000000100000000000000000000010000000000000100000010000001000100000000000000000100000000000100000000000000100000000100100001000000000000000000000010000000000000100000001000000000000000000010000000001000
001000000100000001000000000000000000000000000000000000000000100100000000000000000000010000000000000000000100000000001011000000000000001010000000000000001000000000010100000000100000000000000000000010000000000000
100110000010000000000000100000000000000010000000011010000000000000000000000000000000000000000000000000000000000000001100000000000000000000000000100000011000000000000000010000000010000000000000000000001000100000
010000100000000001000000000000000000000000100000000000000000001000000000000000000100000000000000000000000000001100000000000000000000000000000010000000101001010000100000000000000000000000100000000100000000000000
000000001100000000000001000000100000000000000011100000000000000000001000000000000000000000010000000000100001000000000000000000000000010010000000001000000001000000000000000000100010000000000000000000000000000000
100001000000000000000000101000000000000100000000001010000000000000000000000000001000000001000000000000011000000101000000000000100010000000000100000000000001001000000000010000000000000100010000100000000001000000
010000000000000000100010000000000111000100000000001000000000000000000100000000000000001000000000010000000000010000001000001000000100000001001000001010000001000000000000000001010100000001000000010001100000011000
000000100001100000000000000000000000000010000100000000100000000000000000100000000000000000000010000000010000001000001000000000000000010000000001001000000001000000000001000010000000000001011100000000000000010100
000000000000000100000000000000000000000000001000000000001000010000000000000000010000000000000000000000100010001000000000000000000000000000000000000001000000010100001010100100000010000000010000000000000010000000
000010000000000001010000010000100000000100001010001000000000000001000000000011000000000000000100000000000000000100000000000000000100000000000000001000000000000000000010000000000100000100100010000001010010010000
000000000000000010000000001000000000000000000011000010000000001000001010001000001000000001000100000100101000000001000000001000110000001000000000001000000000100000010000000000000000010000001000000000010000000000
001000000000000100000000000001000000000001000000000000000000000000000000000000000000000000001000100000000000100100000000000100000001010000000000000100000000010000000001000101100000000001000000001010000010000000
000000000000100000000000000000000000001000000000000000000000000000000100000000011001001000000000010000000000011100000010000010010010000001100000000000000100000000000000000000000000000000000000010000000001000000
010000000000001000001000010100000000000000000010101000001000001000010000000000100100000010000000100000000000000000000000000100001000000000101000010101000000010010000000000001000000000010000110000000000000100000
000000000000000000000000001101000000000000000100100000000100010000000000001000000001000010000000000000000000000001000010010000000000000000000010000010000000000000001000010000000100000000001000000000000000000000
100000001000000110010001000000011000010000000000000000001000000100000010100000000000000000000000001000000000000000000100000010000010000000000010001000000000000011000000000000010000000000000000000000001000000000
010000000000010010100000001000100001000000000000000000110000110010000000000000000000010110000000000000000000000000000001000000000000000000000000001001000000100000010000000000000000000000000000000000001000001000
010000000000000010000000001000010000000000010000100000000000000010000000000000000000000001000000000100000000000000000000000000001000000000000000000000110000001000000000000000000101000000000000010000001000010000
000100000010000000100000100010000000000001000000010000000000000000000000000010000000000000000000010000000000000000000000000000000000000000000001000001000010000000000000001000000001000001000000000010100000000000
000000000000100000000000000100000000000100000000100000000010100000001000010000100000000000010001000000000000000010100100000000000000001010000000000000000000010000001000000000100000000000000110000010100000011000
000000100000000000000000010000000000000100010000000000100000000000101000000100010001110000000000000000001000000010000000100000000000000000010000000010011000000000000000000000000100000000000100000000000101000100
000000000000000000000100000010000101000000000000000000000011011100000000000100000000000000000000001100000000010001000000010100010000000000010000100000010000000000000000000000000000000000000000000000001001000000
000000100000000000000000000000100000010100001000000000000000000000001000010001000000011000000000001000000100000010000010001000000000000100000000000000000000000010000000000000100001000000000000000001000010010000
000000000000100000000000000000010000000000001000010000100000000000010100000000000000000000010100000000000000000000100000000000000010000010010000000000000001000000011000000000001000000000000000000001000000000000
110000000010010100000000000000000001000000000000000000000000000000000000000000000000000000000000000000001000010100000010000000000000000000000010000000100000000001001000000100000000000000000010000000000000000000
001000000000000000000010100000100000000000000001100010000000101000000000000000000000000000000000000000000000000000000000000000000010000000000000000000000101000010100000010000000100000000000101000000001000000010
000000000000000000001100000000000000000000010000010100000001010001000000000000000000000000001100000000000000000000000000000000100000100000000100000100000000100000000000000000010100000100000000000000000000100000
000000000000000000000000000000000000100010000000000100100000010000010000000000000000000000000011000000000010000001000000000100000000000000000000011100000000000000000001000110000000000000000000010000000000000000
000001001000001000010000000000000000000000101000000000000000000000000000100000000010000011000100001000001001000000000000000000000000000001000000000000000000000010000110000000000000000000000101001100000000000000
000100000000000000000010000001010000000000000000000000000000000000010000000000100000001000000000001100010000010001100001001000000100000000000000000000100000000001000001000000000000000001100000000000000000001000
000000000010000000000000000110100000100000000000000000000010000001000000000000000000000000000100000000000011000000000000000000000000000000000000000000100000000000000000000000000000000000000010000000001000000010
000000000010000010000000000000000000000000000000000000010010000100000000000100000000000000000001000000001000000100000001000000000010000000000000001000010000110000000000000000000000010000000000000000010000010000
000001000000100000000000100000010000000000000000000000000000011010000000000000000000000000000000000000000000001010000100000010000000100000000000000010000000000000010000000000010000100000100000010000000010010011
010000001001000000000000000000100000000000000000000000000000000000100010000000010000001000000000100000000000000000000000000000000000000100000010000001010110000000000000100000000000001000000010000001000000010000
010000010000001100011000001010001000000000000000000000010000000000001000000000000000000100000000100001000000000000000000010000000001100000000000000100100010000000100000011000100000100000000010010000000000000000
001100000000000000100000000000010000000000001010000000000100100000010100000001010000000000000000100100010000000001101000000000000000110010000001000000000010000001000000000000010000000101000000000000000010001100
000000000000110000001100000000000001010000000000000001000000011000000000000000000000001000000000000000000000000000000000001000000000010000010001011010001000000000000010000010000100000010000001000000010010010000
000000000000000000000001000100000000000000001000000000000000000000000000000000000001000000000001001000000000100000000010000101010000000000000000101000100000000011000000000000000000001000000100000000000000000100
000000101000100000000000001000000000010000000000000010000000010000010010000000000100000000000000000001000000000000000010000000000000000110000010000000000000000000000100100000000000001000000000000000000000010010
000000001000000100001010000000100000000000000000001000000000000000110000100000000110000000001000000001100000000000100000000000000000000000000000010000010000000001010000000010000010000000100000000000000000000000
000100000001000000000000000110000000010000000000001000000101000000000001000000000100000010001000001000100100100000000000100000000000000001000000000000000100000000000000000000100000000000000000100000000011000000
000000000010000000010010001010010000000000000000001000010000000000000000000000100000000000000001100110100000000000010001010000001000000000000000000000000000000010000000100000010000000001001000000000000000000000
000001000000000000000101000010000000000000001000000000000000001000010000000000010000001100010001000100000000001001000000000100000000000011000000000000000000001001000000000100000110100000000000000000000010000000
011001000000000000010000000000000000000000100100000000000000000010000000000000001000000010000000000001000000000000000000000000000000000001010000000000010000000000100000000000000000001000010000000010000001000000
000000010000000000100000000000110000010000000000000000000000001000000000001000000000000100000100000000100000100000000110000000000000000000000010000000000000000000000000000010000010000000000000010000010000000000
000001000000000100000000000000000000000000000001100000000000000000000000000000000011000000000000000000001000000000000000010000000000000000000000000001000010000100010011101000000000100000010000001101000000000010
010000000000000000010100000000000010000000000010000000000000000000000000000000000010000000000000000100000011000000000000000000000100000000000100000000000000101100100001000000101000100000000000000000010000000000
000000001010000100000000000001000001010001100000000000000000000011000000000000000000000000000000000000010000000000000010100000000000000101000000100010000000000000000000000001110010100000000000000100000000000000
000100000000010001000000000000000000000000000000010010000000001001000000100000100100000000000000000000001000000000000100000010000000000000000000000000101000010000000000000000000000001100000000000100000100000000
000010001000000000000000000000000000000000000000000000000001001101100000000000000000000000000010000000010000000010000001000000000001000000101000000000010000101000000000000000000000000000000000000000000000000010
000000000000000010000000010010000000000000000000000010000000000000100000000000000001010000000100010000001000000000000010000000010000000000000000001000000001010000100010000000000010000000000000000110000000000000
001000010010000000000000001000000000001000010010110001000000000000000000000000000000000000010000000000000000100000010100000000000000000000001000000000001010000000010000010010000000000000000010000100010000000111
000000000000000000001010000100000000100000001000100000000001000000000000000000000000000010001000000000000000000000000000010000010000000000000000001010000000000000000010001000100001001001000000001000000000001010
000000000000000010001000010000100000000001000100000000001000010000101100000000000000000000000001100000000000000000000000001000100000001000010000000000000100000000000000100001000000010000010010000000100000000000
100110000000000000000000000000000000000000000000000000000000000000001000000010000000000001000000000000001000000000000001000000000001000000100100000010000010000000000010000000100000000000000000100100000000000000
000000000000100001000000000001010000000000000000000000000011010000010000000000000000000001010000000010000000000001000000000100000100000000000000000000000000000000000000000000000001000010000100010000000000000000
000001000100000000010010010000000000000000010100000000000000000000100000000000000011000000000010000000000010000010001000000000100010000000000000000001000001000000010000000010000001000000000000000000000000000000
010000000000000000100000010000000000000100000000000000101000001000000010100000000000000000000100000000000000000100000000000000010000000000000000000000000000000100000000000000000010000100000000000000000000100101
000000001000000100000000111011000010100000000100000000000000000000000000100001000000000000100000000000000000000000000000000010000000000000010001000000000000000000000001011000100000000000001000101000000000010000
000000000001000000001000001000001000000100000000000000000000000000000000000000000000000000010100000100000000000001010000001000000000010100001000010000000000001001000001000000010000000001000000000000010010000000
000000000000000000000000100000000000000000000000101000011000000000000000000000001000110000010000000100000000000010000001000001000000100000000000000000000000000000011100000000000000000010100100100000000000010000
000000000000000000010000000000000000000000001000000010000010000000000001000000010000010000000000000110000010000000000000001000000110010100000000000000000010000000000000000000000100000000000000000000010000000000
000000001000100001000000000000000100000000000000000000001000000000000000100000000001000110000000010000000001100000000000000100000100000001000000000000000000000000000000000000000000000000001000100000100000100100
000010000000000000000100100000000000000100000000000000000000001000000000000100000010000000000000000000110001000001000000001000100000000000000000000000100000000001000000000100000000000000000000000000000000000000
000000000000010001100000000000000000000000001000000000000000000000001001100000000000000000000000000000001001100000000000010001000000000000000100000000100000100000000010000000100000000000000000100000010000000000
100000000000000001110000101000000000000000000000001011000000000000000000000000100000010000000000000000000011000100000010000000000001011001000000000000000100000100000000000000000000000000001000000001001000000001
000010000000100000000000000000000000000000000000000000000000000000000001010000000000010000000000000000000000000000110000000000000100000000000000000000000000001000000000000000001000000000000000000000000100000110
000000000000011000100000000000000000001000010000010000000000000100000000000000010110000010010100000000000100000000000010000010000000000000000000000000100000101010000000000000000000000000000000000000000110000001
000000000000001000000100010000000000000000000010000000100000000000000000100100000000000000000001000000010000000000000000000000000001001000000000001000000001010000000000000010010010100000000000000100000000000000
000000100000100000000000000000100000011000010000000000001000000000010000000000001000100000001001010000000000000000000001001000000000000000000010000000010000000001000000000000000000000000000000000000001010000000
100000000000000000000000000000000100000000101000000000000000000000000000000001000000000000000100000000010000000000000000010000000000000000000100010101000000000000011000000001000000000000000000000000000000000000
000000000000000000000001010001100001000000000000100000000000000000000000000101010000000000000000000000000000000000000000000000000000000000001000010000000000100000000000000000000000000000000000100000000000000000
010000000000001010000000000000000000000000100000000010000000000000000100000100000000010000000000000011000000000000000000000100000010100000010000000000000000000000000000000100000000001010000000000000001000000001
000000010000000000000000000000000000000000100001000000000000000000001000000000000001000000000010000000000011000000000000000000000011000000000000000001001000000000010000100000001010000000000000000100010000001000
000001100010000000010000000000000000010000000000010000000000000001000000000000100000000100000000010000000100100100000100001000000000100000000000000000000000010000000000000000000000100000001000000000000000000000
000000000000100000001000000000000010000000000000101000000000000010000100000000100001000000000101000000010010010000000011000000000000100000000100001000000000000000000000010100000000100000000000000000000000000000
000010000000100000000000000000000001000000010001000000000000000000110010000000110000000000000000000010010000000000101000010000001000000000000000010000000000101000000000000000000000000000000000000000010000010000
000000000000000000000000101001000010000000001110000000000001000000001010000000000000000000000100000000000000000010000000001000000000000000000000000000000011101000000010000000010000000000000000000000000100000100
001000010000000000000001001000010000000100010100000000000000000000000000000000100000000000000000000000000101000000110000000000000000001010001100000000000000010010000001001000001000001001000000000010001000000100
000010010000000000000000000000000100000000000000100000100000000000000000100000000000000000000000001000000001000000000000101000000010100100000001000000000000010000000000010101000010000000000101000001000001000000
000000000000001100100000000001000000000000000000000000000010000001000000000000000000000000000000000000000000000000000000010000010010000000000000010000000000000001000000000000101000000000000000000001000001100000
000000010000000000000100000100000001000100000010000000000000000100000001000000000000000000000000010100000000001000000000000000000000000000000000001000000000000010000000000000010100000000000010010000010000010000
001000000000000000000000001000000100000000000001000000010000000000100010010000000000001000000100100000000000000100000000001000001000001000001000001000010000000001000100000000000000000000010000000010000000000001
010010000000000000000000000000011010000000000000000010000010001000001000000010000000000010000000000000000000000000001100000010000000000000000100000000000000010000000001000010000000000000000000000000000000001000
000000000000000000000000000001000000000000010010000100000001000011000100001000000100100000000000000000000000110000000011000000010000000000000000000000000000010001000000000000000000000100000000000000000000000000
000001000000000101000000000000000000000100000000000000000010000000000100000001000000001000000000000000000000000000100001000000000000001000000000000010000010000010001000000000100000000000010000000000000000110001
001000000010000000000001000000000001000000000100000000000000100100001000000100010001000000000000000000000000000000010001000000000000000000000000000000000000000000000000000001000010000000000000000000000001000001
100000000000000100000011001000000001000000001001000010000000000000000000000000001010000000000000001001100101000000000000000000000000100000000000000001000000010000000000100001001000000000000000000000000000000010
000000000011010000000100100000000000000000100010001000000000010000000000000000000100100000000010000000000000000010000000000000000000000000001001000100000000000000000011100000000000000000100101000000000001000001
010000000000001000000000000100000010010000000000000000000000100000000010000000100101101000000000000000000000000000000000111000000000000000000000001001000000000000110000010000001000000010000000010100000000001001
000000000000000000000000000010010000000000000000010000000000000000010000000000100000000000000010000010000010001000000001001000010000000001000000000110000000011100010110000000000000010001000000000010000000000000
000000000000010100100000000000010000010000000000000000000000000000000001000000000000000100000000000011100000010000000000000000000000000000000100000000001000000000000001000000000000000100000000100000100001000000
000000010000100001000000000000000000000010000000100000000100000000000011000000000000000000001010000100000000000000000000001000000010011000000000000000001000000011000100000001010000000000000000000000000100011000
010010000100000000000100000000000000010000001000100000000100000000000000000000101000000000000000000000000000000001110000000000000010000000000000000100000000100000101000000000000000010000000000000000000000100000
000100000000000100000000001000000000000001000100000000000000000000000000010000011000000000000000000100000000000000000001000000010000000000000000001000001010000000000000000010000000000000000001000100000000010000
000000000000000001000000100010010000001000000000000000000000000000000000000000000001100000000000001000000001000000010100000000001000000000100000000100000000000000000000000000100100000000001000000100000000000010
010000010000000010001000100000001000001000000000000100000100000001000000000000000100000000000100000000100000000000000001000000010000100000110001000000000000000000000000000000100000000000000000100000000011000100
100000000000000000000001000000000000000001000000010000000000000000000000000000000011001000100000000000000000001100100000000000000100000000000001000000000100000000000000000000000000000000101000000000000000000000
010010000000100010000000000010100100000000000100001000001000100000000000000000000000111001010000001000000000000000000000000000000000001000100100000010000000010000000000000010000001000010010010000000000000000010
000010000001000000100000000000000000000000100000000000110000110000000000000000000001100000000100000000001001000000000000000000000000000000000000000001000000001000000000100000011100001000000000000000010000000010
000000000000111001010001000000010000000000000000000000001000000000001000000110010010100100100000001000100000001001111001100100000000000000000000000000110000000000000000000000000100000000000100000000000100000000
000000000000000000001010010100000000010000000000110000000010000000010000010001000000000001000100000000010100000000110000010001000000001000010000000000000000000000000000010000000000000000000000000000000100000000
000000000000000000000001000000000000000000000100000000000000000001000100000100000110000000000000000000000001100000001000000000000000000000000001000010000011000000001000000000010000110000100000100000010000000100
000000001000001000001000000000000101000000000000000001001000001000000010000000010110010100000000000000000100101000000001000100000000100000000000000000000000001000000000000000000010100000000000000000000000100000
000000000000000000000010100000011010100000000000000100000000000000100001000100100000000000010000000000000000100000000010000000000010010000001000000000000000000010010000000000000000000001000010000000000000000000
010010000011100000000001000001000001000000000000000000000010010000000000000000000000000000000000000000000000000000000000110000000001001000000000100000000000000000000100000000000010000000100001000000000000000000
000000100000000000000000000000000000010100000110000000100001010000000000000000000000001000001001011000000000011000110001000000000010010000000000010100000000000000001010000000001001000000000000010000110000101100
000000000000000000000000000100000001001000000001000000010000010000000000000000001001000000000000010000000000000000000000000000000000001000000000000010001000000000000000100110000001000100010000000001000000000000
000000000000000001000100000000110000010010100100000000000000000000000000100000001000000000001000000000000000000000100000000010000011000100000000010100100000010000000001000000100000000001000001000000000001010000
000000000000000000000000000100100000001000000000000000001100001000000011000000000000000000000000000000001001001000000000000000000000000000000000000000100000000000000100000100000000000000000000000000000000100100
010000000000000100010000000001000010000001100000000000100000001000000000000001100000000000000000000000000010000110000000001100000000000010000000000000001000001000000000000000000010000001000000000000000000000100
101000000011000000000000000000001000000000010000010000010010100000110100000000000000000000000000000000000000000001000000000000000000000000000000001100000000110000000100010000000000010000000000000000100000000000
000000101001000000000000000000000000000000000000000000000000010100000000001011000000000100000000001011000000000000100000000000000000000000000000000000000000000000000000000000000000000000000000001000000000001010
000100000000000000000000000010000000000010100100000001000000001000000000000000000000000000100010100000000000000100000110001000000000000000000000000000100000001000000000000101100000100000010000000000100001000000
001100000000001000000001110010000000000010010000000010000100000010010000000010001000000000100000000000000000010000000000000000000000001001000000000000100000000000000000000000000000000000000000000100000100000000
000000000000000000000100000000000000000010001100000000001000000000101000000001001000000110100000000000001001000000100000000000010100000000000001010000000000000000000000000000100000000000010000100000000000000001
000000100000001000100000000100010100000010000000000101000000000000000000000100000000000000000010001000010000100000000000000000100000000000000000000000000000100000010000000000100000000001000000010000000000000100
100000000001000100000000100000000000100010010000000000000010000000000000001000000000000010000000000000000000000000010000000010000011000000001000100001001000000000000000000000000001000001000000010001000000000001
000011000010000000000000000000000000000000000000000000000000000000000000001001001001000000001000000010000000001000000000010000010000000000000000000000000000000000000000001000000000100100100100000000000001000100
100000000000000100000000000000000000100010010000001000000100000000000100000000000101000000100001000000000000001010000000000000100000100000000000010001001000000000010100000000000001001000100000010000000010100000
000000001000000000000000010000000000101000000000000000000100000000000000100000000100000000011000000000000000000000000001010000010000100000000000000000010000100000000000100100001000000000001000000000001000000000
000000000000000000000000000000100000001000000000100000000000000000001010001100000000000100000000000000000010100000000000000000000000000000000010000000010000000000000000000000000000100001000000100010000000000000
001001000000000000000000000000000010000000011100000100000000010000001000000000000000000010100010010000000000000010000000000010000100000010000000000010001010000000000001000000000000000000101000010001000000000001
100100000010000000010000010000000000000001000000010000000000100011000100000000100000000000001000000100100000000000000000100011000001110000000000000110000010000000000000100010010000000100000000000000100000010000
000000000100001000000000000100000000000000000000000000000000000010100000000000000000000100000010000000000000000100000010000011100000000000000000000010000000000000000000000000000000000000000000010000001000000000
000000100000000000000010000000000000100000000000000000000000000000000000000000000000000000000000100000000000000010000000000000110000000000000001010000000000000100100001000000000000010000100000000001000000100000
000000010000010000000000000000001000000000000000000010000000100000001000000000001000100000000000000000100100000000000000001000100000100000000000000010100000000100000000000000000000000001010000000000101001011000
000100000000000000000000000000000010000000000000010000000000000100001000000000000000110000010101100000000000001000000000000000000000000000010000000000000100000000000010100100000001001000000000000000000000000000
010100000000000000000000000000000000000000000000100000000000000000000000000000000000000000000000001000000000000101000000000001000010001000000000000000010000000011000000000000000000001000000000000000000000000000
100100000000000000000000000000000010000000000000000000000000000010000000000000000000010000100000001000000000000000001100000000000001000101001000000000100000000000000100000000000000100000010010000000001000000100
000000000000000100000000000000000100001010000010000000000000001000000000000000000000010000000000000001000000000000000000010000001011000000000000000001000000000000010000000110000000000000000000000000000000000000
001000000000001000000000001000000010000000001000011000001001000000000000000000000100000000000001000001000000001000010001001000000000000000001000000000000000000000000000100001010000000000000000000100000010100000
000000000100000000001001100001000000100000000000000000000000000000000000001000000001000000000000000000000000000000000001000000000000000000010100000000001000001000000001001000000000000000100101000000010000000000
000000000001010000000000000000001000000000000000000000000000000000000000100000000000000000000100000100000000010010111000000000001000000000010100000001010100000000000000000100010011110000000000000000000000000000
000000000000000000000000001000000010000000100000000010000000000000000001000000000000010000100000000000000000000000000000010000000000010000000001001010000000000000000000010000100010000000001100000000000110001000
100000000000000000000000000000000010000000000000000000000000000000000000000000000000000000000100000000000000000000000011000010000000000010000000011100000001100100000000000000000000100000000001000000100000010100
000000100100000000000000000000000000000000000000000000000100000000000010110000000000000001000000000000100000010000000000000000001000000001010100000010010000000000010010000000000000000000000100001000000000000000
000100000000000000000000000000000000000000000000000000100000000000000100000010000001000000000000000010000000000100000100000010010000000000001000000000000000000000000011000000100000000100000000000100010100000000
000100000000000001000000100000000000100100011000100000000000000000000000000000000000000000000000100000000000000000110001100100000000000001000000010010000000000000000000010000000001000000010000000000000000000000
010000000000101001000010000000000000000000000000000000000000000100010000000000100000000000000000000000000000000000000000000000100000000000000000000000000000000100000000000000001000000000000000000000000000000000
000000000100100000000000001000000000000000000001000100000001000000010100100000000000000000000010000000000010000000110000000000000000000000000000000000000000000000000010100000000000000000010000000010000000000000
000000100000000000000000000000000000000000000100000110000100000000000000000000010000000000010011000000100000000000000000000010100000000000000000001000100000000000000000000000000000000001000000000000000011001000
000001011000100000000000000001000010000000100100000100110000000010000000101000000000010000010000000010000000010000000000000000000000000100000000000000000000000000000000001000100000010000000100000000001000100000
100000000000000000100001100000000000000100000101000001000000000000000000000010000010001000010000010010001000000000000000000101000100000000000000000001010000001001010000000000000000000100001000000000001000001000
000000000100000000000000000001001001000000000000000000000000000000001000000000000000000101000000000001000000000000000100010000101000001000000010000100000000000001011000000000010000000000000000000000000000000000
000000000001000010000001000110000110000000010000000000000000000000000000000000000100000010000000000101000010011001000000000000000000100000000000000000000100010000000000000000101000101000000000110000010000000000
001001001000000000100100010000000100000000100000100100000000000000100000000000000000000100010000000001000100000000000000000000000000000001000000100000000000001000000000100000000000000000000000000000000001000100
000010000100000010000000000000000000000000001000000000000100000000000100000000000000000100000000000000000001000000000000010010000010010010000000001000000001000000000000000000000101000010000001000000000000000000
000000010000000000000000000000000000010010000010000010000000100000000001100000000100000010000000000001010100000100000000010000000000100000000110000000010000010000000100000100000001001100000000100000000000000000
000000000000100000000000000100000000000000000000100000000000010000000000000001010000000000011000000000000010000010000000000000000000000010000000000001010000001000001000000000000000000000000000000100100000000000
100000010000000000000000000000000000001000000000000011100000000000000010000100000000000000010000000000010100000000000011000000000000000000000000100000000000000000000000000000000100010000000000000000001000000000
001000000010000000000010000000000000000001011000000100000100000000000000000101000000000000000000000000100000000001000001000000000000000000000000000000000000000000100000001100100000000010000000000011100100010000
000000000000000001000000000000000000000100000000001100000000100000000001000000000100000000000000000000010000000000000000100100000100001000000000010000000001000010000000000000000000000110000100010010100000010000
000001000000000110000010100000100000000000010000000000000000000000000000001000100000000000100000010000000100001000100000001010000000000100000000000000000000000000000000001000100000001000000000000000000010000000
000000000100000011000100000000001000000000000000000000000000000000000000000000100100000000000001000001000100000100000000000001000000000100001001010000000000000000000000000001000000000010000000000000000000000000
000000100000000001100000000010000001000000000001000000000010000000011100010010100000010000000000000000000000000000010001001000000100000110000000000000000010000000000000000000000000000000000000010000001100010000
000000101000001000001000010001000000010000010000000000000000000010000000000000011000100010000000000000000000110000000100100010000010000000000000000000000000000010001100000000000000000010000100000000100000000010
001000001000000010000000000000000000000000000001000001000000000010000010000000000000000001000100000000000000000000000100001000000000000000000110100000000000100100000000000000000000000000100000000000001110000000
101010000000000010001000000001000100000100000000000000000000000000000000100000000000000000000000001000100001010000000000010000100000000000000000000000010000000100000000000000000010000000000000000000000000010000
000001000100000000000000001000000101000000000000000001001000000000101000000000000000000000000101000010100010000000000000000000000000000100001001000000000000000000000000000001000000001010000000000000000000001001
000000000000000000010000000010000000000000001001000000001000000010000010000000000000000000000000000000001100000000100001010000000000000000000100000000000000001111000000010000000000000000000100000000000000000000
000000000000010000100000100000000000000000100000010000001000000001010000100000010001000000000100000000000000010000000000000001000000000000100000000000000000000000000000000000000001001100000000000000110110000000
100000000000000000010000100000000100110000000000000110100000000100000000000000000000000001001000000000000000101000000000000010000000000000000000110010000000000000000100001000000000000001000010010000000000010000
000001010000000000000000001000000001000010000001000000010000001000000010000000010000000000001000000000001000000000010000010000100000000000000000000000000000000000000010000100000000000000001010001000000000100100
000000000000001000100010100100000010010100000010000010001100001000000000000000001100000000100000000000000000000000000000000000010000000000001000000000000000000000010000000000000000000000001000000001000100000010
000000000000000000000000000000000000000000011000000000000000000000010000000000000000010000000001010100000000000000000010000000000010000000001000000000000000100000000011001100100000000000000000000000010000000000
000000000000000000000000100000000000000010000000100000000000000000100000100000000000000000010100010010000000000000000000000010000000000010000000000000000000000000000000000000000000000000000000000000000000000000
000000000000001000000010001000000000000000001001010000000000001000000100000000000000000000000100010000000010000000001000001000001000000001000000000000010000000001000100000000000000000001000000100010000100000000
000000000000100000000000000001000000000000000000000000000000001000000000000001000100000000000001010001000000000000011000001001000000000001000000000000010001000000000000001010001000000000000000010000010000000000
000100000000000001000000000000000000001011001000000000000000000000010000000000000000000000010000010010000000010000000000000000000001000010000000000000000000000000000000000011000000000100100000000000000000001110
010001001000000000100000000000000000100000000000000000000001000000010001000000000000000000000000000001000000000010000000000010000000100000000000000000000010000000000000000000000000000001000000000000000000000100
000000000001001000000000000000100000100000000000000001000000000001000000100001000000000000000110000000000001010000000000001100000000001000000000000000000000000000010000010000000000000000010000100000000000000000
0 0
209 209
