215 215
00000000000100000000001000001000000000000010000001000000000000000000100000000000100000010000000000000001100000000000000000000000000000010000000000010001100000001000000000001000000000001100000000000000000000000000000
00000000000000000000000001000000000000000000010010000000001010000000000000000000001100000000000000010000001000000100001000000000000110000000001000000000000000000010101000000000000100010000000010000000000000000000000
00000000001000110000000010000000000010000000000101000000000000000000000000000000000000000000000000000010000010000100000100000100000000100000100000001001000000000000000000000000000011000000000000010000000000101000000
00000100000000000000000000100000000000000001000000000000100000001100000001100000000011001000000100000100000001000011000100101000000000000000000100000000000001000000000000000000000000001000000000000000000000011101000
00000010000000000000000010010000000000001000000010100000001000000000000000000000100000000000000001000000011000001000000100000000000000000000000000010010010000000000010000000000000000000100000000100001000000000000000
00100000000000110000000000110000000011000010010000000000001000000000110000101000000000010000000001000000000000000000000000000001001000000000000000001000001000100001011000000000000000000000001000000000000000000010000
01000100000000000000101000000000100000000000000000000000000000000000001100010000000000000000000000000000010010000000000001001100000000000000000000000100000000000000000010000100000000001000000010110000000000000000000
00010000100000000010000010000001000000000001000010100000000000010000000000000010000100000000110011000000100000000000000001000001000000000010100100000000000001010000000010000010000000000000000110000100010000000000000
00000100001100000000001000000001001000000010100000000000000000000000001000100100000000000000000000010000000100000010000000000000000100100000000000000011001000000001000000001000000000100001000000001100000000000000000
00001000000001000001000000000000000000011000000010000000000000000000000000100000000010010000000000000000000000000000000000000000000000000000000000000000000100000010100000000000010000000110000000100001010000001000000
00000000000000000000000000000010000010000000000100000000000001010001001000000000000000000000000000000000000000100010000000100010000001000000010000000000000000000000000000000000000000011000001000000100010000000000000
00100000000000001101010000000000011000000000000000000000000000100000000000000010001000000000010000000000001000010000000000000000000000100000000000000000000000000000000000000010000010000001000000001010010001000000000
00100000000010000000000100000000000000000100000000000000000000101100000000000000000010000001000000000000000001000000001000000000001100000000000000000010000000000101001100100000100000000000000000000000000000000000000
00000000100100000000000000000000000000001000000000000000000100000000000000001000000000000010000000000000000000000000000000100000010000001100000101000000000000000100010000000001100000000000100000000000000000100000000
00000000000000000000000000000100000000000000000000000000000000000000000100100000000001000000000000000110000010010000000000100000000001000000000101000011000000001000000010000000000000000000100001000000000000000000000
00100000000010000100000000000000000001000000000000000000000000000000000000000000000000000000000100000000001000000000001001000000000001000000000000000000000000000000000000001100000010100010010000000000000000000000010
00100100001000000000000000001101100000000000010010000000000000000000100000101001010000000000000010001000000000000000000001000000000000010001000000000000001000000000001000000000000000000000001000000000000000001000000
10000000000000010001000000000000100000001110000100000000000000001010010100000001000010001000000000010000000000000000000000000000000000010000000000100000000000010000000110000010010010000000000000000000000000001110000
00000000000000000000000100000100000100000000000100000000110000000000100000000000000000110000001000000000000000000100010000010000100000000000010001000000000000000000100000000000000000000000000000000000000010000000000
01000000000000000000000000000001000000000000000000100000000000100000000000000001101010000000001001000000000000100100000100000000010000001000000000000000000000000000000000000000000000000000000100000110000001001001000
00000000010101000000000000000100100100000001000000100000010000000000000000000000000000100000000000000000000000000000000000000000000000100000000100100100000000000000000000000000001100000010001110000000000000000000100
00000001000000000000010000000000001010000000000010000000000000100000000001000000000000010010000000000000000000000100010000000000000000000001000000100000000000100010000000000000000000000000000000100100000000100000000
00000001000000000000010100000001010000000000000100000000000000000000000000001000000000000000000000001001010000000000000000000000110000001001000000000000000000100000000101000000001000000010000100010000000000000000000
01001000100000100000000010000000000001000000000000000000000000001000010000000000000000100000000000000000000000000000100000000000000000000001000001000000000000000000000000001000100000010000000100000001000100000001000
00100000000001000010000000010100000000000100000000010000001000010000000000000000000000000000000001000000000001000000001000000000000000000000000000000000000000000000000000000000001000000000000100100000000100000010000
00000010001001000001000000000000000000000000000000000101000001000000000000001000000100000000000000010001000001000001000000000001100000000001000000010000100100000000000000000000000100100000010000000000000000000000000
00000000001000000000000000000100000000000000000000000000000000000000000000000000010010000000000100000000000000000000000000001100000000000011000000001001000000001010001000000000000000100000000010000000000000000000000
00110010001000001000000100000010000000010000000000000000000000001000001100100000000000000001000000001000000000000010001000000000000001000000010001000000000000000000000010000000000000000100000000000000000000000000000
01000000000000000000100100010000001010000000000000001000000000000000000000000000000001000000000000010000000000000110000000000000000100000000100000100000100000000000100000100101100000000000000010000000000000000110000
00000000001001000010000000000010001000000000000001000000000101010000000000000000000000000000000000000000000000000000100000000000001010000000000100000000010010000010000000000001000100000000000001000010000000000010000
00101000000000000110100000000100000100000000000001000000000000000000000100100000000100000000000000000000000010000000110000001000000000010000000000000000000000000000000000000000010000010000000000000000000001000001000
00000010000110000000100010000000000000010011000000000000100000000000000000000000000000000011000000100000000001000001000001000000100000000000000000000000010000000000000001000000000000000100000000000000000000000000000
00000010001000001010000000110001001000100000000010100000000000001010001000001000000001000000000000000000000010000000010010000000100000000100011001000000010000010000000000000000000000000010000000000000000010011000000
10010000000000000000001000000000010000010000000000000000000100000000000000000000000001000001000000100000000000000100100000010000000000000011001000010000000000000000010000000000001000001000000000000000000010000000100
10010001000001000000000000000000000000100000000001000000000000000010001010000000010100001000000000101010000000000100001000000101000000001000000110000000000000000000000000000000000000000000000001000000000000000000010
00000000000100000100010000000000000000000000000000000000000000000101000000000000000010010000000000000000000000010100000000000100000000000000000000000000010000010010000000111010000000001001000000000001000000000000000
00100000000000000010000000100000000010000000000100000000001000000000000000001010001000001000100000000000000000000010101110000000000000000000000000110011000000000000000000000000000100000000000000001000000000000100000
00000000010000000000000000000001000000001000000000000100000000010000000000000000000000000000000000000001000000000000100000000000000000000000100000000000000000000100000100000000000010000010000100000000100111000010000
00000000010101000000000000010000000000000000000010010001010000000000000000000001000001000000000000100000000000001010000000000000100000000000000000001000000000000011001101000000000000000000000000000000101110000000000
00000000001001001110000010010000000010000000001100000000000000100000000000000000000000000000010000000000000000010000010001000010000000000000000001000010000000000000110000000000000010000000000000100001000000000000000
00000000000001000010000000010000010000001000000000000000000010100000000000000000010000100000010000000000000000000010000000010000000000000110000000100001000000000000000000000000000000000000000100000010000000001000000
00000000010000000000010000010100110100100000100000000000000000100000100000000000000000001010000000000001000000100010000010100000000011000000010000001000010000100000000000000000000001000000011000000110000001000000000
00000011000100000000000000000100000100000000000000000000000010000000000001000000001000000000100010000000000000000001000000010010000100000000010000010000000000000000000000001001000000000100000100000000000000000100000
00000000000001000000000000010000001000000000000001000000000000010000000000010001000010000000100000000000000000000000010000000000000000000100100000001000000000110000010000000000001000010000000000000000000000000000100
00000000000010000010000000000001000000000000000000101010000000000000000000000010000000000000000000000000010000000000000000000000001100000100010000100000000001000000001000000000010000010000000001000010000000010000000
00000000000000000000000000000000100000000000000000000000000010000000001000001010001010010000000010000000000000000000000000000000000001000100000000100000000010001000001100100001001100000000000000000000000000000100000
00000010000000000000010000000000000110000000000000000000000000000010000000100000000000000001000000000001000000000100000000000000010000000000000000100000101000001000100000000000000011000000000000001000000100000010100
00000000000100000010000000001000000000000000010000000000000000000000000000000000000000000000000000000000000000000010000000010101100010000000000000100000000000000001000001101100001000000000000000000000001000000001010
00000000000000000000000100000100110000000000101000000000001010001000000000000000100000000000010001000000000000000001000000000000000000010000000000000000000000000000000000000000000000000001000000100000000000100000001
00000010001001010000010010001000000100000000000000000000000000000001000000000000001000000000000000000100001000010000000000000100010000000000001000000000000000100100000000011000100000000000001101000000000100100000000
00000010001000000000000100000000010000001000000000000000000000000000000000001000000000000000110100001000001000000000000010000000001100100000000000000000000010000000011000000000000000000000000000000001000000100000000
10001000000000000000000000000000000001000000000000000010000010010000001001000000000000000000001000000000000000000000000000000000000000000000000000000000000000010000001001000000000000000000100000000000010000000000010
00000001000001000001000000101000000000000000011010000000001000000001000001100000000000000000001000000001000000000000000001010100010010000000000000000010110000000000000000100000000100000000000010001000000000000000000
00100000000000010000000000001000000000001000000010000100011000000000010110001000000000001010000000001000010100000000000000100000000001000010000000000000000000000010000000000010100000000000100000000000001001000000000
00000000000010001100000000010000000000000000010000000000000001000010000000000000000000000000101000000001011000000000000000010000001000000000001000001000000000000000001010000000000000000010100000000001100010000000000
00011000000000010000000000000010000000000000000000000000000010000000000100000000000000000000000000000000000100000010000000000000100100000000000000010000000000001000000000010100000000000001000000000000000000000000000
01100000000000000000000000000001000100000000000000000000000000000000000000000000000000011000100001010000100100100001001000000000000000100100000000010000100000100000000000100000000000010000000000000110000010000000000
00000000000000000000010000000000001000000100000000000000100000000000100000000100000000000100000000000000000000000010001000001010010010100000000000000010000000000010100000000100010001000001000000000010000001000000000
10001000001000000100010000000000100001000011000000000001000000000000010000000010000000000001001001010000000000010000000000000001000000000010000000000000100101000000001000000000010000001000000000000100000100000000100
00000000000100000000000000000000000000000000000000000000011010000000000000000000000100100000000000000000000000000100000000000000010000000000000000000000000010000000000000001000000000000000000000000100000000110001001
10001000000000000000010100000000010000000000010100000000000000000010000010000000001000001000000000100000001000000000000000000000000000100000000100000010001000000001000110100001000000000000000000001100100000000000010
01001000100000000000000001000000010000100100100100000001100001010000000010100000100000001011000000110000000000010001000101000010100001010000000000001000000000000000001000000000000000000000000000000000001000100000001
00010000000000000000000000000000100000000001000000000000000000101100000000000000000000000000000000000000000000000000000000001000000100000001001000000100000010000000000000000000000000000000000010000111100000000000000
00000000000000000000000000000000010000000000010000100000000000000000110100000000010000000000000000010000000000000000000000000000000000010000000010000000000000010000000000000000001000000000100010000000000000000000100
00000000000000001100100100000001000100000000000000000000000000000000000000000000001000000000000001000001100100000000000010110000000000010000000000000000000000000000000010000000000010001000000100000000000001000001000
00001000000000000000001000000010000000000101000000000000010000000000001000000000000000000000010001000000100000000000000000001100000001000000000000000000000000000010000000000101000011000000001000000000100100100000000
00000000000000001000000000000000000100010100000000110000011000000000000000000000000010101000010000000100000000100000010100001000000000000000000001100010000010000000100000000010000000000000000000100000000000000101000
00000001000000011001000000000000000000000000000000000000010000000000000000000000100000010000011000000001001000100000000000000000000000000000100000000000000000000110000000000001000000000010000010000000000000000000000
00101000000000000000000000010000000000000000000000000010000000100000100000000000000010000000000000000100000001000000000000000001000000000000000001000000000000000000000001000111100000001100000000000000000010010100000
00000001000001000010010000000100001001000100001000010000000000000000000000000000000000000000000001000000000000000000000000000100000000000000000000000000010010000000000000000000000000000000000001000000010000100010000
01100000000000001001000000100000000100000000000000000101000010000000000000001100001010000000001000000000000010000011000001000000000000011100000000000000010000000000000110000000000000001000000000100000000110000101101
10010101000000000000000000000000101100100000000000011000000100000000000000000000000000010000000010000010001000010101000010000100000000000000010000000000101000010000100000000000000000000000000100000000000000000000000
00100000000000000000000000000001000000100000000000000100010000001001000010000000000000001000000000000000100001000000000000000000001000000000001000000000000100010000000000000000000001000000010100000010000000000001000
01010000110000010000100000100000000000000000100000100010000001000001000000000000000000000000000000100000100000000010000000000000010000011010000001100000100000000000100000000000000010000011100000000000110000000000000
00000000000000000100000100001000100000000000000000001000010000000010000000001000100000000000001000000010000000010000001000000000100000010000000000000000000000010000000001000000010100000000000000000000000010001100000
00100001000010000000000000010000000001000100000001000000001010000010000000000101000001000000000000000100000000000000000000010000000000100001100010000100000000100100010000000000000000011000000000000010000000000000100
10000000000000000000000000000000010000000000000000000000000000000000000000000000000000101000000000100000000000000000001000000010000000000000000010000000000010010010000000000000000010000000010000010000000010010000000
00000000110000000000010000101000001000000000000000000000000000001000000000100000000001000000100001000000000001000000000000000000000000000010000100000000000100001000000000000000100001000000000000000011000000100000010
00000000000000000000000000000000000000000000000000000010001000000011000000000000000000000000000000010000000000000001000000000000000001000000000000010000000000000000100000000000000111000010001000010000000000000000001
00000000000000000100000000000000000001000000100000000110100000000010000000100001000000000000000000000000000001000000000000000001000000000001000000000001000000010000000000000000010000010010000000000000010000000000000
01001001000000000000001000010000000000010000000100010000000000000100010000000010000100000000000000000000000010000000000010000001000000010000000000100000000010000000000000000000000000100000000011010000010010000000000
00000000100000001000010001100010000000000010000000000000000001000110000000000000100000000100100000000100001010000001000000000100000000000001000000010100000001000000010000000000000000000000101000000000001000000010000
00001000010000000000000000000000000000000000000000001000010000001010000001000100000000001000010000000000000001100000000000000000000010000000000100100000001000000000100000010000000000100000010010010100000000000000000
10000000000000000000000000000000000000000001100000000000010000100000110000000100100110100010000000010000000000000000000000010000000000101000000000001100001000000000010000000000010100000000000000000000010010000010000
00000000000000000100000100000000010100000000000100010000001100001000001000000000000000100000010100000000000000100000000000001000000010100000000000000010000000000000010100000000000100000000000000100000000000000000000
10011100000010000000000010010000000000010000000000000000100001001000010101001000010000000000000000000000000000101000100100100000000000010010100000000000001000000000000000000000000001000000000000000100000000001000000
00000000000101000000001000000000000000000000000000000000000000000000000000000000000000000000100001000000000001000000000111000000000100000010100000000000000001000000000000000000000000000010001000000000000000100000000
00000000000000000000000000000000000000011000000001000000000000000010000000000000000000000100000000001000000000000000001000000000000000000101000000010000000001000100000000001100000010000010001100000000000000000000010
00000000000100010000000000000000010010000100000001000000100000000000000000000001100001000000010000000000000000100000000000000100010000100010000000000000000000010000000000100100000100000000001000001000000000000110000
00000000000000000000000100000000000000000001001000000001000000000000000000000010100000000100000000100000000100000110000010000100000000000000000000010000000000000000000000000000000000000000000001010000100000000000001
00000000000000100000010000000000000000000000000000000001011000000000000000000000000000000010010000010011001010010000000010100000100100000010011001000001000000100000001000000000000100000000000000100110000000000000100
00001000010000000010001000010010000001000000110000010010000000000000000100000000000000000000000100000000100001101000001000000010000000000000000000000000100000000000000010000010010000000000010000000000000000000000000
00000001010001000000000000010000000000000000010110000100000001000000000000010000000010000000001000000000000000000000000000100000001000100000010000000000010000100000100001000010000000010000000000001000000000000000000
00110010000000001000000001000010000000010000110000000001000000000000010000000000000010000000000000010000010000100000000000100000001000000000100010010000000000000000000000000010000100000000000010000100000000000000011
00000000000000000000000100010000000001000000000000000000100000000000000000000000000011000000000000000000000000000000000000000000000000000001000000100000000000101000000000000000000000000000000110000000000000000000010
00000000000000000000000001100000001010000001000000000000000000000100000000000000000000001000000000000000000000000000000000000000000000000110000100000000000000000000000000000000000000000000110001000000000000010000000
00000000000000000000000000010000000000000000000010000000001000000000000000000000000010000000000000010000100000000010000000000000000100000000100001001000000000000000000100000000000000000000000000000000000000001000000
00000010000000000000000000000001000000010000001001100100000000000000001000000000001000000000000000001000000110001010000000000000000000100000000010000000000100000000000000000000000000001000100000000000000100000000000
00000000000000000000000000000000000010000000100000000000000000101000001000000000010000000000000000000000000000000000000000000100000000000000000000000000000000000000010000000000000000000000000110000000000000010010010
10000000000000100100000000000001000000001000000100000000000000000000000100000000000001000000000000100000000000001000001001000000000001100000000000000000000001110000100000001000000100000010000000000000000000000000010
00000100100000000000101000000000000000000100010001000000000000000000000100000000000000000000000000100100001000100000000101000100001000000100000000000000001000000000100010000110000100000000000000000100000000010000001
00000000000000000000010000000000100000010000000000000000000000000100100001000000000000000110100000000000000000010000011001000000000000000000000000010100000000100000000000000000000000000000001010000000000000000100000
01000000100000000000001000000110100000011000110000000010000000000000001000000000000000000000000000000001010010001000000000010000000000000000000000000000100010100010000000010001100000000010000010000000010000000000010
10000010000000000000000000100000000100000001010010010000000100000001000000000000000010000000010000010000010000000100000001000001000000001000000000100100000001000000100001000001000001001000001000000000000001000001000
00000000000000000001001000000000000000000000000000010000000000000000001000001000000000000000000000000010001000000000000000100000000000000000000100000000000000000000010000000000100000100000000000000010000000010110000
00000000000100000100011000000000000000100000000000001000000000000000001001000000000000010001000100001000000010000000000000000000000000000000000000000001000010100010000000000000100000010000010001000000001000000000000
00100000000000000100100000100000000000000000000100000100000000000100000000000100000100000000000010000001000000000001100000000000000000010000100000000000000000000010000010000000000010000000000000010000010100000000000
00100100000000100000000000000000000000000010000100000100010001000110000000100000000000000000000001000000000001000000011001001100100000000001000000000101000000000000000000010001010010000000000000000000001010100000000
01011000000000000100000010000000000000000011000000000001010100000000010000100000100000100000000010000100000000010000010000000000000000000000000100100000000001000001000000001000000000001010000000010000010010001000000
00000100100000000100000000000000000000000000100000001100010010101000000000000000000110011101000000000100000000000000000100001010000000000100000100000010000000000000110100000100000000001001000000001000000000000000000
00010000000000000000000000000000010000000100100010001000000000000011000000101000000001010000000100000000100000000000000000000100000100000000000000010000000000000000000010100000001000000000000000000000001000000000011
00000000000000001000000000001000000000000000001000000000000000001000000000000000100000110000010000000011010000000000000000000000000000000000000000010001000010000001000000011000000000000100100000001010000000010000100
00000000010001000010000000000000000000001000000001000000001010000000001000000001010010001000100100000001100010000000010000100000000100000000100000010000000110000010001000000000000000001000000000100010000000010000000
00000000000000000011000100000100001000000000000100100000100000000000000000100000000000000000000000001000001000000010100000000000010000000010000000000001000010010000000000000000000000000001000001000000000000000100000
00000000000001000000011000000001100100000000000000000010000000100000000000001000000001000000000000000000000000010000001000000000100000000000100101001100000100000000000110101010000000000110000000000000100000000000000
00100001000000000100001000010000001010000000000001010001000000000000000000010000000000000100000000000100000100010000000000000000000000000000000100000000000000000001000001000000000000000000000000100000000000100000000
00000000000000100010010000000000000000000000100000000000001010001001000001010000000010000000000100001000001000000001001010000000000000000000000100000001001000000010010000000000000000001000000000010000000000010100001
00000000010000000000000000000000000001000000100000000000010001000000000000000100000000010000100010000000000000001000000100000000100010011000010001000000000000000000001000000000001001001001000000000000111001100111000
00100000010000000000000010000000010000000000000000000001010101000001000010000000010000000000000100000000000000000000001000000000000000000000000000000000000000010000000000010100001000000010001001000000000000000000100
00000000000000000011001100100000000000000000000000000000000000000010000010000000000000000000000000000001000000000000000000000000001000000000010100000000100000000010011100001001010000000100000000000000000010000000000
01000000010000000000010000000000101000000000000000000100000000010000000001000000000000000000000000001000000010001010000001000000001000000000010000000000000000000000000100000000001000000000000000000000000000000000000
00000010000000100000000000000000000000000100000000010000000100000000000000001000000000000000000000000010000000000001000010010000000000000000100000000000000000010000000010000001000000100000000000000001000000001100100
00000100000000000000000000000000000000011000000000000000000000000100000000000000000100000000000000000000001000100001000000010000000000000000000000000010000010000000000000101000000000000000000000000000000000000000000
00000000001000000000000000000000000000000000010000000010000000001001000000000000000000000000000000000000000001000100000000011100000000000010000010010000000000000000000000000000000100000100000001000000001100100000000
00000000000000000000000000000010000000000000000000000000000000000100010001010000000000000000000000000100000000000001010010000010010100000000000000000000000000000000000000000000000100000000000000000000000000011000000
00000000010000000100000000000000000000000000000000010000100000000000000000000000100000000001000000001000000010010001010000000000000000000000000000000000000000001000000000010100011000000000000000000000000000010000000
00000000000000000000000000000000000000000000000000000000000000001000000100100000000000000000001000000100010000010000001000000000000000000010000001000001000000100000000000000000000001001000000000000010000000100000101
00000000000000000001000000000000100000100000000000000000000000100000001000000000001000000000000000000000000000000010000010000000000000000000000000000000001010000100000000001001000000010000000000001000000000000100000
00000000001000000000000000000000000000000000000000000000000100100101000000000000000000000000000000000000000001100010100000000000000100000100000000000000000000000010000000000000000000000000010000101000100000000001001
00000000000000000000001010000000000011001001000000000001000010010000000000000000000000000000101001000000000000000000000100000000010000000000000000000000000000000000000000100000000000000000000000000000000000010100000
00000000010000000001000000000000000000000010000000000000100000000010000000001000000000000000000000000000010010000000000000000000000000000000000000000001000000000000000000001000000010000000100000000000100001000000000
00100000001000000000010000000000100000000000000010000011100000000000000010000000100000000001100000000000110001000100000000000000000110000000000101100000001000000000000000000000000000000000000000000000000000000000000
10000000000000000000100000000000000000000000000000000010000000000000000010000001000000000000000100001000000000000000000000000000000000000000000010000000000000000000000000100000000000000100000110000000000000100000000
00000000010000000001000100111000000000101001000000011000000000000000000000010000000000010001000000000100101010010000000000001000000000000000100000000100000000000000000001010100010000000100000000000010000000000101000
00000000000000001000010000000000110000000000001010010000100000000001000000000000000000000000010000000000000000000000000110000000000000010000000000010100010000000000010000000000000001000000000000100100100000000010000
10000000100001010100000001000000010100001000000000000000000000000000000000000000101000000100001000000000000000000100000000000000000000001000000000000000000000000000000000010000001001000010011000100001100000011100000
00000100000001000010010100000000010100000000010001000000000000000000001000000000000000000010001000000000000010000000000000000000000000000000000000000000000000001010000100100000000000100000100000000010000001010000000
01000000001000000000001000000000000000000000000000110000000000000000000000000000000000000100000000000000001000010000000000010000000000000100000000100000010000010000000011000000000101010101000000000000000000100001000
00000000000000000000010000000000001000000000000000000000010000000000000000010000000000000001000000000000100010000000000000010000000000000101010010010001000000000000000000000000000000000000000000000000100100000000000
10000000000000000000000000000000000000000001000000000110001000000000010000000000000000000001000100000000100010000100000000000000001000000000000010111000000000000001000000000000000001000000000110000000000000000000000
10000000000000000100000000000000000100001000000000000000000010010000000000000000000001000010000000000011000010000000000000000000000000010010000000000000100000000000000000000000000010000000000000000000000000000000000
00000001001000000000000010000100010000000110000000000100100000000010001000000001000000000000000001000000000100000000001010000000000000000000000000000010000000000000010000100000000000000100000000000000000000000000000
00000000000100000000000000000000000000000000110010000100000100001010000100100000000011000000000000000000000000000000000000000000000000000000010000000000000000010000000000000000000000001010000000000100000000000000000
01000000000000000001000000000000001010000000100000000010000100000000000000100000000000000000000011000000010010000001000001000100100100100110000000001000000000000000000001101000000000000000000000000000011000010000100
10000000000010000000000010000000000000000001000000000000000000000000100010001100000010000100010000000100000010000000000010000000100000100000000010010000010001000000000000011010100000000000000010000000001010000000000
00000001010000000000000000000000010000000010100000000010000000100000000001100000000001000010000001010000000000000000000000010001000000000010000000001011000000010000000101000001000001000000010010001101100000010000010
00000000000000011001000001000000010000000001000000000010000000010000000000100010010000000000000000001000000001001000000000000100000001001101000000000010000000000000000010010000000100001000000000000000000000000000000
00000000000001000000000000000000010000000000000000110000000000000000000000000000000000000010000100000001000101000100000000000000000000000000000001000110000010000000000000000000010000000000010000000000110000000000000
00001000000000000000000000000100000000000000000000010000000000000100000010000000010000000001000010000010100000000000000000000000000000000001000100000100000000000100001000000100000000000100000000000000000000000010100
00000000000001000100000000000011000010000000010011010000010000000000110000000010000000000010010000000000000100000000000000000000000000100000000000000010000000000100010000100000000010100001000100000000100010000000100
01010000001000100000000001100000000001001011100000000010000000000001000000000000000001000000001000000000000000000000000000000000000000010000000010010000100000000100000000000000100000000000011001000000000000000000100
00000000000100000000000000000101000000011100000100000000100000000001000001000001000000000001100000001000000000000000000010000000000000000000000000010000010000000100000000000010000000000001000000000010101000000000000
00001000000000000010000000100000000000000000000000000000000000000100000000000000000001000001000000000000000000000000111000000000000100000000000000000010000000000000000100000000000001001000000000001000000000000010010
00000000000000000000000000000000001000000000010000000010000000000001000101000010000000100000100000000000000000100000100000000000000100010000001000000000100000010000001000001000000000000010000000100000010000000000000
00010000000001001011000000010000011000001001000000010000010000000000000110000000000000000100011100000000000010000000001000001011000001000000000000001000000000000000010000100000000000100010000000100000000000001000000
00000001000100000000000000010010000000000001000000000000000100000000000000010000010101000000010100000000000000000000000001000000001001000000000000010000000100000000000000000010001010001100000000000010000000000000000
00000000000000000010000010000000000000000100000000000000000000110001000000000001001100000000010000000100000100000000000000100000000001000101000000000000000000000000110000100100000000000000100000100000000000001000000
01100100011000000000000000000000001000001000100000000001000000000000000000100100000000100000010000010000100000000000000000000010000000000000000000000001000000000001100000010000000000000000000010000000000001100000000
00000000000000000000010000000000000000000011000001000000010000000000000000000000001000000000010010000010000000000000000000001000000000001000000000000000100000001100000001000100001001000000000000000100000000100000100
00000000000010000000000001000000001000000000010000010000000000000000000000000001000001000000000100000000000010000000000100000000000100000001000000000000100000000000000010100000000100000010000000000100001000000000100
00000001001000100000001000000000000000000000000100000100000000000000001000000000010000100100000000000100000001000100010000010000000000000000010000000100000001000000000110000000000000000100010000001000000000000000000
01010000100000000000000000000000100000000000100001000100001000101000000010100000001000000000001000100000000000101000001001000101000000000000000000100001000000000010000000100000000000000000000000000000100000000000010
00100000000000100001000000010000000000000000001000000000010000001000000000000000110100000101000010000010000101000000000000100011010000000000000000000001000000000000000000000100000000001000000000100000000000000000010
00000010000000010000000000000100000000000000000001000100000100000000000000001100000001000000000001000101000000000000000010000000000000000001000000000010000100000000000000000100001000000100000000000000001000000000100
01000100000000000000000100000100000000000000000000000000000000000000010010000001000000000010000000000000000000100010000001000000000100000000000001000000000000001000000010000001110001010000000001000100000000000010101
00010000000000000000000000000010000010000000010010000000000010000000001000000110100000100000000000000000001000000000000000000000100000000100101000001000000000000010000000100000001000001000000000000000100100001000000
00000000100001000100011110000000000000001000000000000000000100000000001000000000001011001010010000000000100000100000010000000100000000000000000001000010000000010000000010000000100010000001000010000000000100000000000
00000000101000100000000000000000000000000000000000000000000000000000000000001000000000100000000000000000000000100000010010100000010010000000100000000001010100000000000100000000100000100000000010000001100000000000001
00000000000100000000000000000000000000010000000000000000000011000000100100000000000110000010000000001001000000100000000010000100000000010100010000000001010100010000010000000000000000000000000010000010010000000000100
00000000001000000000000101000000000010000000000100000000010001000000000100000010100100000000000000000001000001000000010000000000000000011000000000000000000000000001000000000000000000100100000000100000011000100001000
00000010000000000000000011000000010100100000000000000000100001010001000000000010000000010001000000000001000001000001000000000000000001000011100000000000000000000001000001000010000000000000000010001000000000000001000
00000000000000000110000000001010000000000011101100000000100000000000000000000100000000011000000000000000000000001000000000000010000000000001000100001000000000000000101000000000000000000010001000101000000000000001100
00000000000101010000000000000000000000000000000000001000000000000000000000000000001000000110000001000001000000001000000000000000000000000000000000000000000010100011000000000000000000000010000000000000000000000000000
10000000000000010000000010000000000000000000000010000000001000100000000000000000000000000000000000000000000000000100001110000000010100000000000100100000000010010000100000100000000000000000000000000000000000000000010
00000011010000000001000000000000000010000000000000000000000000000100010000000000000101000001000010000000000000001110000001000000000000000000010000000001000000000000000000000000000000000001000000100000000000000000000
00000000000010000010000000000100000000000000000000000000010000100000000000000000000000000000000000000000000010010100000000000010000100000000000000100000001001000000000000000000000000011000010010010000000000000001000
00000000001000010000000000101000000100000000000100010000000000100011000000000100001000000000000100000000000100000000000000001000000000000001000000000001000000011010000000000000000000000000001000000000000000000000000
00001000000000001000000000000101000001000001000000000000000000000000000001000000000001001100001000000000000001100000000000000000000000010000000001000000000000000001000000000000000000100010000000100000000100010000000
00000000000100000000000000010000000000000000000000000000000001000000000000000000010000000000000001100000000000000000001000000010000000000000000011001000000001000000000010011010000000000000001100000010000000001000000
00000000100001000000000000000000100000001000000000000000001000000000000000000000000000010000000000010000000100000000000000100000000000000000000000000001101000100000000000000000100000000000010000000000000000000000000
01100000001000100000000000000000000001010000010000000010000000000000001000000000000000000000000011000000010100000001000000001000000000011000000001000100100000000000000000000000010100000100000100000000010000000001000
00000000000000000100000000011000010000110000000000000001000010000000100000000001000000000001000000000000001000000100000000000000000000000000010100000000100010000000000000000000000000000000000100101000000000000000000
00010000000100000000000000000000000000000000100000000000100000000010000000000001010000000000000000000000010000000000000000000110001000000000000001100010000000000000000000000000100000000000000000000000000000000000000
00000000000001000100000000000000000000001000000000100000001000000000000000000000000000000000000000000100001000000010010000100000000000000000000000000000010011100000000000000010000000010000100100000010000010000000000
00000000010000001010000000000001011001000000100000010000100000000000000000000000000000000000000001000011000000000000000010000000000010000000000010000010000000000000000000000000101001000000010000001000000010000000000
00000000001000000000000000001010000000000001000000000000000000000000000010000000100010000000000000001000001000000000000000000110000000000001000000000100000000000000000001000000000000000100000000000000010100010000000
00000000000000000000100000000000000001100000100001000000001000001100101010000000000000000001000100000100000000000000000100100000000001001000000000000000000000000001000000000100000001000010000000001000000000010000000
00000001000000000000000000000100000000011000000000000000000000000000000000000111000000000000100000001001000010000000000000001000001000000000000000000000000010000100000000000011010000000000110000000000000000000010000
10000000000000001000000000000000000000010010000000000010100000100000000000000000000000000000001000000100000101000000100000000000000010000000100100000001000000001000001000010000000000000000100100000000000000000000100
00100000000000010000000000000000000000000011000010001000100000000100100000000000000000100000100000000000000001001000000000000000100000000000000000000000001100000000000010000000000100000000000100000100000001000000000
00000000000100000000000001000000000000000000010000000110000000000111000000001000001000000000000100000000000100000000100010000001000000000000000000000000000000000000000000000000000000100000000000000000000100001100100
00000010000001000000110100001000000000000000000000000100000000000000000000000001010010100000000101000000011000000000001000001000000000000000000010000000100110010100000000000000000000000000000100000000000000011011000
00000001000000000000000100001001100001000000100000000100000000001000010000000001100000000000000100000000000000000000000000000000000100001000000000000000000000000010000000110000000000001000000000010000000010100000000
00000000010000010000000000001000000000000000100001000000000000000000000000000100000000000000000100000001000000100000000000000000000000000000000001001000000000010100000010100000000000001000000000000100000000001000000
00000000000000000000000000000000000011001000100000000000000000000000001000000100000000000001000000100000000000000100010110000000000000010000000010000000001000000000000000001000000010000000010000000000000010000000000
00000101100000010001000000000000000000110000010010000100110001000001000000000000000000000010000001000100000010000000000010001000000000001000001001000000000000000001010010000000000000111010000000000000100000010010000
00000100000000100000000000001000000000010000001000000000000000001010000000000000010000000000000000000000010000100000000010010010000000000000000000101010001000000000000000000000001000000000010000010000000100000000000
00000000100000000000000000100000000001000000000000000000000000100000000000000010010000000010000000000000000000010011000001001000100000000000000000000001001000000000010000000000000000000000000000000000000000000001000
00010100000000001000110000001000000000110000000000000000000000100001000100000000010000010010100000000110000000000000000100010000001000000101000000000001000010000000010000010000000011000000000000000100000000000000000
00000000000000000110100000000000100000001000001000000100100100000000010001000000000000100001000000000010000010010000001001001000000000000000010000000000100010010000001000001001000000001100000000000000000000000000000
01000000000000010000000000000000000000100000000000000010000000000000100010000000010000001000000000000100000000000000000100000000000010000000000000100000100100000000000100010011100001000000000000000000000000000001000
00000101010000000000000000010000010000000000000100000000010000000000001000000000000000011000000000000000000000000000000000000010000000000001000000000000000000000000000000000000000001000000000100000000000000000000000
01000000000100010010001000001000000010000000000000000000000000010000000000000010010000000000010000000010010000010000100100000000001000000000000000000000000000000001010000000001000000000000000000000000000010000100100
00010000000000010000000000000110000000000000000010000010000000000000100000000000001000000000011000000000000000000000100010100000000000000001001100000001000000000000010000000000000000000000000001000100100001000000000
00000000100000000001010000010000000001011000000110000000010000000000000000000000000000000010010000000000100000000000100010000010100000010000000000000000000000001000000000000000000001000000000000000000000000000000000
00000000000000100100000100000000010100000000000000000110101000010000000001000000100001000000000000011000000001000000000000000000000000000010000100000000000010101000010000000010000001000000000000000000000001000000110
00000000001000000000000000000000000010001000000000000000000000000010110000000000010000001000000000000000000100000000000000000000000000000000000001000000000000001000010000000000000100100100000100000000000000000000000
00000000001000000000010100000000000001000000000000000000000000000000110000000100000000100000100100000000000000000000100000000001000000000000010010001000000000000000000000000000000000010100000010001000000001000010000
00010010000000100100000000000000000000001001001000000110010000000000000000000000100000010000010000000000000000000010100001000000100000000000000010010100000100000000000000000000000000000000001001000000000010000010001
00000000010000000000000000001000100001000000000000000000000100000100000000000010010100100000000100000000000000001000000000000000000000000000000100100010000010000000000100000000000110000000000000000001001000101000000
00000001000100000000000000000001100000001100000000000000000010010101000001000000000000000000100000100001000000010100000000000010000000000000000000000000000000000000000000000000000000000000000100010000000100000000010
00000000000000001001000000000000000000000100000000000000000000100110000000000001000000001001000001100100000010000000001100110000000010000000000000000000000010000000001000000000000000000000000000000010001000000000100
00000000000000000000000000000000000000100010100000100011000000000000000000000000000001001000000000001000000001010100000001000100000000000000000000000000010000010000000000000000000001000000000000000000000000000000000
00000100000000010000000000100001000000000000010000000000000001001000000001000100001000000000000100000000000100000000000100100000000000010000000100001001000000000000001000000000001000000000000000000000000000000000000
01000000000101000000000100000001000000000000000000001000000000000000000000000000000000000100000000000000000000001000000000010000000000000000000000000000000000000000100000001001000000000000000010000000000000000000000
0 0
214 214
