21 21
000000010000100000000
000011000100001000000
100000000111000100000
001001000000000010010
000000000000100001100
000110000011001100000
010000000000000000000
100010100110000110000
000000000000000100101
000001000000000000000
000001000000000000001
000100000000000000000
000000000000001000000
100000001000000000000
000000001001000100010
000000000000100000010
000000000001000000000
010000000110000001000
000000110001000000000
011011000010100000001
010000010000000000000
0 0
20 20
