22 22
0000000000000100001000
0000000000000010000000
0000011000000000110010
0000100001000000000000
0100000000000001000000
0000001001010000100100
0000000000000000000100
0000000100000000001000
0000010000110010000000
0100000001110000100000
0000100101000000000100
1000000010000000010000
1001000000000100001000
1000000010000000000000
0000000010010000100000
0000010000000100000000
0000001000000000000110
0000011010001000000000
1101010000000000000000
0000100000100010000000
1001000010000010000000
0000101000000010011000
0 0
21 21
