235 235
0000000000100000100000010000000000010000101000000000010000000000000010000000000001000010000000000010010000000110010000000000000010000000100010001100000000000100100000000100000000000001001000100000000000000000000000000000000001000100000
0000100000000100000000000000000000010000000000000000110000000000000010000000000000000000011000000100000000000010000010000000000000000000000000000000000000100010000000010010000000000001010000000000000001000000101000000000000000000000000
0000000000001001000000010000000000000000000000000000000100000000010001010000001000000001000000000000000000000000000000000000000000000100000000000000000000000000000001101001000000000010001000000000001000001000000000000010000000001001000
0010000000000001000100000000000000110000000000000000001000100000000000000000000000000000100110100000000000011000000000100000000001001000000101000000101000000000000100000010100000110000000001100000000000000000000000000000000000000000001
0100001010000000000000001000000000100000010000010000000000100000010000000000000000001010001100000100000000000100000000000001000001010000110010000000000000000010000000100000000000000000000000000100000000000010000000000000100000000010010
0000000000000001000000000000000010000000000000000000000001000000100000000000000001000000000000100001000100000000100000000000000001000000000010000000000000001000010010010000000000000101010000000000000000000000000000000000000010001100000
0010000000000100010000000000000000010000000000000000000100000000000000000000000000000001000000000001010000000000100000000000000000000000100000001000000000000000000000000000000000000000000000000000100000000000100001001000000000000000100
0000000000000000000000100100000000100000000000000000000000000000000000000000000000000000000000000000000001100000000001000000000000000000000000010000001000010100000001000000000000001000000001000000001000000100100000000000000000000001000
0000010000000000000000000000100000100000000011000010000000000000000000000011000100000000001000000000000100000000000010000011000100000000100000000000000100100010000000011010000010000000001000000000100000000000000000000000100000000000010
0000000100000000000000101100010000000010000000000100000000001000000000000000000000000000000000000000100010000000000000000100010100000000000010000010000000010000000000000010000000000001000000000001001000000001001000001010000000000010000
0000000000000000000000000000000001000001000000000000110000000000000000000000001001101000010000000000100001000001000000000000000000100000000000000000000000100000000000000000000000100000000000000000101000000000000000000000000000000000001
0000000100100100000000100000010000000000100000010001000000100100000100010010000010000001100000000000000010000100000000010000000010000010000000000000000000000000000001000001000010000000000110000011000100000000000000001000000000000000000
1100000110000000000010000010000100000000001000000000000000000000000000000000000000000000000110010000100000000000000000000000000000000010100000000010000000000000100000100000000010000000000000000000000000000000010000001000000000010010000
0000010000110000000000000000000000000010100000000010000000000001001000000000001010001000100100000001000000000000000000000000010001001000000001001000001000000000000100100000010000000000000000000100110000000011000000010000001000101000000
1000000000000000000000000100000000000100010000001000000100000000000100101000001000001000000000000000000000000000000000000100000000000000000000000000100000000000100000110010000100000000010100000000000000001011000001001010000000000001001
0000001000000000000000000000000000000000000000100000000000100000000000000000000000000000000000000000000000000000000110100000010000000000001001100000000000000000000000010000100000011000000000000000000000000000010000000000000100000000001
0000000101000000000100100000000000000000010000000011000000000101010000000000001000000000100000010100000000000000001001001000000000010000000000000000000000000000000100000000001000100000000000000000000001000000000010001000100000100000110
0000001000000000000010000000000000000000000000000001000001000000000000001001100000000000100001000000000000000000000000010000000000000000100000000000001001000000000000000010000100000000000000001000000000000000000000000000010000100000100
0000000000100000001000000000000100101010000000000001000000001001101000100000000000000000000010000000000000000000000000000000000000000001001000000000000010000000100000000010100100010000000100000000000000000000000100000000000000000000000
0010000000000000000010000000000010000000000000000010000000011100000000000010000000000010000000001000100000000000000000000000100000000000100000000000100000001100000000000000100001010000000100000000000010000000000001000000000000000010000
1000000000110010000000001000000010100000001000000001010000010001000100000000000100000100010000000000000000000001000001000000000000000000000000100000000001001010000000000000000001000001000000000100000000000000000000001000000000000000000
0001010000010000000000001000000000000000000100000010000110001000000000000000000100100000001100000000001000100000000000000000000000001000100000000010000000000000011000000000000010100000000000011000000000001000000000000010000000000001000
0000000000100000000000000000000000000000000010000000000000000000000010000000100000000000000000000001000000000100010000000100001000000000000000001000000000000100000000000000000000000010000000000000001000000000000000000001000100000010000
0110000000000000000001000010000000000000000000010110000000000001001000000000000000000000000000000000000000000000001100001000000000000010110110000000000000001000000000000000000000000000000000000100000010000000101000100000001000000100000
0000010000000000000010000000000000000000000000000000000000000000000100000000000010000000000000000000000000000000000000010010000000000000000010000000000000000010000100001000001010010001000000001100000010000000000000001001000000001000000
1000000010000001001000000000000000001000000000000000100000001000000000001000000000000000000000000000000100100101100100000001000000000000000000000000000000000000000000000000000000000000000000000000000000000000000000000000000000000000000
0000000000000100000000010010000000100001100011000001010000100001011000010000000000001000010000000000000000000100000000000000000010001000000000000100000010010000000000000000000000001000010000000000000000000000000000000100000000100000000
0001000000000000100000000000001010000001010001000000000000000000000100100010000000000100000000010000000010001000000000000000000100000001001000010110000000001000000000100000000100000001000000000000000000001000000000001000010000000000000
0000000000000100000000000000000000000000000010000000000000000000001000001000000000010000000010001010000000100010100000000000000010000000000100011000000000000001001000010000001000000000000000001000000000000100000000000000001000000000000
0000001101000000000000000000010000000000000010000000000000000010000000000001000001100000010010000000000010010000000000000000000000000000001011010000000000000000001000000100100000000000000000001000000000000000000000000000001000000100000
0010000000000001000000000000000010000000000000100000010110000000000000001000000000000010000000000000010000000000000000001100000000000100000000000101000000100000000010000010100011000010000100001000000001000000000000000000011001000000000
0101001000011110110001000000100000000000010000000010010000001100000000000000000000000000000000000001000000001101001000000001000001000001000000000000010001000000000000000000000010100000000000000000000000001000000100001000000000000000000
0010000000000011000000000001000000000000001100001000001000000101010000000000000000000000000000000000000000000000000000000110000000000000000000010100000000000000000000000000000101000110000000001000000000100000000000000000000001000100000
0000000000001001000100000000010000011100000010000000010100010000000010000001000000000000000000000000001010100010100000000001000000001001000000000100000000000001000100010000000100000000000011000000000000000000000000000000000000000000100
0000100100000000000001000101000000000000000010100000010000010000000000000000001000000110000000000000100000000000000000000000000100000100000011000001000000000000000000000000100000000000000000001000100000100000001000000000000010000100000
1000000000000000000101000000110000000000000001001100000000000000000000000000000000000010000100101000000000010000000000100000000000000100000100010000000000000000000001000000100000000000101000010000000000001000000000000000000000000100000
0000010000010000000100010010000000010000001000000000000000000000000000000100000000000000000000000000000000000000000000000100001000000000000000000000000000100000000000000000000010100000000001000001001010100000000000001000001000000000011
0000000000000100100100000000000000000000001000000000010000010100000000001100000011000000000000000000000000100000000000010000000000001000000000000000000000100000000001000010000001000000000000000000100000000000000000000100000100100000000
0000000010000000000000001000100000000100000100000010000000010001000000100000000000000110000010000000000000000000000000000000010010000000000000000000100000000000000000000000000000000011100000000000000000001000000000100000000000010010000
0000000000000000000001000100101100000000000000000000000010000010000000000000001000000000001000000000000000000000000001000000000000001010001100000000000000000001000000010000001000000000000000000000000000000000100000000000000000001001001
0000000000000000000000000000000100000000000000010000000001000100100000001000001000000010000000000000001000000100000000001000000001000000000100010010000000000000000000010000000000000000000000010000000000000000100010000100000000000010000
0001010100000010000100100000000011000000011000000000100000000000010000000000010000100000000000000000010000000000000000001000000000000000000000100001010000000000000000100000000000000000000000110010000101000000000000100000010100000000100
0000000000000010000000000010000001000000001000000000000000010001000000000000000000000000000000000001000010100100011000000000001001100010000000000000000100000000100000000000000011100001000001000001010010000000000010000000000000000000010
0000000000000000000100001000000000100100100000000000000000000000000000010100100000001011000000000000000000000000000000000000000000000100000000001000000000001000000001000001100010000010000000100000000000000000000000010000000110001000100
0001010000000000000000000010000000000000000000000100001000000000000000001000000000000000001000000100000000001000000001000100000000010000000000000000000000000000000000000000000010000000000000000000000000000000000000100010000000001000000
0000000000000001000000000010101000100000000001000101000000000001000000000000100000000000000000000000000101001000000001000000100000010000000000000000000000000000010000010000010010101000001000000000010000010000000000000011110000010010011
0000000000000000000000000000000000000000100000000000001110000010000000000010010001100000000000000000000000000100000010000000000000000000000000000100000000010000011000000000000000000000100000100100000000000000000000001000000000000000000
0000000000000000000000000000000000000000000100000001000000000001000000000000000010000010001000000000000000010000000000000010000000000000000000100100000000000000000000010010000000011000100000000000000000100000000001001110000100000001000
0000000000000010001010000000001000000000000000000000010100000001100000000000000000000000000110010000000110000100000000000000000001000100000000000001000000010000000001010000000000000000100001010010000000001000000000000000000000000010000
0000000000000000000010000000100000100000000000000000000000000100100010000010010100000000000000000000000000000110000000000001000000000000000000000000000010000010000000000001000000001000000000001000000000000000001000000010000001000000000
0000000000010100000000010001100000000000010100010000000000000000000000100000100000100000000000000000000001000000000000000000000000000000000000000001001000100000000100000000000000000000100010000000000001000001000100000000001000000000000
0000000000000001100000000000000000001000000000000000000000000100010000110000000000100000100000000000000000100000000000010000000000000000000000001010000000000000000000010000000000000000000000000000110000000000000100000000000000000000000
0000001100000000000000000000100000010000000100000000000001000001000000010000000000000000000000000000001000010010001000000000000000000000000000000000000000000000010001100000000001000000000000100000000001000000000010100001000000000000010
0000000100000000000000010000000000000000000100000000100000010000000000000000000000000000000000000100000000000000000001000000000000000000000000000000000000000100000000000100000000000100100000010000000000000000001000000000000001000100101
0000100001000000000000000110110000000100101001000001100000000000000100000010000000000000001001000000000000000000000000000000100000000000000000000000000000000000000000000000000000000000000000100000000000000000000001000010101001000010000
0000100000010000010000000000001000000000000010000000100000000000000000000101010010100000010000000000000000000000001000000101000000010001000000000100101000000000000010000100001000000001001010000000001010000101000001000000000000010000000
0001001000000001000000000000000000001001000000000000000000000000000000000000000100000000000000001001000000000000000100001000010000000000000001000000000000010001000000000000000000000010000000000000000000000000001000010000000000010100000
0010000100000001000000000000000000000000000000001000101000010000000001000000000010001000000000100010010000000000010000000000000000000000001000000000010010000000000000000000000010000000000000000000100000000000000000001001000000010000100
0000000000000000010000000000000000100000001100000000001000001001000000000000000000000000000000100000000000000000100000001000000100001101000000001100000000000100000000000000000000000000000000000000000000000000100000000000000000000100000
0010000000000000000010000000000000000100000010010000000000000000000000100010000001000000000000000010010000000100000000000000010000010000000000000000000000000000000000010000000000001000000000100000010000000110000000000000000010000000000
0000000000000000000001110000000000000000000000000010000000000000000000011000000011000000000000000000000010000100100000000000000000001000001000000000100000000000000000010000001000010000000000000010001010000000100000000000000000100000000
0000000000000000000000000000100000000000000011001000100010000011001010000000010000010001011000001000000010000000010000000000000000000000000000100001100000100000000000000010100000000000000000000000000001000000000001000000100000000000000
0000000001000010001000000000001001000000110000000000100000010000100000000000000001000000000000000010010000000001000000000000000000000100001000010000000000000000010000000000000000000000100000000000010100000000100000100000000000000100000
0000000000001000000100110000100001000000000001010000000001000000101001100000001000000100001000000000000000000000000000000010010000000000000000000010000010000000100001000000100000000010000000000100000001000110000000000000000000000000001
0000000001010000000000000000000000010000000000000000100000000010000000000000000000000001000010000000001000000000000000000100000000000000000000000100000000000000010000000000000000000001000000000000000000000001000000000000000000001000100
0010000101000000010000000010000000000010000110001001000000000000000000000000000000010000000000000000000000000000000000000000001000000000000000000000000100000000000010001000010000001000010000001100000000000010001000000000100000100000000
0000000000001000000000000001000100000000000000000001100000000000000000010000010010000000010000000000000100000000000000100000000000000000001100100000000000000010010001000000000000000000000000000000000100011000100110000000110000000000000
0000000100110000001000000000000001001000100000000000100000000000000000000000000000001000010000000001000000001000000100000000000100000000000001000000000000000000101000000000010100001000000001000011000000000000000000000000001000000000100
0000000000000001000000100000010000000000000011010000000000101000000001000000000000000000001000000000000000000000000000000000100000000100011001000100000000000000000000000000000000001000000000000000010000000001000000010000000001001100000
0000010001000110010000000000000100000000000001000000000000000000010000000000001010100000000000000000010101100000001011010000000000000000010000000000000000000000011000000000100000000000000000100000000000000000000000000000001000000000000
0000000000000010001001000000100000001000000000000011000010100000000001000000010010000000000000000000000000100001000000100000000000101000000000000101000000100000100100000000000100100100000000010000000000000100000000000000000000000000000
0000100100001000000001000000010000000010000000000000000000100000000000000000010010100100000000000000000000000000000000100000001000100000000000000100000110000001000000010000100000010000000100000000100000000010010000100000010000000000000
0100011000010010000100000000100000000100000000001010001000011100100000100000100000000000000000000000000100000000000000000000010000000000100000000001001000110000000000000010000000000000000001000000000000000000000010000000000010000010010
0000000010000001000010000000000100000000000000000000010100000000000000000000100000000100000000000001000001111000000000000000000000001000000000100000000001001000000000001000011000100000000000000000000000000000011000000000000000000000000
0001000000000000000000100110000000010001000000000010001000000100000000001000000000000000000000000000000000100000000000001000000000000000011000000000001000000000001101000000000000000000000000000010000000000000000100001000011000000000000
0100000000000000010000010000000000000000000000000010000000000011001000000000100000001000000010000000000000000000100001001000000000000100100001000000000000000000101000000000010000110000000000000000001000000000000000000001000000000000000
0000000010001000011010000010010000001101000000000001001000000000000000000010000000000000000100000010000000000010000100000001000000001000000000000000000000000010000001100000000000000011000000000100100000000000001000010100000000000000000
0000001000000001000000001000000000000000000000000001000000010000000000000000010000001000010010001000000000001000000000000000000100000000000100100000101000010000100000000000000000000001000100000000000000000000000010010000000000001010000
0000000000000100000010000000000000001000001001000000000000000000000000000000000000001000000001010000100000000000000000000000100000000000000000010000000000000001000000000000100000000000010000000000100010010000010000000100000000000000000
0100000000000000000000010010000000010001000000010000000000000000000000000000000000000000000000001000101100010000001000000000000000000000000000100000110000000000000000101100000001000000000111010000000000000000000000000010001100000000100
1000000001000100000010000000000000100000000100000000000000100000000000000000001000000000000000000000000000000000000000001100000000100001000000000000000000000000001000000000000001000000000010000000000000100000000000000001001000000000100
0001000000000000000000000011000000000010000000000001000001001100000100010000000000000000000000000000000000000000010010000000000000100000000000000000000000000010100010000000100000000000101001001000001000000001000000000000000000000000000
0000000000000010000000000000000000000010000100010001100000000010001100001000000000000100000000010000011000010000000000000000001000000000000000000000000000000000000000001000000000000000000000000000000010000000000000000000000100000000000
0000000000000000000100100000001000010000010001001110000000000000000000100000010000100000000000000000000010000000000000000000000000000000000010000000000000000000000010000000000000000001000100000001000000000001000000000000000010000001000
0000000000010000000000000000000000000000000001000000001000000001000001000000000000000000000000010010000000000101100000100000010001001000000100100000010001000010000000000000000000001000000000000000000000000000000000000010000000000000000
0000001000010001000000000000000000000000000000000000000100000010000000000000010000000010100100000000000000110000000000000000000100000000000000001000000000001000110000000000010000000000000000000000010000000000000000010010000000000000001
0100000000010000110010000100000010110000100000001000001000100100000001001100000011001100000000000000000000001000000000000000000000100000001010000010000000000000100000101001000010000000000001000001000010000001000000000010001000000000000
0001000001000000000000001000100000010100100000000010000000000100000000000100000000000000000000000000000000000001000000100011100001001010011000000000000010000000100000000000000100100000000000000000000000000000000000100001010000010000010
0100000000010000010000000000000010000100000000000000000000000000000000000000000001010000000100000000000000000000100000000000000000000000100100000000000000000000100000000100010000000001000000010000000001000000000101000010000000000000000
1000000000000000000000000000000000000000000000000101000001000000000000001100010000000100010000100100000000010000000000000000001000000000000000010000000000000000000000000000100000000000000001000100000000000000000000000000000000001000000
0000010000010000110010010000010000000000000010000000000000100010000000001000000000001000000001001000100000010000000000010100000000000000000000000010000000000001000000000000010000000000000000000000000000000000000000001010000000100000000
0000000000100100000000010000000000000000000000000000000010000000001000000000000000000000000001000000000010101010000000100000000100010010001000000000000000000000000100101000010000000001000000000000010000000000001010010000000000000000000
0000100010000010000000000000000000000001000100100000000000011000000000000100000000001000000000010000000000000001100000000100010000000000000000000000000000000000000000000000000000000000010000000000000000000100001000000000100000010000010
0100000001010100000000000000000001000001000010000000000000010000000000100001000001000100001000001000000000000010011000010100100000001000000000000000000000000100000000100000000000000000000000000100000000000000000000000100010001000000001
0000000000000000000000001000000000000000001000000000000000000000000100000000000000000000100001010010000000010100100000000000001000000000100000000000000000010100000000000000000010000000000000010001000000000000000100000000100000001000000
0000010000000000010001100000000000000010000000000000000100000000000000000010000001000000000000000000000000000000000000001000000000000010000000100000010001000000000000000100000000000001000000000100000000000000000000000100000100000000000
0000010000000100010000000000000000000100000001000000000010000010100000000001010000001100000000000100000000000000010000000100000000000000000001000000000000000000100000000011001000001000000100000000000000000000000000000000000001100100000
0000000000000000000000000000000000000000000000000000100000011000000000010000000000000000000000010000000000000000000001000000000011000000100000100000000000000000010000110000000000000000000000110011000000000000000000100000000100000000000
1010000001000000000000000010100000000011000001000000000100000000000000000000000000000111000000000000000000011101001100000000100000010000001000001011000000100000000000110000000110000000000100000000000000000000000000000000010001001000001
0000000101100000000000001000000000000010000000000000000010100000000000010100000000000000000000000000000000000010000000000001001000000010000000100000111010100000011000000000001001000000000000000000100000001000001000110000000000000000100
0000000000110010000000001000000100000000000100000000000010000000000100100100000000000001100000000000000000000000100000000001000000000100101000000000000000000000110000000000000000000000000010001010000000000100000010000000000010000000100
0000000000100000000000011000000000000000000000000000000000000000000000001100000000000000000000001000000000000010000000000000000000010010010000000000000010100000000001000100000000000000000000000000000000000010100001000000000000000000000
0000000000000110100000001000000010000100000000100000011000000000000000100000000000000000001000010000000000000000000000000000000000000000000000000000010001000000000000000000001000000000000001000000000000000000000000001001010000000000000
0110000000000000000000001000000000100001000001000100000001000000000000000000000100000000000010000010010001000000000000000001000100000000100000000010000001000010000100100000010000000100010000000000100000000000000000010010000000000000000
0001010000000001100000000000000000010000000000000000001000000000000000000000000100000001001000000000000001000000000000000000100000000000000011000000000000000000000100000011000000000000010000000000100001000000000000000000000100000000000
0000000000001000000000110000000000000000000000000000000100001000100010000000000100000001010000000000000000000110000000000000000000000000000000101000000000000000000100000000000110000000001000000000000000001100010000000000000000000000000
0000000000010000000000000000000000000000000010000000000000001000000000100000001000000100000001000000000100000000000000001000000000001110110101000000010010000000000000000000100100000000000000100000000000000000000000000000000001000000110
0011000010000000000000010000000000000000000000000000000011000001010000010000000010000000100000000000000000001000000001000000000100000000000000000000001010000001000000101100000000011010000000000010100000010000000000000010000000000000000
0000001000000000000000000000000000000000000000000000000100000000001000000000000000000000000000000000000000010110000000000000010000000100000011001000000010001001100000000000000000000010000000000000000000100000011000000000100000000000000
0100000001000000100000100000001010000010100000000010000000010000000000000000000000000000001100000000000010000011000000000001000001001000001000001000000000000100100100000000000000000000000001001100000000001000000000000000000100000000100
0000000000100000100000100100000000100000101000000000000000000000010100000001000000000000000000010000000001000001000000010100010000010000000000000000000110000000000100000000000010000001000000000000000001000010001000000000000010001000000
0001000100000000001000000000001001001000000000000000000100000000001000010000000000000100000000000000000000000000000010000000001000100000000000000000000000000000000000000000110000000000000000000000000000100000000000000000000000000000000
0000000000000100000000000000100000000100000010000000000000000000000000000000100000000000000000000000000000101001001000000000001000000000000100000000000000000000000100000000000000001001000000100100000000000000000000000000001000000000000
0000001000000000000000000000000000000000001001000000000000000100000000000000000000000000010000000000000010000001000000100000000010000000000000000000000001000000000000000000000000000001000000000100000000000000000001000000001000010000000
0000000000000100000000000000010000000000000000000000000000000010000100000000000000010000001010100000000000000000000000000000000010000001000000000000000000001000000000000000100000000010000000001000010000000000100010010001100000100000000
0000000000000000100000000000000000100100000000000110010000000000000010000000100011001000000010001000000001000000100100000000000000010000000001010100010000000000000000000000000000000100010100001000001000000000000000000000000000000001000
0000000001010000000001000100100010101000000100000000000000000010100000001000100000000000100000000000010001000000000000000000011000000001000000000000000000000000010000100000000100000110000000000100100000000000001010000000000100000001000
0110000000101000000000000000000010000010000000000000100001010000000100000000000000000000011000000001000000000000000100000000000101000000000000000000000100000001000001000100010000001000000000000000000000000000000000001000000000000000000
0001000000000000000000000000000000100000000000000000010000000000000000000000010000000000100000100000100001000101100000000010000000100000000000000101000001000000000000000101000001000000100000001000001001001000000000000000000110000100000
0000000101000100001100000000000000000000000000000010001000010000100000010001000000110000000100000101100000000010000000000010000011000000000101000000000000000000000000000000000000010001000000000000001000000000000000000000000000010000000
0000000010000000000000100000001000000000000000000000000010000000010000000000000000000000000000000100010000000100000100000000000000010000000100000000000000000000000000000000000100000010000000000000000000000000000000000001000000000000000
0000000000100010000000010000011100000000010100000000000000100000000001000110000000001010000000001000000000000010001000000000010001000000000000000010000000000110000000100000000001000101000000000000000000010001000100000001000000000000000
0000000000000000000000000000101010100100001000100100000010000000000000000000010000000000000000001000000001000000000000000101000001010000100000000000001000000000000000000100000000000000000010000000000010001000000000000001000000000000000
0000000001000010000011000000001000000000110000000000001000010000000000000000000100001100000000100000000001000000000000001000000000000000000000000000100001101010000000000000000000000000000010000100010101001001000001000010000000010000000
0010001100000000000000000010000000000000000000010000000000000000000000000000000001000000000000000000000000000000000101000000000010000000000000000010010010000100000000000000000100000010000001000000010000001100000000000000100000000000100
0010000000000100000000000000001000000000000000000000000000000010000000000010000000001000000001100000000000100000000000010100000000010000100000000001001100100010000000100000101100011001000000000000000000000000000000000000000000000100000
0000000000000000010101000000000000000100000000000000000000000000000000001010000001100001000000001000000000000000000100000000000000100000000000000000000000000100000000000000000000100000000000000000000000000010000000000000001100000000000
0000000010001000000000000100001000000000000000001000000100101000000000001000100001000001000000000000011000000001010000001000000001000000000000000000010000000001000000100000000010000000100000000000000000000100010000000000000010010001010
0000000000001000010100000000010000000000000000000100000000001100000000000000000100010000100010000001000010000000000001000000000011000000000000000000000010001010000000000000000000000010001000000000000000000100010000000000000000000100000
0000010000000010000010000000000000100000000000000000000000000100100010000000000000000000000000000010000110000000000000010000000001000000000100000001001000000010000000000010100000000010000000010000001000001100011000000000000000000000000
0000000000000001000110000000000001100000000000000000000000000000000000010000000000000100000110000000000000000000000000000001000000000011000000001000000110000000000000000000000000000000010000000000000000010000000001000101000010100000001
1010000000001010000000000000000000000000000000000000000000000000000100000000000000000000000001000000000000000000000000000000001100000000100000000000000000000001000100000000001000000000000000000000000000010000000000000000000001001101000
0000000000000000000000001000000011000000000010000010001000100000110000011001001000000001001000001000000000000010000100000010010000000000000000000010000010000000001000000000000010000001000100001010100000000000000010000000000000000000100
0010000000000000000000000010000000000101000000001001000100000000000000000100000000000000000000000000000000001000100000000000000100001110000000000001000000000000000010000000000000000000100000000000010000000000000000000000000000000001000
0000000000100100010000000000000000000000000100000000000001000010000000000000000000000000100000000100010001000000000000000000000000000100000000000011101010000000000000000000010000000010000000000000001000000000110000000000000000110000010
0000010000000001000000000100000101000000000000000000000000001000000000000010000000000000000000000000010000000000000000000010000000000000000000000010100101001001100000100000000010000010010000100010000000000111000000001000001011000000000
0000000000000000000000000001010000010100000000000000100000000000000000000000000000000000100010100000000000000000100000000000100000000000000011001000000000001001010000000110000000100000000000000000000000000000000000000000000000000000000
0011000000000000000000000000010100000010110000001000100000000000000010000000000000000000000000000000100000010001010100000000000000001000000000000000100000000001000001000000000000000100000000001000010000010000000000000000001100000000000
0001001010000100000000000000000000000000001000000010000000000000010110011000001000000000000000000001100000000010000001000000000000000000000000100000000010110000000000000100100000000100100001000000010000000110000000000000000010100000000
0000010000000000000000000000000000000000000100001010000000000000000000100000000000000100000000000011000000000000000000000010000000000000000000000010000010000100001001010000000000110001100000000000000000000000100000100010000000000000011
0001100000000010001000100100010000000000000010000000000000000000000010000000000000000000000000100100100010000010000001000000000100000100000000100000000000000000110000000000000001000000000000010000000100000000000000100000000000000000000
0000000000010000000000000000000010010000000100000000000000000000000001000000001000000010000000000010000000000000000000001000000010000001000001000011000001000000000000010000000001000000100000000100100000000000000010000100000000000101000
0000000000000000000000000001000000000001000001001000000000000001000000000000000000000000010000000000000000000000001000000000000100000000000000010001000010000010000000100000010010000100001000000000000000000000000000100000000000110000000
0000010010000000100000000001000000000000011000000000000000100000010000010000001000001000110000000000000001000000000000000000100000000100000000000001010000000000000000001010000000000000000100101001000100000001001100000000000000000000000
0000000001000000100000000000000000000000001000000000000100010000010000000000001000001000000000000000100000011001100000000000100000000000000000110110000100000000010010000000000100001000000000000000000000000000000100000000000000100000000
0001000000000110000001000000000000000000000000000000000000000010000000100000100000000000000000000000000000100000010000000000000000000000000010000100000010000000000000001010000010000001001000000000100100000000100000000000000000011000000
0001000000010000000000000000000000000000000100000000000001000001001000000000000000011000000000000000000000000000000000000000110000000100010000100010000000000001000001110000001100000000100000000100000000010000000000001000000000000000000
0000000010000000000000000000000000010000000000000100000000000000000100000100000000000000000000000000000000000010000100000001010000000000000000000000000100000000000100000000000000001000011000000000000000010010000000000000000001101000000
0000000000000000000000100000000000100010101000000000000000000000100100000000000000000010000000000000000000000000010000000100000001100000000000000000000000000101000000000000000000100000001010000110000001001000000000000000000000001100000
0000000000001000000000000000000000000000000000000000000000000000000000010000000000000100000010100000010000000010010000000001001000000000000000000100010000000000000000000100010000000000001000001100000001010000000100000010000000000000000
0000100000100010000100000000000000000000000000000000000000000001000000000001000000000000000000000010000010001000000000000000000000000100000000000000010000001010000000001100001000000000001100000000000010000000000000100000000000000000000
0000000010000000000000100000000000001000000000010000100010100000000000000100000100000001000000000010000000000000000000000000000100000000000001010100000000000000000010000000100000001000000010000110000000000010001010000000000000000000000
0000000000000000000000000000000000000000000000000100001000000000000001001000000000000000000000001001110000000000000000000100010000000000000000000100000010000000000000101000010000000000000000000010000000000101000000000000000000000000000
0010000000000000001000000010000000000000000000000000000000000000010000100000010000000010000000000001000000000000000000000010000000000000000000000000010000101000000000001000000001000000000010000010000000100000000001000000000000010000000
0001001000000000000000000000000011111000010010000000000000001000010000000000000100000000000000100010000000100000100000000000100000000000000000000000001000000000000000000000000001000000010000001000000000000000000010000000000000000100000
0000000010000000000110000010000000000110011000000000000100010000100000000000000000000000000000000000000000000000000100000000000000000000100000000000000010000000000000000000010001000000000000001000010000000000000001000001000000000000001
0000000000001000000000000000101000001000001000100000001000000000000000000000000000000000000000000000000000000000000001000000000000000010100000000000000100100000000000000000010000000100000000010010000000000100000000000000001000000010000
0001101001000000100000000000000010000000000001000000000010000000000000000000000000000000000000000010000001000001000001000000000000000000000000000011100000000010001000000000001010000000100010100000000000000000000000000010000100000000000
0000001000000000100000000100000000000011000000000000000000010000000000000000000000000000000010000001000000000010000000000000000100000000000000000000000000010000000100000000000000000000000100000010000000000110000100110010000000001010000
0101000000000000001000000000000000000000000000000100000100000000010010000100000000000000010000000001000000000000010000000000001000000000000000100000000000100010110010000011101000100000100000000000000000000000000000001000000000110100000
0000000000000000000000000000000000001001000010000001000000010000000100000100000000000000010000000100000000000000000101000000000000000000100000011000000000000000000001000000000000001001000000110000000100000000000000000100000000000010010
0000100000000000101000000000000000000000000000000000000000000000000100000001000000000001100000000000001000000000001000000100000000000000000000000000010000000000000001000000100000000000000000000000000000000000000010001000000000000001000
0001000000000100000000000000000100000000100000000001000000001000000000000001000000000100000010000000000000000000000000000000000001100000001000000000000000000000000001000000001000000000000000000000100100000000000000000000000101000000000
0000000001000010000001010110000000000010100000000000000000000001000100000000000001000000000010011100000001000000000000001000000000010000000000010000000001000000100000010001100000000000000000010000000000010000100000000000001000001000000
0000000000000000000000000011001010000000000000000000000110010000000000000000010000000000100000000000000000000100000001000000000000000000000000000000100000000000000000100000000000000010000000000000000000000000101000010101000000100010000
0100010000000000000001100000000000000000000000000000000000000000000010110000000000000000000000000000000000000000000000000000010000000000000000001001100000001000000000000000000001100000000000001000000100001000000100000000100000000000000
0000000000000010000000100001000000001000110000000000000000000000010010000000100000000000101000000000000011000000000000001000000000010000010000000010000000000010000000010010000000000000000001000000000000000001011000000000000000000000000
0000001000000000001000000000000000100000100000000000010000000000000100000000000000000000000000000000000000010000010000000001000000001000001000000011000001000000000001000001000000100000100000000000000010000110010000001000110001000000000
0000000000000000000000000000110000000000000000000000000000000000000000001000000000100000000100101100000000010000000000000000100001000000000000000000000000000000000001000000000000000000000101100000000000000000000110000000000001000100000
0000010000000111000000000000000000000000100100001010000101000100000000000001000000000000000000000000000000000001000000100100000000010000000000001000000000000000000000100000000001001000010000010000000010000000000000000000000000000100000
0000000000000001000010000001000100000100000000000000000000001000000000000000100000010001000000010000000001000100110000001000000000001000000000100000010000001000011000010000000100110000000000000000100110000010000000000001010000000000000
0000010001000000000000000000000000000000000000001000100000000000000000000001000000000000000000010000001000000000000000000000010000000010000001000000000000000010110001000000000000010011000000000000000000000000010000000000000000100000000
0000000001000001000010000010000000000000000000000000000000001000000011001000000000000000000000000000010010001000000100100010000010001000000010000100100000000000000000100000000000100000000001000000000000000111000000000000010000010101000
0000010000000010000000010000000000000000000000000000000000001000000100000010000000000010000000000000010000101000000000001000000000000010000000000000000100001000000000000000000000000000001000100000100000000100000000000011000010000000010
1010000010000000000000010000000000000001000000000000001000001100000000000000101000000000000000000100000011000000000000001001000010000100010010000000000100000000000001000000000001000000100000000000010101000000000110000000001010000000000
0000000000000000000000000010001000000000000001101000000010000000000000001000010110000100000100100000100000000000010000100000000000000000000000100000110100000001000000000000000000011100001000100000010000000001000010000011000000000100010
0000100000000000000100000000000000001000000101100000000000000010000000000100000000001000000000000000000001000000000000000000010000011100010000001000000000000000000000000100000010000000101000110000010100000000000001000000100000000000000
0000100000000010000101010000000000011000100000010000000000000000011100000000000000010010000001001000000001000000100000000000000000000100000000000000100000001000000000001000000010000000000000000000100000000000000000000000000000000010010
0000100010000000000000000000000010000000010010001100000100000000100000000001000000000000000001000000000000010000010100011010000000000001001101000010100000000000010000000000010010000000000100100000000010000000100100001000010000000000000
0000100000010000000011000000000000100000000001000000000000100000010000000000010010010000000001001000000000000000000000011000001000000110000000000000001000000000000001100000000000010100000001000000010000000000100000000010010100000001000
0000000010000000000000000000000000000000100000000000000000000000010000000000000100001000000000000000000000010001000000000000000000110000101100100000000000000010010000001000000100000000000100011000000100000000000001000001000000000000100
0001000000000000001000000000010000000000000000000000000001000001000000000000000010011010000000000000000100001000000001000000000000000000000000000001000010010000001000000100000000000000000000100000000000000000000001000000000100000001000
1010000000000000000000000100000000000000000100011000100100000000000011000000000000100000100000000000000000000000000000100000100000000001000000000000000001100000000000000001000000000000000010001000000000001100000001000000000000000000000
0000100100000110000010100000000000100010101100001000001101000000000000000010000010000000000101010100000000001000100000000000000000000001000000000000000000000000100001100010000010000000000000000000000000000100000000000000000000000010000
0000100000000000000001000000010000000001000010000000000000000000000000000010000000000000000000010000000000100000000000000000000001010000000000000000001000000000000101000000000100000001000100000000000000110100010000000100100100000000000
0000001000000110000000000000000000100100000000000000000000010010000001000000000000000100000001000010000000000100000000000000010000000000000000001000000000000000000000100000000000001000011000001000000000000000000000010000000000000000000
1000000011000000000000000000001100000100000000000000000000110000100001000000000000000010000101010100000011000000100000000000001000000000000000001001000100000000000000000000000000000000000000000000000100000000000000000000000000001000000
0000000000000000000000000000000000000000000000100010000010100000000000000000000000100100000000010000000010010000100001010000000010000000000100000010001000000000010000000001000000000001000000101110000010000100010000000000000000000000000
0000000000000000100000000000000000000100100000000000000000000000000000000010000000110100000000000000000010000000001000000000010100000000000000000000000010000000000010001000000100010000000001000000000000000000000000010000000001110101000
0110001000010000000000000000100000000000000001000000001000000000010000000000000000000000010010000000000000000000000000000000010000000000000000000000100001110100000000000000000000010000010000000000000000101000010010010000000000000000001
0000010000000100000000000000000100000000000010000000000010000000000000000000001010000010000001000000000000000000000000111000000000000000000000100000000000100001000000000000000000000000000000100000000000000000000000000100000000100000000
0100100000000000010000000001000000000000000000000000000000000000000000000000000000000000000000000010000010000011000000000000000000100000000000000000000000000000000000000000010010000000000000000000000101000000000000000000000001000000000
0000000000000000000000000000100001000000000000000001000000000000100000001000000000100010010000000000010001000000000000000000000000000000110000000010010000000000000010000000000000000000000000100000000010000000000000010001001000000001000
0001000000000000010000010000000000000000000000100000000000000000001001010010000000100000110000000000000000000000001100010000000000000010000000001010010010001000000000000000000000000000100000000011000000000000100000000010011000000000010
0000000100001000010000101000000000100000000000100100000000000000000000000101000000000100000000000010010000000000000000000110000010100000000000001000000000010000000000000000000101000000000000010010000000000001000000001000100000000000000
0000000000000000000000000000000000000000000001000000000000011001001000000000000000000011000000000001100000010000000000001000011101000010000000000000000000000000001000000000000000000001000000000001000110011001000000010100010000000000100
0000100000000001001000000000000000000000000000001010001000110000000000001000000000100100000000000001000000001101001000000000100000001000110000000000010000000000000000000010100000000000000010000000000000101000000000000010110000000000000
0000000001000000001000000001010010000000000000000000000001001010000110000000000000000000000000000001000010010000110000000000001000000001001000000000000000000000000000000001000000000000000000000000000000000100000010000000000001000001000
0001000010000001000100000100000000000100000001100000000010111000100011000000000000001000100000000000000010000000000000000000001000000000001000000000000000000001000000000000001000010000000000010000000000000000000000000000000100000100000
0000010001100000000100000000000000000000100010100000000100000001010100000000000000100000000000000010000000000000000000000000001000100000000000000000000000000000100001000010010000000001001010001000000000010010010000001000000000000100000
0000001000000000000000010000000001000000000010100010000000001000000000000000010000000000010001000000000000000000000000100000000000000000000000000100000000010000000000000000000000000010001000001000000100010000001010000000000000000101000
0000000100000000010000000000000001000000000000000000000000000001001100000000000010100000000000000100000000000000000000000000000100000000000000000000001000000000000000100000000000010000000000000001000000011000000000100000001000000000000
0000101000000000000000000000000000000000101000000000000010000000000000000000000000000000000000000000000000000011000000000000000000000000000000001000000000000000000100001000000010000010000000000000010000000000000000000000100000001110000
0100000010010000000000010000001001010010000000000000001000001000100000000001000000000000000001000000010000000001000000100000001000100100000100000000000000000000000000010000000000110000000000000000010010000000000000010000000010000000010
0000000100100000010000000000001000000000000000000000000100000001101000000000000000000001000010000000000000000000000000000000000000010000000000100000000000000000000000000000000000000000000100000000000000000000000000000000000000000000000
1011000000001000000001000000001100000000000000000100000100000000000000000000000001000001001001000000000000000000000100100000000100100010000000000000010000000000001100000011000000000000000000000000000100000010000010001000000000000000000
0100001000000000001001000000000000000100000001010100000000000000010001100000000000000000000000000000001000000001010000000000000000000010000000000011000000000000001000000000000000000000000000000011000000000000100000000000000010000000010
0000000001000000001010100000000000001000000000000001001000000000001000000010000110000000100000011000010000000000000000000000010001100000000000000000000100000001000000000000000000100000000000011000000000000000000000000001000000000000000
1010010001000000000011000000000000000100000000000010000000001000100000001000000000000010010000000100000000110000000000000000000000010000000000010010100100000000101000100000001000100000000000001000010001000000000010000000000100000000000
0000000000001000100010001000100001000000010000000110001000100000000000100000100000000000000000000000000000000000000000000010000001000000000000000001000001000000000000000000000100000000000000000000000100001000000000000000000000001010000
0000000000101000000000001000000000000000000010000010000000000000000000000000000000000000000000000000011000000110110000000000001010000000000000000000000000001100000000010010000000000000100000001000000000100000000000100100100000000000001
0010010000000000100000000000000010100001000000000000000000000000000000000000010000000010000000101000000000000000000000000000000000000100000000010011000000001000000000000000000000000001010000000000001000010000000000000000000000000000000
0100010000000000010100000001000000000000100000000000011100000010000000000000000000000000010100000000001000000010100010000000000000000000001010010000010000000000000000000100000001000000000000000100000100000000000000000000110001000010000
0001000001000000001100000000000110000000000000100000100000001100000000000100000011000000000000000000000001000000100000000000000000000000000000000000001000000000000000001000010000000100001000000000000000000000000000000000000000000000001
0100000110001001000000000000100000001000000000000000000000000000000000000000000000000000100000000000000000000010001000000010000000000000000100000000001000000010000001000000100100000000000000000011000000000000000000000001000000000010000
1000100000000100000000100010000000000100110000000000000000000001000000000000000000100001000100000100000000110001001000000010000000000000000000000000000000000000000000000000000000000100000000000000001000000000001001000000000000000000000
0000000001000000000100000000100001000000010000100001100010000000000000100000000000000001000000100001000000000000000100000000000000000000001100000000000000000000000000010000000110000100000010000000000000001000000001010000010010010000010
0000000000000000000010000000000000000000000100000000001000000000100000001000000000000000100000011000100001000000000000000000000100101000001000000000000100000000000000000000100000000000000000010100000000000000000000000000100000000000100
0000000001001000010000000100000000100010000000000000000000100100000000000000001000001000000000000000000000000000000001000000000000000110000000000000001110000000000000100010000000000000000000000000000000000000000000000000010001000110010
0000010000100001000100000010100100001100000001010000000001000000010010000000000000000001000100000000000101000000000010000001000100110010000000100001000100101100010000100010000000100000000000000000000000000000000000100000010000000000000
0001000010000000000000001000001000000000001000001000000000001000000000000010000100000000010100000001000100000100000000010010100000010001000010000000000000001000000001010000000000000000000000000000000100000100000000000000000000001100000
0100000000000010000010010000000000000101100000000000000000000010000000011000100000000001001000101000000100000000011001000100000001100000000000000000010000000001000000000000000010000000000001000000000000000010001100010000000000000000000
0000000000000100100000000000000000100100000000000000000001001000000000000000000000001000000000000000101000000000000110000000000000000010000000000000000000000000000000001000001000100000000010000000000000000000000100000000000000000001010
0000000010100000001000000101000000000000000000100100010000000100010000000000000000000001001000000000010100000001001000000000000000000000001010000001000001100000001000000000000000100000100000000000100000000000000001000000000000000100000
0000000001000001000000000100000000000001000000001010001100001000000001100010000000000000000000000010000010010001000000000001000000000010000000100000000100000000000000000000001001000001000000000000000000010100110010000001000000001000000
0000000010000000010100000000000000000000010000000000000100000000110000000000100100000000100000000000000000100000000100000000000100010000001001000010000000000000011001000000101000000000000000000010000000000000000000100000010000000001000
0000000000011000000001100000000000000000000000011000010000000000000000000001000000001010000000000000000000000000000000000000000000000000000000000000000000000000000000010000000000000010100000000000000000010000000000000000010000010000000
0001000000011000000000001000000001001000000000000000000000000000000000000000000010000000000011110000000000100110000000000000000000000000000000000000000000101000010000100001000001000100010000000000000100001100000001000100000000000010000
0000010000000100000100000100011000000000000000000000000000000000010000100000010000000000010000000010000000000000001000010010000000000000000010000000000000000010001010000100000000000000000000000000000001000011000000000000000000000000000
1000000000001010000000000000010000000000000000000000000000000000000000000010100000100000000000000000011000010000000010000000000000000000000000000000100000000000000001010000000000010000000000000000010000000100000000011000000000000000000
0001000000100001010000000000000000010100000000001000000001000000100000100100000000000000000000000000000000100001000000000000000000000000000000010000001110000011000100000000000000000010000011001000010010100100000000000000000000000000110
0000000000000000000100000000000000100010000000000000001000000000010000000000000000001100001010010000010100000001000000011000010000000000001000000000000000000010000000000000001000001000000000000000000000010001000000000000000000000000000
0000100001000010000000000000000001100010000000000000000001001000001001000010010000100000000000010001000000000000000000000000101000001000000000110000100100000000000010000000000000000000000000010100000000100000000000000000000001000000001
0000010001000000000001010000100001000100100000000010000000001001110100000000000000000000000000000001010100001000010010000100000000000000000101000001010000000000000000101000100000000000001000000110000000000000000010001000000000000000000
0000000000000010010000001010101000000000000000000000000000000000000000000011000101000000000000000000000000000000000001010000000001000000000000010000000000000000000000000000100000000000000000000110000000000010000000000000100000000000000
0 0
234 234
