23 23
00001000010000010000100
00010000001000000010100
00000001000100100000000
00000000000000101101000
00000100010000000000000
00000000100000000110000
01100110000000000001100
00000100000000000000000
00000100000000000000100
00000010000000000010000
00000100000001000000000
01010000100010110011100
10000100000000011000000
00000000100000000000100
00101001000000011000000
01001010000000000000010
00000001000000000000000
00000000000000000010001
00000000000010000010100
00000000000000000000100
00000000000000000100000
01001100000001010001000
10000100010000000000000
0 0
22 22
