240 240
000000000000100000000000000000000100000001010001010000100000000000100100000000000000010000000000000000001000100000011000010000000010000100000001000000000000000000000000000000000000110100000010000000000000100100000000000000000001000000000011
000000000000000000000010000000000000000000010000000100000000000000000001000000000001000000000000000000000000000100000000000010010000000100000000110000100010000000000000000000001000000000000001010001000000000000100000010110100010000000000011
001000000000010000000000000000000000100000000001000000000000010000000000010000001000000000000000100000000000000000001000000000010010010000000000010000000000000000000001000000000000010000000000000000101000000000100100000000000001001010000000
101001100000101000000100000000000100000001000100000000010000000000100001100000000001000000000000000000000001100000000000000000000000000100000000000010000000000000000000100000010100001010000000011000100000000000000000001000000000000000101000
000000000000100000100000000010101000100000000000000001000100000000001000000100100000000100000000000010010000000010000001000000000001000000000000000000010011000001100000101000000000000000001000000000100110000000001000000000000000000000001000
001000100000000100100010001000000000000000000000100010100000000000000000000100000000000000000000000010001110000000000000000000000000000000000000000000000000001000000000001000000000010010000100000000000100100000000000000101000000000000011001
000000000000000000000000000000000000010000000000000000000000000000000000100001010001000000000000000001000000000101001000000010000011001001000000000000001000010000000000000000000000100000000001011000000010000010000000000000000000000011000000
000000000000000001100000000000000000000000000000000000100000010000000100000100000000000000101000000000010000000001000000000010010100000000000000000000000000000000000000000010000001010000000000000001000000000010000001000000000011000100000010
000000000000000001000000010010000100000000000100000000000100000000100000000000000000000000001100000000000000000000000000000000000000000000100010000000000000010000000000000000100000000000000000000010000000000100001000001000000000000000000001
000000000000110100000000000000010000100000000000000000010000010001001000100000010000001000000000000000011000000010000010000000000010000000000000000000000000000000000000000000000000100000100000000000000000000010000010000000000001000001000010
000000000000000001100000000000000000000010010000000100000000001010000000000001110000000001001110000000000001100000000000000100100000100000000000010100000000000000000000000000100000000000001000000100000000000100000010000000000000100010000000
010000000000000000000100000000000001011010000000010000000100000000000000000010100000010000000100000000000100000000010000000000000000000000000110000000000010000000000001010000000000000000100000000001000000000000000000000000000000000000100000
000000000000000000000000100100000000000000000000000000000000000000000000000000001000000000100010000000010000100101000000000010000000000000000000000000000000000000000000100010000000000000001000000000001000000101000000000100000000000000000010
000000010100000000000000000000000000000000010000000001000000000000100000000000000000000001100000000000000000000000000000000000000000100101000000000000000000000001000000110100000010000000000000000000000000000100000000010000001000000000000000
000100010000000010000000000100000000000101000010100000001000000001000000000001000000000000000010000001000000000000000000011000000000000000000100000000010000110000000000000000000010010000000000000110010000100011000000000100001000000000000000
000010100010000001110000000000010000000000000000000000011000100000000100000000000000000000001100000000000000010000000000000000000000010000000000000000001010010000000100100000000000100010000000000001000001000001001000011010000000100000000000
000001000000000000010000000000000010001000000000000100100000000000000000000000000010000000000000000000000000100000000010000000100000000000010110010000000000000000000000010000000000000000001010000000000000000000000000000000001000000000000000
000000000000000000010000001001000000000000000000011000000000000000000000001000000000000000000000000100000000000000000000010000000000000110000000000110000010000000000000000000100000000000010000000000000000000011000000000100101001000001100000
000000000001000100000000000110100001000000000000100000001000000000000010000000101000100000000000011100100010000000100000001000000000000000000101100100000000010000110000000000100000000000000000000010000000000001000000000000000000010000000000
000000000000000001000000000010000001000001000000000000010000000000000000000000000011001100010000000000000000000100000000100100000100010000000000100000000000000000000000100000000000000000000000000000000001010000000001000000010000000000010000
000000000000000000000000000001000000000000000000000100000000000001100011000000000000000000010000001000000000000001100101010000000000101001100010000000010100000000000101010000000000000000000000000000100001000000000010001000000000000000000000
000000000000000000111100100000000000000000010001000010000000000000000000000000000000100000000000001000000010010000010010000000000000100000000000000000100100000000100000001000010000000001001000000000000000000100000000000000010000100000001100
000000001001000001000000000000000001000000101000101000000000000000000100000000000100000100000000000010000000000001100000000001000000000000001100000000000000001010000000000011000001000000000000000000010000000000000000000000000010010100000000
100000000000100000000000000000000001010000001001000000000000000000000000010000000000010000100000000110000000000000010010000000000010100000000001000000000000001100010000100010000000000010000000000100000010000000000000000000010100000001000000
000000100000000000000000010000000000010000001010001000001000100001000100000000000010000000001000000000000100001000000000000000000000001000000000100000000000100011000000000000000000000010000000000110000100000010000000010000100000010000001000
000000000000000000000000100001000100000000000000101000100100000010000000000000010001000000001000000000100000000000000000010000000000000000000000000100001000000010001000000000000100000000100000000000000000001010010000000000000100000000000000
000001001000000000000000000000100000000000100000000000010000010000000000000000000000000000100110000000000000000000000000000100010100000000010000000000000000000000000010000000000000000000000001010000000001001010000000000010000000000000000000
001000100000001000000000001000000000000000000000000000000000000000000000000000000000000000001001000000100000010000010000000000000000000000100000000000000000010000100000000000000100000000000010001000100000001000010001000000000000001000000000
010000010000000000010000000010101000000000001100000000000100000000001100010000000010000000001000000000001000001001100010001000000000100000000000000000100011000000000000000000000000000000000000000000000010000000000000000000000000000001001010
100000000010000000000000000000011001000000000000000100100000000000000100000010000000000001000000001000000000000000100000000001000000000000000000100000001000100000000000000000000000000000010000000000000000000000010001010000010000101000000001
010100101000010000011100010000000010000001000000100001000000000000000100000000000000000000000000100000000000000000001000100000000000001000000000000000100000000101100000000000000001000010000000000000000000000100000100110010001000000000000100
000000010000000001100000101001000000100000000000000000000000000100000000100000000000000000000000000000000000010000000000000000000000000000000000000000000000000000010000100000000001000000000000100000001000000100000000010010000100000000100100
010000100000000000000010000011000000100000000000000000011000001000001010000000000000000110001100000001000000000101000001000000000000000000000010100000001000010000000010000000000100000000000000000100000000001000010100000000110110000000000001
000010100000001000000000000000000000000000100000000010000101000100000000000000001000000000000000000000000010000000000100000010000000100000000000000000010101000000000100000000000000000000000000000010100000000000000000001000001010000000000000
001000000000000010000000010000000110100000000000000000000000000000000000100000000000000100010000010000000000000000110000001000000000000000001000000000000000000000000000001001000001000011000000000100001010000100000100000001000000000000001100
100000000000000000100110000000010000000000000010000000000000000100010000000100100000000000000000100000000000000001000001001000000000010000000000010000000000000000001000000000000000000000000000000000010000000000000000000001000000010000000000
000001000001000000000000001000000000000000000011000000000010000100000100001001000000100000000000000000001100000000000000000000000001000000000000000000000000000010000000010010001000000100000000000000000000000000100000100000110000000010000010
000000000000000000100000001000000000000010000000010000000011001000000000010000000000000000001000000000010000000000011000000100000000010000010001000000000000000100000000000000010000000100001100100000000010001000000000000000000000100000000000
000000000000000001000000000000010010000010000000010000001000000000000000000001000000100010000010000000001001010000001001010000000000101000000000011000000000001100000000000000000000001110000000000000000000000000000000000000000001100000010000
000000100000001000000000000000010000000010100100001000000001001000000000010010000000100010100000000100000000000000000000000000000000000000010000000000000001110000000000000100000000001000000001010000000000000000000110010001000000000000000000
000000000000010010000000000010000000000010000001000000000000000000001000000000000001000000000000010000000000000000100000000011000000000000000000001000000000000000000000001000000000000000000110100000100000100010011000000000100000010000000000
000000000001000000100000000001001000000000000100000110100000000000000000000100000000000000000100010001000000000110000000000000000001010000000000000000010000000000000000000000000000000000001100010000000000000010001000000100001000001000100000
000000000001000000000000000000000000000000000000010000000000000000000000000010000000000000100000100001000000010001000000000000000001000000001000000100000010000000000000000010000000000000000001000000000000000000000000000000000000000000001010
000000000000000000000000001000000000000000000000000110000000000001001010000000000000000000100001000000000000100000100000000000000000000001000000000000000000000000000010000000000000000000100100000000000000000000000100000000000000000000110001
000010001000010001000000000001000010000000000000000000000000000000001010000001000010001000000000000010000000000000000000000000010000000000000000001000001000000000001000000010001010000000000000000000000000100000000000000000001100011100000100
000000100010000000100000000000000000000000000000000000000010000000000000000000000000000000100000000000000000000000000101000100010000000000110000001010000000001000000000000000000000100000100000010100000000100000000100000000010000000000000000
000010000000001000000000000010000000000000001000001000000000000000010001000000000100000000000000000100000110010000000000000010001000100000010010000000000000000000011000011000000000000011100100000000000010010100000000000000000000000000000000
000000000000000000010000000000000000000001000000000000100000000000000000010100000100000000010001110000000000000000000100000000000000110000000000000001000000000000000000000000000000000110000100000000000000000000000000000000000000000000100000
000000000000010000000000000000000100001000000000000000100000000000100000000000000000000001100000000001000000000000010000000000000000010000000010000000000000000100001000000000001010000000000000000001000101000000000100000000000000100000000000
000000000000000000010000000000100000000001100000000100000010011000000000000000001010000000000000000000000000000110000000000000000000100000000100000000000000000000010000000100000000000001000110000000000010000000000000000000110000000010000010
000000000000010000000010000001000000100000100000010000000101000001000100001000000001000000010100000001100000000000000010100000100000000000000101000000000011100010010000000000000000000001010000000100000010000000000010100000000000000000000000
001000000000000010100000100000010000000000000100000010000110000000100000000000000000100000000000000000011000001000100001000000000000000011001000100000000000000000000000000001000000000000000000000000100000010000000000000000000000000000010000
011000100000100000000000000000000100000000000100000000010010000111110000000000000001000000000001000000000000001000000000000000000000000100000000000100000000000000000010000000000000000000000000000000000000000000001000000000000000000100001000
000001010000000000000000000000000000000000000000100100000010000000010000010000000010000000000000000000000000000000000000000001011000000000000000000100000000000000000001000000000100000000000000100000000000000000010000000110011000010100000000
000000000000000000000101000000000000000010001000000000000000000000000000000000010000001000110000000010010001000000000000000000000000000000000000010000000000000000001000010000000000100000100000000000000010000000100000000000100000001000001000
000000000000000000000000000000000000100000000000100100000000000000010000000001010000100000100000000000000000000000000001000001000000100000000000000000000010000000000000000000000010000000100000000000000000000101100000000000000000000001000010
000000000011000000000000000001000000000000100010000000100010000000010000000000000000000000000010000000000000000000000000000000000000010100000100000100101000000010100000000011000000001000000000000000010000000000000001000000000001000000000000
000000001001000000000010000000100011000000100000100000100001000010000000000001100000000000000000000000000000000000110000000100000000000000000000000000000000000000000010100001000000000000000000000000000100000001000000000000000001000100001100
000100000010000010000000000000010000001000000000000001000000001000000001010000000000000000000000000000001110000000100000001000000000000000000000010000000000000001000010000000000000110000010001100000001000001000001000000000000001000000000000
000000000000010000000101010000000000100000100000000000000000010000000010000000000000000000011000000000010000010000000000000000000000000000000000000000000001000101000000000000000000000000000000000101000000000001000000000001100000100000011000
000000000100100000000000000000000100000000000000000000000000000011110000000000000000000000000100000000000000000100000000000000000010000000001010000110000100010000000010100000000000010010000000100000000010000000000001000000000000000010010001
000000000000000000000000001100010000000000110000000101000001000000100010000110001000000100100010000000011001100001000000000010000000000000100000100000010100011000000000000100000100001000000010000000000010000000000100000000000000001000000000
000000000010100000001000000000000000000010000001100000000000000100000100000000000010000000000000000000010000000000000000001000001001101000000000000000001001000000000000000000000000100000000100000011010000000000000000000000000000000000000000
100001000000000000100000000000000000000000000000010100000000000000000010000000000010000001110000000000000000000100000000100000000000000000000100100000010000000000000000000000110010000000010000000000000000000000000000001000010000011000010001
000001001100100000010000000000000100000111000000001100000000000000100000100100000000000100010000010000000000000001000001000000000000000000100100000000000000001000000000000001100000000000000000000010000010000000000000000000010001000000000000
101000000100000010110000000010001000000000000001000100000000000000000001000000000000001000000000000000000000000000000000000000000000000100000000000000000000000000000001000010000000100000000000100000000000000001000000100010000001000000000010
100000000000000101000000000000001000000000000000000000000000010000000000000000000000000000100000000000010000000000000000000000001000000000001001011000000000000000000100000001000000000000000000001100000000010000000000100000000010001000000000
000000000100001100000000000000001000000000000001000000000000000000000000000011000000000011010000000000000000001100000000000010000110000000010000000000000000010000010100000000000000000000000000000000000010000000000000000000000000000000000000
000000101100000000000000000000000101001100000000101000000001000000000000000000000001110000100000000001010000000000000000000010010000000000000000000010000000000000101000000000000000000100000000000000001000010000000000000011000001000000000000
000000000000000000001100000000000000000000000000001000000000000000000000000001011000001000000001001010000000000000000000000000000000000000000000010000100000000000000000000001000000000001000000000010000000000100010000001000000100001000000000
000001000000011000000000000000000000000000000001100000000010000000010000000000000001000000000101000000000000000000000010100001010000000000010000000000000000000000000000001000000001001000000100000000000000000100000010000000000000000001000000
001011000000000000010000000000000000000000000001000000000100001000001000100000000000000000000000000011000000000000000001011000110000000000000000000001000000101001001010100000000100000010000000000000000000000000000000000010000000000000001100
000000000001110000000000100000001000000001000010000000000000000010001000000000000000100000000000000001000000000100001000010000000000000000000001000000000001010000000000000001000101000000010010000000000000111001100000000001000000000000000000
000101000000000000000000111000000000000000001000000100000000000000000100000000000010000001000000001001000000000001000000001000000100000000000000000000000000000010000001010000010000000000000000000010100100000000001000000000000000000000000000
000000000000000101000000000100010010000001000000000000010000001100000000000000001100000000000000100000000001000001000000000000000000000000000000011001000000000000001000000000000010000100110000000010000000000000000110001000000000000000000000
101010001001000000000010000010000100000000000000100000000000010010000001000000000001101000000000000000000000001000000000000000000000000000100010000000000011000000000010101000000000000000000010001100000101000000000000000000000000000000000001
000000000000000010100000000000000000000000000100000000100000001000001000000000000010000000000010100000010010000000000000000000000100010000000000000010000100000000000000100000010100000000000000000010000000100000001000000010000000000000001001
000000000000000001000000000100000010000000000000000000000000000000000001000000000100000010100000100001000000000000010000000100100000000000000000000000000000001000000000000010001010100000000001100000000010000000000000001100000000000000000000
100001000000000000010000000000000000000000100000000010000010110001001000000000010000000000000000010001000000000000000000000000000000000100010100010000000001000000000100000001001000010000000000100000010000000100000000000000001000000000010100
010000000000000001000000000001000001010000000000000101000000100000000000010000000000000000000000000000000000000000000000000000000000000100000000000000000011100001000000000010000000100000000000000000000000010100000000000000000101100000001000
101001100000000010000000000000000000000000010001001000000000010000010000000000000000000000000001000000000001010000000100000001000000000000000000000000000000010000100000100000000010000000000000010000000000000000000000000000000100001000010000
000000000100101000000000000000000000000001010000100000000000000010101000010000010000000000000010000000001000000000000000000000000000000000100000010000000000000011010000010100000000010100001000100000001000000100000000000000000000010000000001
000000000000000000001000001000000010000000000000100001000001000000010001110000001000100100000001000000000000000000000000001000000000000000000001100000000001000000000000010000000010100000000000000000000000000000000001000001010000000010001000
000000000100000000000000000110000000000000010000000000010000100010000000000000001000001000010000000000101000000100000000000000000000000000000000000001000000000001000000000010000000000000000000010000000010000000000000000000000000000000001000
000000000000001000001000001000000100000100001000000000000000000000100001000101010000000010000000011000001000000000010000000010000100000000000000000000000000100000000000001100000100001000000000000000000000000000001100010000010010000000000000
000010000010000100000000100010000010100101001000000000000000000000001000100000110000000001000000010010000000000000000100000001000000000001100100000000001001100000000000010000000000000000000010000000010001010000010000000000000010000000000000
001100010010000000010100010010000001000000000000000000110000000011100000100010000001000101000000000000000000000001100000000000000000010000100001100001011001000010100000100010000000010000000001010001000000000000000100010010000000000000000000
000001000000000000000000000000100001000000000000000000010000000100100000001010000000000000000000010100010000000000000000000000000000110100000000000000100000000000100100110000010000010000000010000000000000010000000000010000000000000010000000
000000001100000010000100000000110000000011000000000000000000000000000000000000000000000001000000000100001000000001000000000000000000000000000000000010001000000101100000000000000000000000000000000000000100000001010000000000000010000000000100
010000100000000001011000010001000000010001010000000100000000000100000000000000000000000000001001000000000000101001000000000000000000000000000000000000000000010000010000000000000000000000000000000000000000110000000000000011000000000000000010
000000000000000000100000000000000000010000000000000000000000000010010100000000000101001000000010000000000000000100000000000000000000000000000000000000000000000000000000000010000000000000101000000000000010000001000001000000000000000000000000
000000010000000000001000000000000000001000000000000000000000010000100000110001000000100000000100000010000000000000000000000010100000010000000000000000010000001101010001000000000000000100000000000000000010000000000100000000000010010000000100
000000000010000000010100001000000000001000000000001000011001000000000100100000000000000000000000000000100000000000000000000000000010000100000000000000000010000010000000000000010000000000000100010000000100000000000000000000001000001000010000
000000000000000000000000000010000000000000000000000000000000000000000000000000000000000000000000000000001100010000000000000000001100000001000000010000010001001001000000001000000010000000000000001101000000000000100000000000000000100010001100
001000000000000000000010100000100000100000000100001000000000000000000000000001000000000100010000000000000000100100001000000000000000000000001000000100100000000000010000100000000000101100000100000000000100000010000000010010000000110000000100
001000000000100000000000000000000000010000000000000100000100000000000000000000000010000000001100001000010000000000000000000000000000000000000000000010000000001000000000000001000010000000010000010000000000100000100000100000000000010100000010
100010000000000001000000000000000000110000000000000000100000000010000000000000100000001000010000000000000001000010001000000000000000000010000000000000000001000010010000000001100000000000000000000010001000100000010001000000000000000000000000
000001000000000000000000000000000100000000000000001100000000000000000000000000000000000000000000000000010000000000000000000000000000000000000000000001010000100000000100000000001000101000000000100000000000001000001000000000000000000000000000
000000000000010000000000010000000100100000000000001000000000000000000000000000000000000010010000000100000000100000000000000000000000100000000000000000000001000000000001000000000110000000001011100000000001000000000000000001100000000000000010
000000110100010000000001000000000000000001100010001000000000000100100010000010000000000000000000010100100010100101000000100000000000000000000100000000000000001000000000000000100000000000000000000000000000001000000100001000000000000010000000
010001000001000000000000000001000000000000000000100000000000000100101000000100110100000000000000000000000010000010100000000000000000000000000001000000000000000110001001000001000000000001000001000000001000000000000010001000001001010000000000
000000000000000000110000000000000100000000010001000000100000000000000000100010000100000100000001000101001000000000000000000100000000010000000000000011000000000010100000100101000000000100001000000000000000000100000000000000000000000000101010
000000000000000000000000000001100000000000000000000000000000000001000100001000000000000000000000000001000000000011001000100000000100000000000001000001000000001000000000001000000000000000000000000000000010000000100000000000000000000000010000
000000000000100000000100000000100000010000100000010010000010101000000010000000000001000000010101010000000000000000000001000000000000001100000000000000000010000000000000000000000000000000000001010100000000000000110000000001100000000000000100
010000001000000000100000000000000000000000000010000010000000001000000100000000000000000000000000000001100000100000100010010000000001000000101010000000000000010000010100000000000010000000000010000100100001010000100000000010000000000000000000
000000000000000000000000001001000000000100000000000000000000000000000001000000000000000000000000000000000000000000000000010000000000000000001000000000000001010000010101010000000001000000100010001000000000100000000000000000000000000000000000
000000001000000000000000000100000000000010000000000000000000000000000000100000000010000100000000000000000100000000000000000100001100000110010000000000100000000000000000000010000000000001100000000000000000000000000000000000010000000000100000
100001000000000000001100100000000000000010100000000000100001000000000010100000000010100000000000000000000010000000010000000000000000000011100000100010000000001000000001010001001001000100000000000100000001000000000110000000001000000001100000
000000100000000000000000000000000000100000100001000001000000000000000000000000000000001000000000110000000000000001000000000000010000000000000001000000000010100010000000001000000000000000000000001000000000000010001000000000000101010000100000
000000011100000010000000000000000000000000101000000000000100000000000001000000000000000000000000000000000000000000000001000000000000000000000000000000000000010010000000000010000001000000000100000001000000000000000000100000000000000000010000
001000000011001010000000000000000000000010001000000000000000010000000011010000000100000000010000100000000000000000000001010000000000000001010000010000000000000100100001000000001100100000000001000000000000000000000000110000000000000000000000
000000000100000000000000000000000000000000000100000001000000000010100010000100000000000000000000000000010000000000000000000000000000000000100000000001000000000000000000000001000100001010010000000000000000010010010100010000000000000000001000
000010000010000000000000000100000001000000001010000000000000010000000000101000000000000000000000000000000000000001100000000000001000000000000000000000100000000000000000010000000000001000000000010000000000000000000110000000000000010000000100
010000000010000001000000000000000000000000001000000000000000001100010001011000000000010000000000101000000101000001000000000010000000000010000000001000000000000010000001000101010000000000000000010001001000000100000000000000000000100000010000
000000000000100000000000000000000100000000000001000000000000000100001000000000000000000000000100000010000000000000100000000000000000000000010000100000000000000000000000000000000010000000000010000000000000000000000000100001101001100001000000
000000010000100010000000000010001000110000000000000000000000110001000000000000000011000000000000000110000000101000000000000011000000000000000001000000000000000001000000000110000100000000000100100000000100010000100000100000000100001000100100
010000000000000000010000000010001000000000000000000000000000010000000100001000001000010000100000000000000000000000001000110000000000000000010100100000000000010100001000000000000010000000000001000000000000000010000110110000010000000010001001
000100000000000000000010000000000000000001000010000000000000000000100000000000001010000000001000000000000000000010000000001000000000100000100000010000000001000000000000000000000100000000000000000000000000000000100000100001100100000000001000
001000010011000000101000000001000010000001000100000100000000001000000010000001000000000000000000000000000000001000000000000011000000100000000000000000001000000001010000001000000000000000000000000001000011000000000000010000000000000000000000
000001000000000000000000000000010010000000000000000000000000000000000001000000010000101000001000100000010000000001000000000100100001000000000000000000000001100000000010100000000000001000010000001000000000000000000000000000010000100000000000
000000110001010000100000000010000000100000000000000000000000000000010000000100100010000000000000000000001000100010000000000000000000000000000000000000000010000001000000000000000000000000000000011000000000000000000000000000000000000000000000
000000000000001000001000010000000000000010000000010000001100001010000000001000000000100001000000000000000000000000010000000000000000000001000100000000000000000000000000000010100000000000000000000000001000000000000000000000100100000000000000
000000000000011000011000001010000000000010000000001000000000000000001000000001000010000101001000000010000000000000000010010000000000001010000000100010000010000000000000000000000000001000000000000100100000000000000100000010000000000000001010
000100000100000000100000000001000001001010000000000000000000000000001001101000000010000001010000010000000000000000000000100000000010000000000000100000100100000000000000000000000000000000000000000100010000000000000000000001000000000000000001
000000010100000001000000000100010000000100000000000000000001000100000000000001000000000001000000000000000010000000000000100000000000000000010000000000000001000000100000000100000010000000000010000000000000000000000000000000000000000010000000
000010000000000000000000000000000000000000000010000000001000001000000000000010001000001000000100100000000101010000000100000000000000100100000000000000100000000000000001010100000000000000000000100000010000001100000001010010000000000000000000
000001000000000000000000000000000000000000100000000001000000000010000000000000000000000010000000101000000010000010000100000010000010000000010001010000000000000000100000000000000100010000100000100000000000001110000000001000000000000000010000
000000001000000000000100000000000000010000000000000000000000100000010000001000000000001000001000000010000000011000000000000010000000100001000000010000000000000000000000000000001010000000001000000000100001000010100000000100000000000000000000
000000000000000000000000000000000000000000000000000000010000000010000001000000000000010000000010000010000100000000000011000000000000000000000000000000101000000001100000000000000000000000000010101000000010000000000010000000100001000000000000
000010000010000000000000001000000000010000010000000000100010010100001000000000000010001000000000010100000000000000000000000010000000000000000000000100000000110000000100000000000000000000000000000000000000010100010000000001000000010000000000
010000000010000000001001011001000000100001100001000000000000100000000001000000000000000000000100100000000000000010000000000001100000100001001000000100000000000000000000000010000000000000000000000100000110010001000000001000001000010110100000
000000000000010000000001000000000000000110000000011000000000000000000010000100000000000010000000000000000001001000000000010100000000000000000000000000000000000100000000000000000000000010001000000000001000000000000000101001000001000001100000
000100000000000000000000000000000000000100000000000001000000010000000100001000100000000001000000000000001000000000010000000000000001000000000000000100000000000000000000000001000100000000000000000000000000000000010000000010000100000000001000
000000000000000000000000000001000010000000000000000000000000010000000000000000001000000000000000000000000011000000001100000100000000000000000001000000000001000000000000000000001000010000000000000000001000001000000000000000000000000000000000
000000010000000000000000000000000100000000000000000001000000100100000010000000100000000010000000000000000100100000000100101000100000000000000010000000000000000000000000001000000000010000010000000000000000000001000000000001000010000100000100
000000000000000100000000000000001001010000000001000001000000000000000000000000000000010001000100100000100000000000000000001001000000000000000000001000000000000000000000001100000000000010000000010000000000000000000011000000000000000000000000
000000000000000000001000000000000000100000000000000000000010000000000000000001001011000100000000001100000000100010000110000100000000100000001000010000000100000000000000000000000000000000000100001000001100000000000000010000000000000000000000
000000000110000000000000000000100000001000000000000000000000000000100001000000000000000001000000000100010000001000000010000000000110000000000010100000000000000000000000000000000000100000000000100000001000000000000000101010000001000000000000
000000001000000000000000000110010000001000000000000000101000010000010000000001100000000000100000000000000000000000000010000000000000000000110000000010000100010101000000000000011000000000000000100110000000000010000000000000101001010100000000
100000000001000100100010000000000000000100000101000000000000010000000000010000100000000000010000000000100001000000000000000000000100000000000000001000000000000000000000000000000001001000000000000000000000000000000000000000100000100010000001
000000100001001010110000000000000001000000000000001011000000100000000000000000010000001010000010000000000000000000000000000000010000000000000100000000000101000000001000001000000010000000000000000000000000000001001000000000000100000000000000
010000000000000000100000010000000000000000000001000000000000010000010001000000000001100000000010000000000000000000000000000100010001000010000000011001000000000000010000000000010010000011010110000000101010000100000000000000000010000000000000
001100001101000010000000000001000000000000100000000000000000000000001010000010000100000000000100000110000001000000000000000000000100010000000000000000000000010000000000001000000000000000000000000110010000001000000000001000000000000010000000
000000100100100000000001001001010000000000000000010000000000100000000010100000000000000100000100100000010000000001001001000000000000000000000010010000010000000000010010000000110000000100000110001000000001000000000000000100000001000000000000
010000000000000000000001001000100100000000000000000000101101000000000010000000000000000000000000000000010110000000000000000000000000000000000000000011100000000000000000000000000001100000000001100000000000010001100000100000000000010001001010
000000000000000100000000001000000010000000000000000001000100000000100010000000011001000000000100000001100000000000000101000000000000000000000001010000000010000000010010000000000000000000000000001000000001000000000000010010010000000001000000
000100000001000100001000000000000100000000100000100000000010000010000000000000000000000000000010000011000000000000000000001000000100000100000000000000000000000000100000100100000000000000001000000100100001010000100000001000000100000001000000
000000001100000000001000000100000000000001000001000001000000000000000000000000000000000000000000000000000010000000111010100000000000000000000000100001000000001000000000010010101001100000100000000000001000000000000101000000000100010010000100
100100000000000000000000000000000010010000000001001000000001010000000000000000010000000000011000000000000010010001100000000100010000000000000000000000000000000000000000000000000000000000000100010000000000000000000100000000001001000000000000
000000000000000000010000000000000000100000010000100010000000000001110000000000010000000000000000000000000000100000000000000001000000000000000000000000010000000000000000000000000000000000011000001000000100000001100000000000000001000000000000
001110000000000000011010000001010000100100000001010000001000000001100100001000000100010000000000000000000000000000000000000000000000100000000000000000000000000010100000010000001010000000010000000000000000100010001100010000000000001100000000
001000001000000000010000100000000000000000000010000010000110000000000000000000000000000000000100100001001100000000100100000000000000000000000000000010001001010000000000000100000010000000000010000000000000101000000000001000000000000100000000
000000000000101000000000000000000000100000000000000000000100000000000000000000000001000000000000010001000010000101100000010000000001000000000000000000000000000000000101000000000001000000000001010010000001000000000001000000000000110100100000
000000000000010001000000000000000000000000000000000100100010110000000001100010000000000000010000001010000000000000000000000000000000000000000000000000000000000011000000010000000110000000000001000001000000000000000000000000000000010010000010
000010000000010000101000000000000000010000100000000000000000000000000000000001000000000000000000000000100100000000000000001001000000000000000000000100000010000000100000000000000010000001000000100000000000010000011001000000000000000000100000
000000000000000010010001000010000000000000000001000000000000000001000000000000011010000000000000010000000000010000000000000000000000000100000000010000000001000000000000000000000000000000000001000000000000000000000001100010000000000100000000
000000000000000000000000100000000001100000000000000000000000000000000000010000000010000000000000000000000100000000000000000100000000000000001010010001000000000000000000000000000000000000001000001000001000000000010000100100000000000000001000
011000010000000000000000000100000100000101000000000000000000000101000000000000100000000010000010000001000000001000001000000100000000000000000000000010000000000000100000000000000001000001000000000010000000000100100000010000000010000110001000
100000001000100000000001000100000000000000011000001000000000000000000000010000000000000010000000000001000001000000100001000000000000000010000001000000000100010000000010000000000001001000000000000100100001000000000000000000010000000010000000
000001000000100000000000100100000000000000000000001000000000000100000001000000000000000000000001000010000000000010000000000000000000001000000101000000001010000001000110000110000000000000010001000000000010000000000000110001000000000100010000
000000001000000000000000000000001010000000000000000000000000000000000001000100100000000100000000000000001000000010000001000000100000000010001000010000000000000000000100011000001000000000000000100000000010000000000000001000000100110100000000
000000000000000010000000000000011000000000000000000000000010000000000000001000100000000100100000010000000001000010001000010000000000000000000000000000010000000010000000000000000000000000000000000000000010000000001000000000000000000000000000
000000000100000100000001000001000000000100000000000000000000000000100000011010000000000010000010001000001000000000000000000000001010011000000000001100110000010010000000000000000000000000000000000001010100000000000010000000000000000101000010
000000000000000000000000000000000010000000000000010000000000000001000100000000000000000000001000010000001000000000000000000000000101000000100000010101000111001100000000000001000010000000000100000100000100000000100000100101000000000000000010
000001100000000000010010000000000000000000000000010110010010010000010010000000000000000000000000100000000000000000001010000000000000010000000000000000000000000000000000000000000001000001000000100000000010000000000001000010000000000000000010
000000000000000000000000010000000000000000000000000000000000101000000000010000000000000000001000000000010000000001000000000000000011000000000000000000000000000000111000000100000000000001001100000100000100000000010000000000000110000100000000
000000000000000000010010000000000000000000100000000100000000100010110010000000010000000000011000010000001000000100000000000010000000100000010000000010100010001000000001000000000000100000000000000000001000000000001000000000010000000010000000
000000000001000000000000100010000000000000100000001001000000010000000000000000100000000100001100000001000001001000000000000000010000000000000000000000010000000000000001001000100000000000001000010000000000000000000000010000010010001000001100
000000000000000000100100001000000000000010000000000000000000100100000000000000000000000101000000000000000000000010000000000000000000100000000101000000000011000000000001010100000000000000000000000000000010000000000000000000010000010000010001
011100010000010000010000000000000000000000010000001000000000000100000000000010000000000000000110000010001000011000000000000000000000000000001000000010000000000010000000000010000000100010000000100000000010000000000000001000000000000100100000
100001000000000000000000000000000000000000010100000000000000000000001000100000000000100001000000000000000000000000000010100000000000000101000000100000000001000001010000000000000000000000000000001000010000000000000000000000000100000100010000
000000010000001000000000001000000000000000000000000000000000000010000000001000000000000000000000001010001010000000000000000000000000000000010001000000000000000000000000000100000001000000000000001000001000110010001000000000000000100000100010
000000000000100000001000000000000000000000000100000001100000000000000010000000010000100000000001000000100000000101000010000000100000100000010000000100000000000010010000010000000000001001000000010000000110000000000000000000000000100000000000
000001000001000000000000000000000000000000000000100000000100010000000000001001001000000000000000010001000000000000000000000000000000000100000000000010100010001000000100000000000100010001000001000000101000000000000000000000000000000000000001
000000000100000000001100001000000000010000000000000000010000000000000000000000101000000000001000000000000000000000000000000000010000000000000000001010000000000000000000000010000000010000001000000000000100001010000000010001000000100000000000
000001100000000001000001000000100000010001000000000000000100000000000001100000000000000000000000000110000000000010000110000000000000000010001000000000000000010000000000010000000000000000000001000000011010100000000000000000001000001000000010
001000000000001000000000000000000000000000000100000001000001000000000000000000000000000000000000000000100000000000000000000000000000000000000000000000110010001010000000000000000000000000000000000100001000000000000010001000000000100000010000
000000000000001110000000100010000000000000000000000000000000001000010000000000000000001000000000000000000001000000000100000000100000000000000000000000000001000001011000000000000000000010000000000000100000001001000000000011000100000000000000
010000000000000000000000011000000000000000000000000000000000000000000010000000000000010000000000000100001001110000100100000100010000100000001000000000101000000000011010100100000001000000000000000001000000010000000000000001000000000000000000
000000000000001000000100000000110010010000001100010001000000000100000000000000000000000000000000000000000000100000000000001101000000100000000001000000000001000000000000000000000000000100000000000000000000000000000000000000000000000000000000
000000001000000000001000000101000000000100000010000000000000000100000010000000000100001000000010000000100000000000000000000000000010010000000001000000000000000000000100000000110000000000100010001100010000001000011000000000000000100001000000
000000000000000000000000000100000000000000000000000010000000001000000000000100000000000000000100000000000000000000000000001000000000000100000000000000000000000000100000000000110000000001000000010010000000000000000000000000000000000100000001
000001001001000000000010000000001000001000000010000000001000000000000000000001000100000010000000000000000000001000010000000000000100000000100000000101100001000000000000000010100100000000000000000000000000000000010000000000000000100000000000
000000000000000000000000000100000010000000000000000001010000000000001000000000000100000000000000000100000000000010000000000100000000000001100001000000000000000000000000000010000100001000000000000000110010100000000000000011000000000000010000
000000100000010000100100000000001100010000100000000000000000000000000100110011010010001100110000000000001000000010100010000000000000000100100000101000000001000000100000000000000000000010000000000000000100000100010000100000000100000000000000
000100000000010000000000000000000000000000100010000000000010000100000000000000000000001000000000000000000000001110000000000000010000000000011010000101000000000000000010010000000100000000000000000010100000000000000000000000000100001000000000
000000001010000010010000000101000000000000001100000010000000100000000001000001000001000000000000000000000000000000000100000000000000000000000001000010010000010000000000000000000000100000000010010000000000000001001000010000000000010000100000
000001000000000000000010000011000000000000010000000000010000000001000000000100000000000000000000000000000001000000010000010001000000010010010000000000001000000000000001000000000000000000000000000000000000000000000000100000000000000000000000
000000001010000000000010000000000000010000000000000000010000000000010000010000000000000000000000000000000000000100000000000000000000000000100000000010000101010000000000000000000000000000000000000000000000000000000000000010000000000000000001
000100010000100000110010000000010000000000000000000000000000000000010100000000000000000010000100000000100000000000000000000000000000000000000001000010000000000000010001000100000010000001100000000000010000000001000000000000100000001000000010
000000000000000000000010001000100000101000100000000100000000000101000100001000000000000000000000000000000010000000000000001000000000000000000000000000000000000000000000000000000000001000000000000000000110011001000111100000000001010001000000
000000000000000000000000000000000001000010000100001000000000000000000001000000000001001000000000000000001000100000000000000000000000000001000000000000100000000000000001000001000000100000000000000010000001100000000000001010000011001001000000
000000001000000100000000000100000000010001010000000000000000000001010000000000100010000010000000000000000100010000000100000000000000000001000000000000000000000000010000000100001000000001000001000000000000001000000000100000000000000000000111
000000000000100000000000000000000000000000010000000000000000000000000000000000000000000000000000100000001100010000000000000000000010000000000000010000000000000000000000001000001001000000010000000001010000000001000000000000000001100100000000
000000100000010100110100000000000010100000000000010000000000010001010000001000000000001000000000000000010000000000000000000000000000000000001000000000000000010101000100000000010000000000000000010000000100100000000000001010000000100000000000
100000000000000000000001100000010010000000000100000000000010000000000000011001000010000000000000000000000001000000001000000000000001000010000000000100000000000000000000000010000110000000000000010000000000000010001110000000010001000100000000
000001000000010000000000011000000000001001000001000010000001100000010000000000000100000000000001000000000000010000000000100000000000001000000010100000000001000000000010000000000000000000001000100000100000001110100000000000010000010000010000
000000000001000001000000000000000010000001000000001000000000000001000000000100000000100000000000000001000001000000000000001000000000000000000000000110000000010001000000000000000000001110000000000000000000000000001000000000000000000000000000
000000110000000110100010001010000000000001000000010010001000000010000000000000100000000000000000100100001000000000000000101000000001000000100000000000001000000000000000000000010010000100010000000000100000110100000010001000000000001000000000
000000001000000001000100000000000000000010000100000000000001000000000010000000100000000100000000000000010010000000000100000001000000000001000000000000000000001000000000100000001000100000000000000000000000000000000001000000000000000000000000
000000000000000010000000010100000000100000000000001010000000000000000000100000010000000000000000100000000000001000000110010000100000000000000010000000000101000000000000000000000000000000000000000000000000000000000100000000000010001000100000
000000000000000000000011000000010000000000000010000000000010101000000000000010000000000010000000000000100000000000000000000000000000100000000001010010000001000000000000001001000000000000000000010000001000100000100000000001000010000100000000
000000000000000000100000100000000000001101000100000010000000000000000100100000000000000000000000000000000000000010011000000001000000110101100000000100000000000000100100000100000100110000000000001000000000001000000000000000000000100000000001
000000000000000001000100000001000001001001010000000010000001010100000000000000000000000000001001000000100000000000000000000001000000000000000000010000000000000000100000000001000000010000100000000001001001000000010000000000000000010000000010
000000000000010000000001100000000000000000000000000000000000000000000010000000000001000001000000000000000000000000000010000000001010010000000000000101000001000000000000001000000000000000000000000010000000000001000000000000000000000000000000
000000000010000000000000000000000011101100000000000000000010010000100000000000100001000000000000000010000000000010000000000010010100000010000001000000000000100000000010000000011000000000000100000000000000010000000000000010000001000010000000
000000110000000000000000000000000000000010000000000000000000000010000010000000000100000000000000000000001000000010000000000000001000000000000000000000100000000000100000101010000000100000000010000100010010000000000000000000001000000010100000
000100001000000000000000000000000001000001000000000000010000000000000000000000100000010000000010000101000000000010000000000000000000000000000000000001100000000000000000000110000000010100100000000100000000010000010100001100000000000001010000
001100000000000000000000100000000000000000000000000000000000100000000000001100000000000000010000000000000000000000000000010000010000000000000000000000000010010000001000000101001000100000000000000000100000001000000010000000000000000000001001
001100000000000000000000000000000000001011000000000000100110000000000010000000000001000100010000111000000100010000000000000000000000000000100000000000100000110000010001000000000000000000000000101000000000000000000000000000100000000000001000
010010000000010000010001100101001000100000101000000000001000000000000000001000000000010000000001000000000000000000000000000001000000000000000000000000000000000000100000001000000011100000001001000001110000000000000000000000000010000000010000
000000001000100100010000010000000011000000000100000000100000010010000000000000000000010001000100001000000000000000000000010000000000000110000000100000000000000000000100000000010000001010000000000000000000000010010001010000000000000100000000
000000000001100000000000110000100000010000000101010000000001000000000000000000000000101000000100000010000000010001000100000000000000000000000000001000000000000000000000010000000000000000010010000000000000000000010000000010000000010000000000
000100000000000010000000011000000000001000000100000010000000000000001000000000000000100010101011000001000001001000000010000000000000000000000000000000000100100100000000001000000000000000000000010000001001010000000000001001000000000000010000
000000000000000100000000000000000000001010000000000000010010000000010000010000000010000000000000000000001000000000000000000000000000000000000001100001001000000000000100010000010000000000000100000000000000000000000000000000001000001000100000
000000000000001100000000000001000000001000000000000000000000010010000000001100000001000000000000001000000000000000000000000000010000000000000000000000000000000000000000001000000000000000000000000000000000000001000000000000000000000100000000
100000000000000000000000000000001000000000000100000000000100110100000000000000000000000000100000000000010000000000100000000100000000100000010010000010000100000000000001000000001000100000000001000000010000000000000000000000000000000010010000
000000001000110000000101000010000000000000000100000110010000100010000000000010000000000000100000001100100000101000000000100000100000000000000001000000000000100000000001000000001000000000000000000000000000000100000010000000000000000100000000
000001000000000000000000000000010000000000010000000000010001000100000000000010000000000000000000000000000000100000000010000000000100000000000000000000000100000110000000000000001000000000000000000000000000000000110000000000000000000000001000
010000000010000100000000000010000000010000001000000001000100101000001100000000010000010000000000000000000100000000000000000000000100000010000000000100000000000000000000001000000000100000000000000000000000000000000000100000000000000000000000
000010000000000010000000000000000000100100000000000100000000000001011000000000000000000000000000010100010000000010100000100000001000001000000000000000000000001000000010011010001000000000000010000000000000000100000000100000000000000010001000
000000000000010001010000000000010000000001000100011110000000001000000010000100000001000000000000010100000000000000000001000000000000000000000000100000000010000000001000000000000000000000000000000000000000000000000000000000000100000000000000
000000000010000000000000000000000000000010000100110110000000000010100000000000000000000000010000001001000011001000000000100000000000000000000001000100000100001000001000001000000000100001000000000000000000001100000000000000001000000001000010
000101000100010000000000100000000000000000000000000000000000000000000000000010100000000000000000000000000100100000000000000000000000000001001000000001000000100000010000000000000000000000000011001000010000000000000000010000010000000000000000
000000001000100001000000000000001000000000000000100000000000000000010100000000000000000000000000000100100000000000000000000000000000000000000000000000000000100000100010000000000000000000000000000000000110001000000000000000100000000000000000
001000000000000000001000000100000000011000000000000000000000000000000000000000001000000000000000000000000000000000000000010000100000000000010010000010010000000000000000000010000000010000100001100010100000000000000000000000000001001000000000
000000000000000011001000000100010000000001100000000001001000100000000100011000010000010000110000000011001000001000000001000000000000001000000000100000000000000000000000010000000000000000000100100000100000000000000001000000100000000000000000
010000000001010001000000000000001100000001000000000110000000010000000000000000000110001000000000000000010000010000101000000000001000000000000000000000000001000010000000000000011000000001010000000001000100000010000000000000000000000000000000
000000000000101101000000100000000000000000000001001000000000000000010000000010000000000010010000000000000000000000000000100000000000000000100000000000100000000000000000000100000000000000001000000001010000000000100000000000100000010001000000
000000000000100000000000010101000000101000000100000000000010000010000010100000000010000000000000001000000000100000000000001000000000000000000000100000000000000100100010000000000000000000000000000000000011000000100100001000000100000001000000
000000010000000000000100000000000000000000000000000000000000100000010100000000001000000000000001000000000100000000001000100000010000000001000001000000110000000000000100000000000001000001101100000000000000000000000000111000000010001000000000
000000000010000000000110001001000000010000100000000001000010000000010000010000001000000000000110100000100100000000001010000000010000100010000000001000010000010010000000000010000000000000000000001000000000101000010000000000000000000000000000
000010010100000000000000000010000000100000000000010000000000011000011000001000000000011000000000000000000101010001001000000001000000000000100000000110000000011000001100000110000001000010001000000000000000000000001010000000000101010000000000
000000000000010000000000000000100000000001001000001000001101100000000000001000000000001001101000000100000000100000000000000000000000110000000010100000000000100000000001000000000001100000000000000000000010011100001000000000000000000000000000
000000000000100000000000000000000001000100000000000000000000000000000000000100011000000000000000000000000000001000000000001000000000000000000100000000000000001000000000000000010000100010000100000000000000000000000000000000000000000000000000
000000000010000000000100010000000000000000000000001001000100100100001010010001100000000000000010000000101000000001000010010000000000000000010001000010001001000001000001000000000001101000000000101000000000000000000000000000000000000000100000
100000000001000010000100000000000010000000000000000000000000000000000000000100000000011000000000000000000001000000010000000000000000000000100000100000000000000010001001000000000000000000100000000010000000000000000000001000100000000000001110
000000100000000000000000000100100000000000010000000000000000100000100000000000000001110100000000000011000000000101000001000000000000100010001000000000000000100000100000100000000000010000100000010000010000000000010000010000100000000000000010
000010000010000000000000000100000000000000000001000000000000000000000000100000100000000000000000001010000000000010000000000100000000011100000000000000100010000000000000000000000000000000000000100000000000000000000100000100000000000000000000
000000110000000100010010000000000010010000000000001000001000000000000000000000000000000001000101010100101000000000000000001011001001000000010000001001101000000000011000000000001000000000000000000000000000000000000000000000000000000000000000
0 0
239 239
