24 24
000000000001000001000110
010000100101000000000000
000000000010000010010001
000000000000000000000000
000100001010010000000000
010100000000000000000000
001001010000000000010000
100100000000000000000000
010100000000100000000011
000000000011000000000000
000100000000010101000000
000110011000010001000111
011000001010000000000000
101000011000001110001000
000001000000100100010000
000000000001000000000000
000000000001100000000000
000100001110000000000100
000001000000100101001000
000110000001001000000000
100110000000000001000000
000000001000010010000100
010010000001001000000100
010000000000000000000000
0 0
23 23
