255 255
001000000000001000000011001000000010010000001000001001000000100000000000100000100001001000000000000011011010000011010000000000010000010000000000000000100000000000000000100000010000000000000000000100000000001000000100000001001100000010100000000000000000000
000000000000000000000000000000000000000000000001000000000001000000000000000000001000010000100110010100100000001000001000000000000100000000000001000000000000100010000000000000000000000000010000000001001110001000000010000000001001000000010001010000000000100
000000000000011000100000000000000000000010000000000000000000000000000000100000000000001000000000000000000100000100000000000000000000000000000000000010000000000000000000000000000000000000000000000000000000000000001000000000000000000000000000100010000000110
011000000000000000000100000001000000100000000000000000001000100000000010000100000000110101001000000000000000000000000000010000000000000000000000000000000010000110000000000000010000000000100000100000010000000000000000000000100000000000000010000000000000001
011100000000000000000000000001000000000000000000001100010000000100000000000000000000000000000000100000001100000000000000000000000010000011001000100000000000000100000000000000000100001000000000000001000000000001000000000000000100000000011000000000000100000
000000000000000000110000100000000001011000010000000000000000000000010000000000000000000000001000000000001000000000010000000000000101000000000100000010000000000000000100100000010000000000000000010010000001001000001000100000101000000000100000000000000000000
000001001000101000000000000000000000000101010000010000101000000000000000000000001001000000000000000000001000000000001000000001000001000000000000000101000000000000000000001000001000000000100000000000001000000000000100011010000000000000000110000000000100000
100000000010010000000001110000000000000000001000000000000100000000010001000010000000000010000000010000000000000100000000010000010000000001000000100000001001000000000000000000000000000011000000000000000010000011000000000001000001000000000000000000000000000
000100000101000000000000000000000000101000000000000101001000000000000000000000000010000001000011000000000000000000000000010001000001000000000100000000010000100000100000000000000010100000010000000000001000000000000000000000010000000000000000000000000000001
100000000000000100000110001100000001000000000000001000001000000100001000000000001110101001000100000000000000000100000100000000010001001000000000000000110100000000000000000000100010000010100000000100100000000000000001000000100001000100010010000000000000000
000000010000000000100010000000000100100000000000000010001010000100001000001100100000000000000000000000011000000000000000000000000000000001000000000000000000000000000010001000100000000100000010010001000000000100010100000000000000000000000001000000110000000
000000000010000000000001000000000000100000000000001000000000000000000010000000000100000100101001000000000000000000000000000000101001000000000000000000000000000000000000010000000001100000000000000000000000000000100000000000000000000000000000000000000000000
010000000000000000000010000000000000000000000010000000000001000000000100010000001010000000001000000000000000000100000100000000000100000000000000000001000000110010000000100010001000000000001000000000000000000000001001000000000000000000010000000001000010000
000000000000000001000010000000000001000000001000010000000000000000000000000000000000001100000000110001000000000000000000010001000000000000000000000000000000000010000010000000000110000111000100001000010000000000000000000000100000000000000000000100000000000
000000010000000000000001000000000000100100100000101000000000000010100000000010000000000000001000001000000000000000100100001000000000000000000000000000000000000010000100100000000000000100000000000000010010000000000000000000000000000000000010110000000000001
000010001000000001010000000000000000000000000000000000100010000000100000000101000000000010000000000000000001000000001000000000000000100001010000011010000100010000000000010001000000100010000000000000000000000000000000001000010010001000000010001000000001000
011100000000000000000000000000000001000000100001000000000100001000000000000001000000000000001000000000000000000010000000000000000100000000000000000010000000010010000000000010000000000000100000000000000000001000000000000000100101000000000000000000000000000
000010000000010000000000000000001000001010010000000000000000000010100100010000000010000000000100010000000001000000000010000000000000000000001000010000010100011000000000000011000010000000001000000100000000000000001100000001000001000000000001000000000000001
100000100000000000000000000000000000100000000000000000010010000001001000001010000000001000000000000000000000100000010000001000001010000000010001011000000000000001010000000000000000000000000000000100000000011000000000100000100000000100101000000000000000000
000000000001000100000000001000000001000100000000000000101000000000100000000100000000000000000100010000001000000000010010000000001000000000100001000000000000001100000000011000000000001000000000000001000010001000000000000100000000000100100001001000000000000
000000000000000000001001000000000000000000001000010100110000000000000100000000100000000000001000000000000000000000010001000000000001000000000000000010001000000010000000000000000000000000000001000000000010000000100001000001000110000000000100000000000000000
000010000010000000100001000000100001000000000000000000001000000100000000000001100000000001010000000000000000000000000000100100000000001000000000000000000000000001000000000000000000000000000000011000000000000000000000000000000000000000010000000000001000100
000000000010001000000000010000000000000000000000000000000000000000000000100001000000001000001000000000000000100000000000010000000001000000000110000010001000000001000000001000000000000100000000000000100001100000000000001000000010000011100000000100000000000
000100000010000000010000000000000000000000000000000000000000000001000000000000010000000000110001001100000000100000000001000000000000100010001000000000000000000000000000000000000000000000000010000000000000000100100000000010001010000000000001000000000000000
001000000000000000011000100001000010001000001000010000000000001000000000000100000000000000000000000001000000000000010000000000000000000000000000001000000000000000000000011000100000001010010000000000000000000000010000000000010000000000000010000000000000000
000000000000000000000000000000000000000000000000001000000000001100100010000000001000010000000000000000000000001010100000000000000110000000000000000000000010000011001000000000110001001000000000000000000001010000000001000010000000001000000000000000000001000
000100010100010000000000100000100000100000000100010100010010000000000010000000000000010000000100000000001000000000000000000000000000000000000000000100000000010010000000000000000001010010001000000000000000000000000000001000000001010000010000001000000000000
000100000000000000001010100000000000000000000000010100010000010000000000000000001000000001000010000000000000100000000000001000000000000100000000000000010000000000000000000000000000000000000000000000000000000000100100000000000000000000001000000000000100000
000000100000000000000000000110001000001000010000000000000000000000000000001010000000000000100000000000001100000010000000000000100000000000000000000000000000000000001000000000000000000000000010000000000010001000000000000001000000100000000010000100100000000
000000000000001000000000000000000000000000000000000000000001001000000000000000000000010000000100000000000000010000000000000001011000000000000010000000010000000000001000001000000000000010000000000000000010000000010000101100000000000000000000001110000000010
000000100001000100000000010000000000001000010000100100000000000000100100000000001000000000000010000100000000000000001010000011000000000000000000000000100000000000100000000000000000000000100000000000000000000000000000100000001010000010000000000000000001000
000100100000000000000000000000000000000000000010000000000001000000000001000000000000001000000000100000000001000110000000000100000000000000000000000000111010010000100110000010010000000000000000001000000000000100000100001000000000001000000000100000000100000
000100000000000100100100000000010001000000010000000000000000000000000000100000000001000000000100001100000000000000000000000000001100001001010000000100000010010100000000000000000000000000000000010000000000000000100000100000000000000000000000100110000100001
000100000000000000000000000100000000000100100000000000100000000000010000010000000000000000000000000000000000000000000000000011000000000000000000000000000001000010000000000000000000000000000100000010000001000000000000000100000000001000001000000000000000001
100000000000000000000000000000000000000000000000000000001000001000000001000000000100100000000000000000000000100000000000010000000000001000000000001000000000000000000000010000100000000000000000000000000000000000000000100000000000000000001000000011000000000
000000000100000100000000000100001000100000000000000010000010010001000010000010000000100000000000101000001000100000000110000000000000000000000000000010000000000000000010000001000010000100000000000000000000000000000000000000000001111010100000000000100000000
000000000000000000000000000000001000000000000000001000000000010000000000000001000000010010000000000010000000001000000001000000000000000000100100000000000000000000000000000000000001000010001000010000000100010001000000000000000000000000001000000000000001100
000001000000101000010000000000001000000000000000100000100000000000000000000100000011100010000001000100000000000000000010001000000001010000000001000000000000000000000010000000000000000000000010000100000100000010000010000000000010000000000000000000000010000
000000000000000010000000000110100000000000000101010000000000000000000000000000001000001000000000000000000000000000000100001000000000000000000000100000000100000000010000000000000011000000000000000000000010000010100000000001000010001000001100000000000000000
100000000000010000000000000100000000100000000010000000000000000100000000000000000000100010000101011000010000000000000000010000000000000000001000000000000000000000011000000001100010000001011010000100010010010001010000000000000000000000110010000000000000000
000001000000010000000000000000000110010000010000000000100000000000011000000000000001100000000001010000000000000000010001000000001010001100000001001100000000000010100000001000000100000100000000000000001000000000000100000000000100000000000000000001000000000
000000100000100000000000000000000000100000000000000001100000000001010000000100000000010000000001001001000010000000000000010000000000000000000000000100000100000000000000001000000000001010000000000010100000000000000000000001000000000000000000100000100000000
000000000000000000000100000010000000000000000000000000000000000000000010000010000000000000000000000000000000011000000100000000010000001000000000000000100000100000000000000000000000000000000000000000000000000010000001000000101000000000000000000001000000000
000000000000000100100100000000000000000001000000000000000000010000010000000000000000000000000010000000001100000000000010010000010000000000000000000000000000000000000010000000000010000000000001000000001000000000000000000000110000000000010000000000000000000
000000000000000000000000001000000010000000000000110000001000000000000010010000000000010000000000000000011000010000000000000001000000000010100000000000000000010000000000000000000000000000000010000000000000000000010000000000010010010000000001000000000000000
000100000010100010000001000000000000000000000000000000000000000000000010000000000000000000110000000000010000000000001000100100100000000000000000000000010000000010001000000010000000000001000000000000000000000010000000000000000000000000000000100010001000100
000000001000000000000000000000000000000000000000001000000000000110000000100000000001000000000000000010000000100010000100010000000000000000000001000000100000010000001000000000000000000000010000000000010000000000001000000000000000000000000010000000000000100
000000001000000000000000010000000100000000000000000000000000001100001000000101000000000010000000001001100000100000100000011000000000000000000000110000000110100001000000000000100001000001000000000001100000000000000000000000000000000100000000000000000000100
000000001000001000000000001000000000000000000000100101100000000000100000000000000000000000000000000100000001000000001010100000000000000000001100000000000000010000000000100000100000100000000000100000000000000000010000000000100000000000000100001000000000000
000000000000000001000110000000010000110000000001000100000000100000000000000000000000000000000000101000000000000000000000000000000000100000000000100000000000000101001000001000000001000100000100000000010000000000110000000000000001010000000000000110100000000
000000000000000000100000000001001000000000000000010000000000010100000000000000000000000100100000010000000000000000000000000100000010000000000000000000000000000100000000100000010000000000000000000000000000000000000000000000000000000110100000000000000000000
000100000000000100000100000000001000000000000000000000000000000000000000001000001000000100000000001001000000000000000000000000000000001000000000000000000100001100000000000001000000000010000010001000000010010000000000000011000000000000000001000000001000000
000000000000000000000000000000000010000000000000001000000000010001000000000000000000001000000000000000000000000000001000000001000001000100000000000000000000001000010010010100001001000001000000100000000000100000100000000000000000000000000000000000000000010
000000000000010000010000001000010000000000000000000010000000001001000001000000000000010000000000000000000000000000000000000000001000000000001000000010000000101000000000000000000010000010000000000000100000000000000000000000000000000000000000000000000000000
000000001000000000000000000000000000010000000000000000000000000000000000000010000000000000010000000010000000000000001110000000000000000000010010000000000011100000000100000000000000000000100000000000000000000010000000000000000010000000010000000001000010000
000000000000110000000000000100000000000000000000000000010000000000000010000000000100000000000100000000000100100000000000001000000001000000000010000000001001000000001000100000100101000001001000000000000000010000000000000000100000100000100000000100010000000
000000000000001000110000000000000000000000001000000000101000000000100001000000010000000000000000000100000000000100000000000010010100000000010100000000000000000000000000000000010000000000000001000100001000000000000000000000000000000000000000000000000000000
011001000000000000001000000010010000000100000010101010000000100000000001000000000010000000000000101000000000000010000000011000000000000000000100000000000010000000000010000000000000000000000001100010000000100000000001000001000000000000010000000000010000000
100000000000000000100100000000000000000010000000000000100100000000000000001000100000001010000000000000000000000000000000001000000000000000000000000010000000000001001000000000000000000000000000000000000100000000001001000000000000001000010000000000010000000
000000110000000011001000000000001100000000010100000001000000000000000000000000000000000000000010000001001000000000010000000100000110000110000000000001000000110010100000000001000000000010000001000000001000000000000100000010000000000100100000000000000000000
000010000000000000000100010000000000000010000011000000000000100100001000000010000001000000000001000001101000000100000000000010000000000010100000000000000000000010100000000010001000000000001000000000000000010000000000000001000000000000000000100000010000000
100001000000101000000000000000101010100000010000000000001000010000000000000010000000000000000000010000100010000000000000000000000000000000000000000000010000100000010000000000000000100000000000000100000000010000000000010010000000000000000000000001100000000
000010000000100000100000100000000000000000100000001000010001000010000010100000100000000000001000000000000001000000000100100000000000000100000000000000000000110000000000000000000010000000010000000000000000001000000001000000000011000000000000110000001010010
000000000000000000010000000000000000000001000000000000000000010000101000010000000000000000000001000000000100000000100100000000000000000001001000001000000000000001000100010101000000000000000000000000001000000000000010100010000000000100000000000000000000101
100000001000000000010010000000000000010100010000000000000000000110000000000000000000001000000000010101000010000000000000000001000001001000100110001000010100100100000000000000000000000000000000000000000000001000000000001000100000100010000000100001000010010
000000000000000001000010000000000010001000000000100000001000000000000000000100000000000110001000010010000001000010100001000000010000001100100000000000000100000000000001000000011001010000000010000000000100100000000000000000100000000000000001000000000100000
000010110000000011000000000010000000001000100000000000001000000110000000000000000000000010000000000000000000000000000000000000000100000000001000010010000000000100100000010000100000000000000000000000000000000000000000000000000010101001010100000100000000000
000000000000000000000000000000000100000001101000000000000100010000000100110010010000100000000011001000000000011010000000001000000001001100100100000010000010000000000000000000100000000010000000000000000000000001000000000000000000000100001000000000000000000
100000010010000000000000000000000000011000000000000000000000001000000000000000000000000000010000000000000000000000100000000001000000000000100100000000000000001000010000000000000000100000000001000000000000001010000000000000000000000000000000001000000000000
000000000010000010000000100000000100000000000000000000000000000000000000000000000001000010000000000000000000000000000000000000000000000000000000000000000000000000000000000000000000001000000000000000000010010100000000101000000000010000110000000000000001000
010100000000001000000000000010001000000000000010000000000000001000000011000001010001000100000001000001010000000000000101000000001000100100000000100100000000001100000000000010000000000000100000001000000000001000010100000100000000000000000001000000000000000
000000000000000000001000000000000100000001000100001001000001000000000000000000000000000000000100000000000000100100101010010000000000000000000000001000000000000000101000000000000000000000000000001000010000000000000000000000100000000000000000010000000000000
000100000010000000100000100000000000000010000101000000001001000000010010000000000000000000000001000001100000000000001000000100001000000010000000000001000000000000000001000000000000000000001000000000000000000000010000000000000000000010100000000010000000000
000001010100000000000100000000000000000000100010010100000000000000000000000000001000000000000000011010000000000000010100000000000000100000000101000000000001001000000000000000000001000000000001000000001001000000000100000001001011000000000000000000000000000
000000000010010000000011001010000000001000000000100001000010000000000000010000000000000010000000000000000000001001010000100000100000000000000000000000000000000000000011001000000100000000000000000000000000000001000000000000000000000000000000000000000000000
001000000000000000100000010100000000000001000000000000000000000001001000000000000000010000000000000000000001010000100000000000000000000000000000000100010000000000001000000000100000000000010000000000000000000000001000000000000000100010000000000000001110100
000100000000000000000000000000010010000000000000001000000100000001000100100000000110000000000100000000000000000000001000000000100010001100010000000000000000010100000000000000000000000000000000000000000000000000000000011001000000010000000000000000000000000
000010000000000000000000000100000000000000000100000000000000000000001000000001000000010000000000000100000000100000000000000000000001000000100010000100000010000000010001000000000000000000000000000001000000000000000010000000000000000000000000000000000000000
000000000000010000000000000000110000000000000000000000001000000010000100101000010001000000010000101000000000101000000101001000000000000000000100000000010000000000000010000000011000000000100000000000100000100000010000001000000010000000000110000001001000000
000000000001000010000000001000000000010100100000000000000001001000000000000000000000000100000010000000000001000010011000000000011000000000000000000000000001000000000001010010000000000000001000000101100000000000000000001000010100000000001001010000000000100
000000000000010000000100000000000000001000000000000000000000010000000000000000000000000000010000000000001000000000100000001011000000000000000000000100001000000000000100000010000000000000000100000010000000000000000101011000100000000000000000000000000000001
000000100001000000100000000000010000000000000001000010000100000000000000000100000000000001000000000000001100000000000001000001000000000000000000010000001100000000000101000100000000000011000001001000000000000000000100100001000100000000100000010000000000000
000000000000000000000000000000000101010000011000000001000000010000000000000000000000000000000100000000000000100000000000000000000000000110001000000000000000000000000000000000000000101000001100000000000000000100000100000001001111000010000010010000001000000
000000000101000000000100000100000000000000010000000000000011000000000100000010000000100000000100010000000000000000000000000000000000100001000110000000000010000000000000000000100000000010000000000000000000010000000000000000000000000010011000000000000100000
100000000001000000000000000000000001010000000000001000000000000000000100001100000101000000100000000000100001000000000000000000010000000001000000000000000000000010000100000001000000000000000000000000010000000000000000000000010001000000000001000000000000010
000000000000000000101000000001000001000000000000000000000000100000000000001000000000000010100000000001000010100000000010000000000000000010000000000000000000000000000000000100000000000000000000000000001000010000000001000001100000000100000110000000000000001
000011010000000000100000000010000000000000000000000000010000000001000000000000000000000000000000000000000000000011000000001010000000000000100001000000010000000000000100000000000000000000100000000000000000000010000000000000000000000000010000000000000000001
001000000110000000000000000000000000010000001100000001000000110100000000000000000000100000000000000010000000000001000100000100011000000000000000000000000001000000001001000000000000000000000000010000011001000000000000000000000000000000000000000000000000100
000000000000100000000000000100000000000000000000000001001000101000000110000000000000000000100000010000000000010000000000001000000000000010000101000000010100000000000000000100000000000000000000000000000000010000000000001000000000000000000010010000001000000
000100000000000000000000000000001000000000000000000000100001000000000000010000000000000000000000000000000010000000010000000010000010000000100001000000000010000000000000000001000000010000000000010001000000000000000000000010000000000010000000000100100000010
000010000000000000100000000001000001000000000000011000000000001000000000000001000000000101000001100000000000000000000100011100000000000000000000100000000000100000000001000000000000000000000000101000000000000000000000000100000100000000001000001000001000000
000000001000000001100010001010000100000100000000000000010001000000001000000000001000100000000000000100000000010000000000000000000001000000000000000000100100000100000000000100000000010000000000000001010000000000111000100000000000000000100000000010000101010
000000000010000000001000000000000000000000000000000000000000000100000000000000000000000000000000001000000010000000110000000000001000000000000000000010000000000001000000000000000010000000000011000001000000100000000000000000000100000000010010100000000100010
000000000000000000000000000001000000001000000000100000001000000000000000001000000100010000000000100000000000010000000000000000000000000001001000000000000000000000001000000100000000000000110000000000000000000000000000000000000000000001000000001000000001000
000100000000000011000000100001110000000000000000010000000000000000000000000100010000000000010000001000010000000000000000000001000110000001100000000000101010001000100000100000000000000000000000100000000100000011010000000100000000000000000000000000001000000
000000000000100000010000000000000000000000000000000000000001000011000000000000000000000000000100101000000000000001000000000000000000001010000000000000000000000000000000000000000010000000010000010000000000000000000000000000000001101000000000100000001000000
001000000000000000000000000000000000000000011100000010000100000000000001000000001000000000000000000000000000100010000100000000100000000101000000000001000000011000000000001000000001100000000000001000000100110000000000000000000111110000000001000000000000010
000000000000000000000001000000000100001000000001000001000001000000000000010000000101000000000000000001000000000000000000000000001000000000010000001000000000000000000100000100000000000000000000100000000000000101000000000001000000000010000000000000000000000
000010000000000100000000000000010000000000000000010001000000000000010010000000000000000000000010000100001000010000000010010100000100000000000100000000000000010000110000000100000000000000000001000000000000000000000000000000000100000000010000000000000000100
000000000000000000000010000000000000000000001010000110000000000000000000000000000000000100000001000000000000000000000010000000001000000000000001000000000000000100000010010000000000010100000000000000000000000000000000001000000000000000000000000000000000010
010000010000000100000000000000000001000000000000000000000000000000000000000000000010000000000001100001000000000000010000000000000000000000000000000000000000000000000000001000000110000000000000100000010000000100010000100001010000000000000100000000000001000
001010000010000001000001100000000000000000000001001001000000000000000000000000010000000000000110000000000000011000000000100010000000000000000010000000000000000000010000000010101101000000001000000100000010000000000000000000100000001000001000010100010000000
000000000100000000010000010000100000000000000000000000000000000000100010000000000000000000000000000000000001110000000100100010000000001010010000100000000000000000000010100100000000000000000000000001110000010100100010000000000000000000000000000000000000000
000110000001000000000100000000000000000000000011001000000000000000001000000000000000000000000000000000100001000000000000100010010000000000010000000010000000000001000000000100000000000000000000000000011000000001000000000000000000000000000000000100000001010
000000000000001000110100000100000000000000000000000000100000000000000000000101000000000000000000000000000101000001100000000000000000000000001000101000000000000100000010000000000011000000000000000100000001001000000000000010000000000000000100010001000100000
000000000000000000100010010000000000110000000000000000000000001000000000000000000001001000000010010100000000000001000000000000000100000000001000000000001000000010000000000000001000100000000000000000000000100000000000101010000000000000000000000000010000000
000100010000000010000001000011000001010101001001000000000000010000010000000001000010000000000000000000000000010000000100000000100001000000000000100000000000000000000000000000000001000000000001000000000000100000110000000010000001000001100000000000001100000
000000000000000000000000000000001000000000000000000000000000000000000100010000000000000000000000010000000100000000001000000000000000100000000100000000001000100000000000000000000001000000100000010000000000100000000000000000100000000000000000100010000000010
000000010000000000000001000000100010001000000000000000000000000100000000011000000000000000000000000000000000000000000100000000000010000010100000000010001000000100000000100000000001000000000000001000000000101000000000000000010100000000001000000000000000000
000010000000000000000000100000000000000000000000000000110000000000000000011101010010000000000001000100100000000000000001100000000000000000000000000000000000000000010010000100000000000000001000001000001000000011000000000000010000000000000000000000000000000
000000000000010001010000010000000010000000000010000100000000100010000001000000001010000001000101010000000000000000000000000010000000010000000000000001000000100000000000001000000001000000000000000000010010000000000000000001001000000001000000000000000000000
000000000000001000000000000100000000000000000000000000001000000000000000000010100000000000010000000010000001000000000000000000010100000000010000000000100000000000000000000100000000000010000000000000010000000100000000100100000100000000001000000000010000100
001000000000000001100000000000000100000000000000000000000000000100000000000000001000100000000100000110000000000000000000001000000010000000000000000000000000000000000000010100000000000000000000000000000000000000011010000101000000000100000101000000000000000
000000010000000000000000011000000000000000000000000001000000000000000000000000000000000000000001100000000000000000000000000000000001001010100000000000000100000100000000000000000000000000000010000000000000000000000000000010000001000110000000110000000000000
001000000000010000010000000000000000000000000000000000000100000000000000000000000100000000000101000001001000000010100000000000000100000000000000000011001000000000000000000000000000000000000100000000001000010000000000001000000000100000000000000001000000000
000000010000000000000001010000110000000000000100000100000000000000000000000000000000001000000000000010000000000000001000000000000000000000000000000000001000000000000000000000001000100000011000000000010000001000000000110001000001001000000000000000000001000
000000000001000001000001000000010000000000000000000000000000000000000000001000000000000000000010000000000000000000000000010011100000000001000000000000001000001100000010000000001000000000001010000000000100101010000000000010000100000000000000000000000000100
001000010000000000000000000000100000000010000000001000001000000000000000000100000000001000000000100101010110000000000000000101000000000000000000000100000000000000000000000100001000000000000000000000000000100000000000000010000000000000000000000000010000000
000000000000000000000000000101010010100000001000000000000000000000000000100000000001000000000000000001000000000000000100000100000000000000100000000000000000000000000000000000000000000010000000000010000000000000000000000000011000100100000000010000000000011
000000001100000010000100000000000000000000000001000000000000000001000000010100001000100000100000100000000000000000000000000000000000110000000000000000000001001000000010000000001000100000000001000000000000010000000000000000000000000100000000010001000000000
000001000000000000000000000000010000000100000000000000000000000000010000100000000000100000100010000100000000000000000100001001000000000111000000000000000100001000000001000000000100000000001000000000000000000010101000000000000100000000000000000000000000000
000000000010010000000010100000100000000100001000000001010000001000100000000100000010001000000000000000100000000000000000000000000000000000000000000000000000000000000000000001000000000100000000000000100000000000100000000000000000010100000000000000010000001
000000101000000000001000010000100000010000010011000000000100000000000000000000010000000100111000000000001100000000100010000000000000000000000100010000010000000000000000000001000010000000000000000010000000000000100000000000100000100000001000010000000000000
000000000001000000000001010000000000000000000000000000000000000001000000000010010000000001000000100010000000000010000000000000000000000000000000000100000000001000000000000010000000010000000000000000000000000000000000000000100000000101000000000000000001000
000010100000010010000000000000000000000000000100000001000010000000000000001000010110000000000000000000001000100000010000000000000000100000000000000000000010000000000010000000000000000000000000000000100000000000010000000000000000100000100000000010000000100
000000111000000100000000010000000000001100010000000100000000000100100100000000000000010000000100000000000010000100100000000000000100000000000000001000000000000000010001000000010000000000000100000000010000000000000000000000000000000000000000000000010100010
000000001000000100001001000000000000011000000000000000001000000100000000000100000000000000010000100100011000100000000011001000000000000000010000001000000000000100000000000001000000000000000000000001000000000000000000000010000000011000000000000000001000000
000100000100000000000000100001000000001000000000000000000001000000000000000000010100110010000000000010100100100000000000000000000001001000001000000000000000000000000100000000000000000000000000000000000010100010000000000000000000000010000001000000001000000
000000000000000000011000000000010010010001001000000000000001000000000000000000000010000000000000000001010000000000000000010001000010000001000000000000100000000000000000000001000000000000001000000000000100100001000000010001000000100000000000000000000000000
100000000000000010000000000000000000100000000000001000110000000000000000100000110001000000000000000000000000000000000000000010100000000000000000010000000000000000001000001000010000000001000000000100000000000000000000000000000001000000000100000000000101000
100000000000000000010000010000000000001000100000100000000000000000000000000000001000000000000001000000000000000101000000000000000000000000001000000000110010000010000000000000000000010000000000000000100100000000100100001000000100000001000000000010000000000
001010000001010000000010000000000101000000010000001000000001000110000000000000100100001000101000000001000001000000000000000000100010000000000100001100000000000000100010000000000011000000000100000001000001000001000000000000000000010000000000000000000000010
010000000000000000000000000100010000000000000001000000000000000000001100000000000000000000000000000000000000000010000001000000001000000000000000000000001000010000000000000100000001010100000001000100000000000000000000000000000001010001000000000000000000000
100000000000000000000000000100000000000000000000000001001000000000000000100000000000010000000000000100000000000000000000001000010010000100100000000100010000000000010100001000010000001000010000010101000000000101000000000100000000001000000000000000000000000
000000001000000000000000000000100000000100000001000000010000000000000000010000000100000000000000000000100000000000000000000000000000000000000000000000000010000100011011000000000010000010000000100010000001100000000100000000000001001000000010000000000110011
001000001100000000100000000000000000000000000000000000000001000101010000000000000000000000000001000010001010010000000000000000100000000000001000011001010000000000000000000000000000000000000000000000000000100000000101000000000000000000000000000000000010000
001101001000000000000000000001000001100000000000000010000000101000000000000010010000010010000000100100000000000001000000000100000000000010100000000000000000000000100000000100001001000000000000000100001000000000000000100000000000000000000100000000000000000
000010000000000000000000000000000000000000000100000000000000010000100100000100000000000000000000001000110001100100000001000000000000010000000010000110000000010000110000000000000010010100001000010000000000000100000000001000100000010000001000000000000000000
000100010000000000100000010001000000000001001000000000100100000001000100000000010000001010000000000000000000000000000000000000000000000000010000000000000000010101000010000000100000001000000010000000000000000000000000000010000000000000000000000000000000000
001000000000000000000100000101000000000000000000000010010000001100000000000000010000000000011000000000001000100000000000000000000000000000000010000010010000001000000000000000100000000010000000000000000000000010000000100000000000110101100100000000011000000
000000011100000000001010000000010000000101100000000100000000000000001000000000000000000100000000000000001001000000000000000000010000010001000000000010010000000000000000000000001110001000000001001000000000010010000000000000100000000000010000000000000000100
000000001000001000001010000000000100000000010000000001000000000000000001000000000000000000000000000000000100100001010010000000000000000000000000001101000010100000000000100000000000000000000010000001000000000000000000010000000000000000000100000000000000000
000101000000000000001000000000000000000000000000000000010000010000000100000010000000000001101000000001000001000000000000000010100000010001000000001000010100100100100001000000000000000100000000000000000000000000000000000000000100000000100000010000000000000
100001101110001100000000000000100000000001000101000001000000000000001000000100000000000000000000000100000000000000000000000000010000000000000000000000000000000100010000001000000000100000100000100000000100000000111000010000000010000000000000010000000001000
100000001000101100000000000000000001000100000000010100000000000000000000001000010000000000110000000100000000011000000000000000010000100000010101000000000001100100000000000110000000000000000000000000100000000000000000000000000000000000000000000000110000000
000000010010000000100000000000000010001000000000100000000010000000010001000000100001100010000000000001001000000000000000000000000000010000000000000010000100000010000000000101100000000000000001000000000001000000000100000000000000000000001000000000000000000
000000000010000000001001000000000000000000000000000011010000010001000000000000010100100000000100000101100000000010100000000000001000000000000001000000111001110000000000000000000000000000000000000010001000000000011000010000000000000000000000000000000000000
000000000000000000000000000000000000000000010100000000100000001000001101000000000000001000000001000000010000010000000000000000000000001000000010000000100000000000110000100000000100000000000000100000100010000010000000000000000000000011000000000000101000000
001000000000000000000000000000000000000010000001000000000000010000000010000001000000010101000000000000000000000000100010010000000010000001000000000000000001000000000000000000000000000000000000000001000000000010000000000000000000000000000001101100111001010
000000001000001000000000000000100110100000000000010000010000000000000001110000000000010000000100000000000000100000001000000010000000000000101100000010000000000000000001000000000001000100000100000000000000000000000000000000000001000000000010000000000000000
000000010000000000001001000000100000000000000101100000010101100011000000100000100000000000000000000000000100000100010000000100100000100000000000001001000010000101010000110000001000000000011000000000000000100000000000000000000010000000000010001000010000001
000000000000000010000000000000100000000000000000000000000000100000000001000000000000000000100000000000000001001000000000000000010000000010101000000000000000100000001001000000000000010000001000010001001010000000000000000000000000000000000000000010011000000
000000000000000000000000010000000000100001010000000001000000011000000001000000000000001000000100000001010001000000000001000100001000000000000010100000000000100001100001001000000110000000000000000100000000100000000100000000100100000000000000000001000000000
000000000010000001010000000000000000000010000100100000000100100010000000000000000000000000000000000000010000000000000000000100000101000000101001000001110000000100000000000000100000001000000000100000000000000000010000000000000010000100000000000000001000000
001000010000011000000000000000000010000100000000010000100000000000001001100000000000000000000010001100011000000000010110000000100000000000000001000000110000000000000000000000100000001000000000000000000000010000000000000010001000000000000100000000001000000
000000000000000010100010000000000000000000000000000000000000000000000010000000010000000000000000000000000000001000000010001000100010000000000000000000000000000000000000000001000000000000001100000000000000000000000000000010000000000000100000001001000010000
110100001000000000010000000000000000000000000000000000000100000000000000000000010000000001000000000000010000100000000100000000011001000000000100000000100000000000000001000000000000010001000100000001000000100000000000000000100100000000000000000000000000100
000000000000000000000001000000000000000000001101000000000000000000000000000000000000001100001000000000000000010000001000000001000000000010000010100110000000000000010000000000000000000000000000000000000000010000000010000001000000000000000000001000000000000
000000000011100000000000001000100000000100010010001000000000000010000000000101000000000000000010000000001000000000000000110100000000000000000000000000111000000000000000000000000000000000000010100000000000000000000000000000000000000000000000010000010000000
000000001010000000010000000000001100000000000000000001000000000000000010000000000000000000000000100010001000000000000000000000000000000100000000000000000000100001000000000000000000001000001000100100000000000000100000000000000000000000000000100000011000000
000000000000000000000100010110000000000000000000000001000000000000000000000000010001000000000000000000000000000000001000000000000100000010000001000000010000000000000000001110000000000000000000000000000000000000000000000000000000000000000000001000000000000
000001000000000100000000010000000000100000000000000010000000000000000000101000001000100000000000000000000000011000000010000000000000000000000010000000000010000001000000001000001000000000010000100000000000000000000000000000000001000010000000010000010100000
000000000000000001000000010000000000001000000000000000000000000000000000000000000000101010000000000000010000000000001100101000000000001001000000000010000000100010000000010001010000000000000000000110000001010000000000000000000000000000010000011000001000001
000000011000101000000000000010000000010000000000000000000100000000000000000000000000100100000000000001000000000000000000000001010000000000000001010000000000010000011000000001000000100001110100000000000000000000000100000000100000000000010000000001001000000
000000000000000100000000000000000001000000010010000000001000000110000010010000000000000100000000000000000100100000001011000000000100001001000000000000000000000000001000000100000001000000001010000000000000000000000000000000000000001000000000000100100000001
000000100000000000000000000000000000000000000001000000000000001000000000000001000011000000110000000000000010000010010001001000100100000010000000000000000000001000000000000000000000010101000010000000000000000000000000000100100000000101000011010000000000011
000000000000010000000000001000000001000010100000000000000000000000001000010100000000010110001000001000000011000110000000000101000000000001000000000000100000000001100000000000010001100000000010000000001000011000000000000000010100000000000000100000000000100
000000000000100000000000000001000000100000000000100000000000000000000000000000000001000000001000000000000100000000000000100100010000000000000000000000000000000010000000100000000010000100000001000000010000000011001010001000001000000000000001000100000000000
000000100000000000000110000000000000000000000000000100110000000000000000000000000000000010000110000000000000000000000100000000000000000000110001000000001000000000000000000001000000000100000000000000010000010000010000001000101000101000000000000000000000000
000000000100000000000010100000100100000000000000000100000001100000000100001000000000000010000100001000000000001000000100000000001000000100000010000000100001000000000100000000000000011000001000000001000000000100100000001000001000000010000000000000010010000
010000000000000000100000000000001000000000000000100000000000000000000000000000001000001000000100000000000000000000000000000000000000000000000000000000010100000000000010000000000110000000000000010000000000000000000001000000000000000000000000000000000000000
010000000000000000000100000000000101000001010000000001000101000000000000000100000000000000000000000000010000100000000000000000000000000000000000000010000010000001000000000000010000010100000000000000000000000010000000000000000000000000000000000000010000100
000000000000000000000010000100000000000000001000011100000000000000000000000011000000000000000000000000010000000000000000000000000010001000001000000000000000000001000000000000000000000000000000000000000000000010010010000000010000010000000000000000000000001
000000000000000000000010001011000000000000000000000000000000000000000000000001000000000000010000010000000101000000000000000000000000010000000000001000000000000000000100000000000000000000100010001000000100000010000000000000000100001001000000000000000000000
100000000000100000100000000010100000000000000000000010000000000000000100000000000000010000000000000001000001010010000000000000000100001000000000001000000000100010000000000000000010100000000001010000000000001000000100000000000000100000000010010000000000000
100000000000000000000000000000000000000000000000000000100100000000000000000000001000010000000000000000010000000000000000000011000010000000000000110000010000001000000000001000000001000000000000000000000000100001000010000000000010001000100000011000000000000
000000000000000010000000100000000000100000000000000010000001000000000000000000000111000000000001000000110000000000000010100010000000100001000000000000100000000000000000000001000100000000000000100100000000000000100000000000011000000000000000000000000000001
000011001000100000000000000000000000000000000001000000000000010000000001010000001000000000000010000000000001100010000000000010000000000100000010000000000000000100100000000100010000000000100000001000100000001100010000000100001000010000110000000000000000000
000000000000000000000000110100000000100000000000000000110000000000000000000100000000000000000000010000000000100001000000010000000000000000001000010010000001000000000000000000000010000000010010100000000000000000001000001001000110100000000000000000001000000
000001010000010001000000000000000000100000001000000000100010000000010000000000100000000000000001001000000000100100000000010000000000000000000000010000000000001000000001001100000000000000000010000110000000100000000000000000000000100001000000000000000010000
000000000000100000000000010000000100000000010000000000000000000001000000001000000000000001000000000000000010000001101000000000000000000001000000001000000000000100000000000000000000000000000010000000010000001000000000000000000000000000001001110001000001000
100001000000000001000000001000100000100010010000000000000000000000000000000010000000000000000000000100010000010100000000000000000000100000100000000000000000000000000100010000000000000000100000000000000000000000000000010010000000101000000010000000000100000
000000000000000000000000000010000010000010000000100000000000000000000000000001000000100000000000000000000000000000000100001000000001100000000000000101000001000010100100000000001000000000000000000010000000000000000001000100100001000000000100000100000000000
000000000101100010001011000000100000000000010100001010000101000001000000000000000001100000000000000000000000010010000000000000100010000000000000000010001000100001000000100100000000000000010001000000000110010000000010000010000101001000000000000000000000000
011100010000000000000000100000010000000000010000100000000001000010000010000000001000100000000010000000100000000000001100000000010010000000000100000000000000000000110000000101000000000000000000000000000010010000000010000000001000000001010000000000010100010
000000000000000001000000000100000100000000000000011000100000000000000000000000000001000000000000000000000001000000000000010010000000000000000000000000000001000000000000000000000000000000000100010000000000000000001100000000000000000000000001000000000010000
000000000000000000000000000000000100010000000000000000000110000000000101000000001000010000000000101000010010000000000000000100010100000000001001000000000000000000000000000000000001000000001010000000000100000001000000000000011000000000000010000010000000000
000000010000000001100000001000000000000001000000000000000001000000100000100000001000100010010111000000000001001000000001000000000110000010000001000000001100000000100000000000000000000000000001000000000000010110100000000000100000000100000010000000010000110
000000000010000000000000000001000010000000000000000000000000001110000001000000000000000000000001000000000000000000000000000000000000000000000000000000000000010000000000010000000001000000000010000000000000100010100000000010000000000000000000000001000010000
000001001000000100000010000000001000000000001011000000000000000001000000000010000000000100000000000010001000000010001000001000000001100000000000000000110100000000000000000010000000000011000000000000000000000000000000000001101000000010000000000000000000000
000000010000000000000000000000000000000000000000000000000000000000000010000000001000010010000000000000000001000010010100000000100000010000000000000000000000100000000000000010000000000010000000011110000001000100000000000000010001001001110000000000000100000
000000000100000000100000101100011000000000010000000000000000001000000000000001000010000000000001000000001000000001000000000000000000000000000010000000000000000010100000100000000001000100000100000000000000000100000010000100000000000000000000010000000010000
010100000000000010000100010000000101000000000001000000000000000010000000000000010000000000100000000000000000010000000000100000000010000010000010100000101000000000000000000000100000100000000010000000000001001000000000000000000100000001000000000101000000000
000000000000100000000000000000000000100000000000000000000000000100000000000010000100000000000100100000000000000000000000000100001110000000001000000101000001000000010000010000000000010000000000010000000000000000100000000000000000000000010000000000000000001
000010100000001100000000000000000000000000000000000000000000010000001000000000010000000001000000100010101000010010010000000000000000010000000000010000000000000000000000000000010100100000001101100001001000001000000001000000000000000000000000000001000000000
010000000000100000000010000000100000000100001000100010000100000000000000000001000000000000000000100000000000000000000001000010001000000000000000000000000000000001000000000000000000000000100000000000000100010001000000010000000000100000000000000000000000000
000000000000000000000000010000000000000000001000000001000000110000000000000000010000000001000100000000000100000000000001010000000000000000000100000000001000000000000000000000100010000001000000000100000010000000000000100000000000000100000011000000100000000
000000000000000000010001000000100000100001000100000100001000000100000000000000000000000110000000000000001000000100010000001000001000000001000101000000000100100000100001000010000010000000000010000000000000000010000000000000101000010000000000000000110000010
100000100000000000000000000000000100000000000000000000000000000100100000010000000000000000000000100000000000000100000000000100000000000000000000000001000101000010000000000000000001000010100000100001000001000001000000100000000100000010000000000000000010000
000100000000010000000000010000000000000000101010000000000000000010000000010000000000000000100000000100000000000000010000000000000000000000000001000000000000000000000000010010000000100000000000000000100000000000000000000001000001001000000000000000000000110
100000000000000000100010000100100000000000000000010100000000001100000000000001000000000000110000100000000000010001000000000100000100000000000100000000000010110100100000000010100000000000000100000000000000100000000000000000001000000001000001000000001001010
000100001001100001000000001000000000000000000000000000000110100100000000000011001000000010100000000000000000000100000000000010000000000000010000000000000100000001000000000101010001000010000111000001010000000011000000000010000000000000000000000000000000000
010010001001000100110000000000000100000100000000000000000000010010000100010000000100000000000000000000000000000101000110000000000000001100000000000011000000001001001100000100000000000000100000000000000000001000000000000000000000100001011000010100000100000
000000001000100000000010000000100101100000000000000001010000000000000000100001001100000000000001000000000000010100000000100010000000000001000000000010000000000100000000001000000000001100010000000000000000000000011100000010100000000000000000000010000000000
000010000000000001011000001100100000010000000000010000000000010000000000000000000100000001000000000000110000000000000010000000100000000000000000000010000000000000000000000000000000000000100000100000000000100010000000000000000000100000000000000000000000001
000001000000000000100001010000000011000000000000001000000000100000000000000000000010000100000100000000010000100000000001000000100000000000001000000010000000000000000001001000000000000010100000000010000000010000001000010000000000000000100000000000110000001
000000000000000001000000000001010000000010100000000100000000000000000010000100000000000000000000000000000000000001000000000000000000000000100000000001000000100001000000010001010000010100000100000000000000000000000000000001000000000101000000000000000000000
000100110000000000010000100000000000000000001000000100110001000000000000100000000100000000000000000000010000010000100000000000000000000000000000001000001001110010100000000010000000000000000000000000000000000000000000000000000000000000000010000000000000000
000000000000010010100000100000000000000000000000100000000000100000000010000001000000011000000000000000000000101000000010000000000000000000000001010100000000000010000000001000001000000000000100000000000000000010001000000000010010000000000000001000000000000
000001000001100000000000000000000001000000100000000000000000000010000001010100000000010010000100000000000000000000000000000000001000000000000000000000000000000001000000000000010000000000000000000000000000000000000010000000000000000000000010000000000001000
011000100000000000001000000000001000000000000000001000000001000000000100000000001000000000000010000000000000001010000000000000000000010000000000000000000000000000000000100001010000000000011000000000010000000000000000000000000000000000010000110000000000100
000010000010000001000100000000000100100000000010000000000000000000000000001000000000001000010000000000000000000000010000000000000000001010000010000000100000000001100000000001000111000000000000000000000000100000010000000000010000000000000000000000100000000
000000010000010000000000000000101010000000001110010000000000000000000001000000000000000000100000000000000000000000000100000000010000000100000000000000001100000001000000000000100000000001000001000000000000000000100101000000000000000000000000000000111000000
000000000011000000000000001000001000000000000000001000000010000000001010100000000000100010000000000000000010000000010000000000000000100000110000000000001000000000000000000010000000000000100000000001000000010000000001000000001000001000000000010001000000000
000000000011000100100000010000001000000010100000001000010100010000000000000000000000100001000000010000000000001000000000000000000000000000000000000000000000000000010100000000010010000100010000000000100000000010000000000000000010000000000000000010000000000
001000000100000000000000000000000000000000100000000001000000000000010001000000101000001000100000000000100000000000000001000000000010000000000000000100100000000001000100000000000001000000000010001000000000000000000000011000000000000000000000000000000010000
000000000001000001000000000000000110000000000000001001000000000000010010000000000000000000000000000000001000000000010000011001001000010000000000000000001000000000001000000000110001000000000000000100010010000000000000010010000001100000010010011000000000000
000000000010000001000110000000000000000000010000000000000101000000001001001000000000000000000000000100010000000000100110000000000001000000000000100000000000000010010000010000100011000001000000000100000000000000000000110000000000000010001100000000000000000
000000000000000001110000000000100110101010101000000000001000100000000001000000000000000000010000000000010000000000100000000000010000000000000010000000000000010001100000000000000001000000001100000000000000000000000100000000000000001101000000000000000000000
001000000000001000000110110000000000000000000100001000000000100000001000000001100000000000100000000000000000000001000010100010001000000000000000000000001000100000000010000000100000000000001000000000100000000000000100010000000000010001000010000001000000000
100000000010000000001010000000000001000000000000000000000000110010000010000000000000010000000010000010000000000000000000100000000000000000000001000000100000000000000000000001000000000000000000000000000000000000000000000100000000000000000000010000000000000
000100000000000000000000100000000001000010000000000000000000000001010000010100100000000000000001000010000000000000000000010001000001000000000001000000000000000000000010100000000000000010010000000000000100100000000110000000000000000000001000000000000000000
000010000010000000010000000100101000100110000000000000000000001000000000011000001010000011000000000000000001100000000000000100000000100100100000000000000100000010100000000100000000000000000000000110000000000000000000001000000000010000000000000000000010000
001101000000000000000010001000000000100000000000000101101000000000000010000000000000000000000010000000000000000001100100000000000000000000000100010000001100000000000000100000100000001000000001000001000000101000000000000000000000000000000000100000000000000
000000000000001000000010100000000000000000000000000000000000000000000000000000000000100000010000000100000000000000000010100000000000000100000010000110100000000011000000000000000000000000000000000000000000000000000010000010000000100000000000000000100000000
000000000000001000011100000000010100100010001000000000000100000000000000000100000000000000001000100100000000000000111000010000000100000000000000000000000000000000000000000000000000000000100000000100000001000000000001001000000000000000000110000000100000000
100001000010000000000000000011000000000000000000011001000001100000000000000000000010100000000100000000000000000000000100001000000000000000000000000000001100000000000010000100000000000001000000000000000000000010001000000110000100000000000000000000100000000
000100000001000000000000001100000010000000000000000000000000000000000011001000010000000000000000000000000010001000000000001001000000000000001000101001100000000000000000000000010000000000010000000000100010000000000000100000001000000000000000000000000000000
000000001100000000000000000000000000100000000000000000000000000010010000000000100000000000101000000000000000000011000000000000100000010000010011000000000000000000010000000000000000000000000000000100001000000000000000000000000000001000000000000010000000000
100000000000000000000011000000001000000000001000100000000000010000001000000000000010000001000000000000000000000010000000100000000000000000000100100010000000000110000000000000100000001000000000000000000000000001000000000000000000100000000000000001100010000
100000000000000000010000000000000000000000000000100000000000000000100000100001000000010010000000000000000000101000001100000010000000000000000000010010000000001000001000100000000000000010010000000001000000000001000110000000000001000001000010100100000100000
000001000000001000100000000101010000001100000001000000000100000000000000000100000000000000000000000000001000000000000001100011000000000000000000100000000001000000010000000001000001000000100000000010000000000000000000010011101000010000000000001000000000000
000000100000100001000000000000011000000001000000001000010010000000000000000010000000000000000110000000001100110000000100000010000000100100000000000001000000000000000000000000010000000000000000000100000000000000000000000000000000011000001000000000000000000
000100000000000000000010001000000010000000000000000000000000001000000000000000000011001000000000000000000010000000000000001001000000100100000000011000010001000001010000100000000000000000010001000001000000100000000010000100100000000001000010100000000010000
000000000000001010000000000000000010000000000010010001000001000000010000000000000001001000000000000010000000000000100000000000000000010000000000000000000000010000010010010000000000000000000110011000000000000001000000001001000010000010000100000100001000000
000000000000100000110000000000000000000100000010010000000100000000011000000000000000000000000000100000010000000001000000000000000000000000000000000100000000001001010000000000000001100000000000100000000000000000000000100000000000001000001000000000100000000
010101000010000000000000110000000100000000000000000000000000000000000100000000000000001000000000000100000000000010010100000000000000000000000000000000000000100000000111001000000000000000011000000000101000100001100000000000000000000000000000001000001000100
001101001000000001001010001000110000000000100000000000000000010000000000000001000011100000000000000100000000000000000000001000000001000000000000000010000100000000000000100010000000000000000100110100000000001100001000000000000000001000100000000000000001000
000000000100000010000100000100000000000000001000000000010000000000000001000100010000000000000000000110000000000010100000000100000000001000000100000000010000000000100000000000000000000010000000000000100011100000100000000100000000000000000000000000010011000
000100010000000000001000000100001001000000000000000010000001000010000001001000000010000100000000100000000000000000001000000000000000010000000011000000000010110100000000000000000000000000000000000000000001000000000000001000001000011010100000000000010011010
000110000100000000100000000100000000100000010000110000000000010010000000011000100000000000110001010000100000000001100000000010000011000000000000000000001001000000000000000000000010100000000000000000100000000000000000010000000000010001000100000000000000001
000000000000001000000000000000000000000000000000000110000000000000000000000000000100000100000101000000000000100100001010001000100000000000000000100000000000000000000001000000000100000000000000000000000000000000010100000000010010000000000000000000001000000
000000000100000000000000000000001001000001001001001000000010000000010100000000000000000011000000000000000000000000100000000000000100000100000000000000001000000000000000000000000000000101000010000000000001000010000000000010000000100001010000000000100000001
000000000000000000000000000000000000000010000100000100000111000001000000000000000000010000000000001010000000000000000000000000000000000010000010000100000000000000011000000001001000000000000100100000000000000000000001100000000000100000000001000000000010000
000000100000000000010000000000010000000000100100001000000000000101100000000000000000000000001001000000000000000000000000000001000000000000001000000000010001000100001000000000101000000000000001010000010000000000000100000100000000010000000000000000001000000
000000000000000000000100000000000100000000100000000000000000000001000000000000000000000000000010100100000000000000000000010001000000000000000000100000001000000000000000000000000000000000000000000000000010000010000000000010000000000000000000000010100000000
000000000000010000000000000000000000000100000000000010000000000001000000000000000001000000000000000010000000001000000000000000000000000000000000000000001000010000000000000000000000000001001100000010000000100000000000000000000000000000000001000000000000000
100000100100000000010000000000000000000100001000000000000000000000000000000001000000000000010000010001010000010000010001000000000000000000000000000000010000000000100000011000000000000000011000100000000000000000000000000001000000000000000001000000000000010
000001000000001000000000000000000000000011000000000000000010000011000000000000000000000000000000001000000001100100000000000001011010000000100001000010001000001000001000010000100100000010000000000100010000000000001000000000101000000000010000010000100000000
000000100100101001000000100000100010000100000000001000000000000000001000000000000000000100000001000000000010010000000000000000000000000000000010000000000000000000000000000010000100000000010000000010000000000000000000000000001000000000000001001000000000000
000000100000000000000000000000000000000000000000000000010000000000000100000000000000001001100000000000000001000000001000011000110000000010000000100000000000000000000000010001000000000000000000000000100000100000000110000000000100110000000100000000000000000
010000010000000000000000101000110000000000000000000100000010000000010100000000000000000100000000000001000000000000000001000100000000000100000000000000000000000000000100000000000000000000000000001000000000000000000010000100010010000000000100000000000000000
000000000000010000000010000000100000000000000000000000000000000100000100100000000000000000000000000000000100000100000000000110000000000000000001000001000101010010000000000000000000001000000000000110000000000001000000000000000000110000000000000000000010000
010000000000000001000110000000000011100000000000000000001000000000000100000001000100011000000101000100000000000000001100000000000000000000000000110000000000000000000001000000000100010001000000010000000100000000000000000000010000000100100001010000001000000
001000000000000000000000000000010001000000001000001000000000010000000000000000100000010100000010001000000000100000000000000000100000000000000000000100000000000000000000000011000000000000000000000000000000100000100000000010000000000100011000000010000000000
0 0
254 254
