25 25
0000001000000001000100101
0101001000010010000000000
0000000100000000100000000
0001000000100000000100000
0000000000011000000000101
0001001000000001000000001
0000010000000000010000000
1000000000000010000000000
1000000010010000000010000
0000001000100000010000000
0000000000000000000000001
0010001110000010000100000
0100100010100000000000000
0000000000000010000000000
1010000000000000000000100
0001000000010000010000001
0000000000010001000001000
0100001000000100000000000
0010000000000000000000000
0000000000001000010000000
1000000100000110000100000
1000000000000000000000000
0011000001000000000000000
0000000000110010000000000
0000001100000000010000000
0 0
24 24
