20 25
1100000000010000000000000
1000010000010001000000010
0000001000010000011001100
0001000001100000100000000
1100011001010000000100000
0000110000010000100010000
0000000000100100000010010
1000010001000000010001000
0001000100000010100011001
1000011001100001000000001
1000000100111000100001000
0000000001001000100000000
0010001010101000000010011
0010000000001000000110010
0000000000101000000001000
0000010001000010000000000
1110010000000000110100000
0110000000001000010000100
0010010000000000010010000
0000000010100000000000000
5 2
10 24
