265 265
0000000000000100000000000000000000000010000000011100001001010010000000000000001000000000000000000100000000100000101000000000000100000001000000000000000000000000000000000000000000000000000100000000000000000000000000000000000001000101000000000010000000000010110010000
0000100000100000000000001000000000000000000000000000000000000010000000000000000000000000001000000000000100000000000100000010000000000000000000000100000001000010000001000000001000000001000000001000000000000000000001000000100011000000110001000000010000000000100000000
0001000000010000000100000000000000000000000000000101000010000000000000000000000000000000100000000010001110000000111000000110000000000000000100110010000000000000000000000000000000010000000000000000000100000000000000000000000000000000000000110100000000000000000100000
0000001001010000000000001000000000000100000000000000000000000000000000000010101000000000000000000000100000000010000000000000000000000000010000000000000000000000000001000000000011000000000010000000000000000010000001000000000000000000000001000000000000000000100000010
0000000101000000100000000000100000000000000000100000000000001000000000000100000000000110000000000000000000000100100000000001010101000000000000000000000101000000000000001000000000000000000010000000000000000000100000000000000000000110000000000000000000000000000010010
0001000000000000000000001100001000000000000000000000000000000000000000010000000000000001000000100101000000000000100000010000100000000000010100000001000000001010000000000001000000000000010000001000000000000000100000000010000010000000000000000000001000000100000000000
0000000010000000110000000000010000000000000001100000000010000000001000000000000000001110000000000000100000010000100000001000010000100000000000000000000000000000001000001000000000000000000000000100000001000001110100000000000110001000000000000000000000000001000000100
0000000000000000000000000000000000000000000000010000000000000000000010010100000000000000000000010000000000000000000000000000000000100000000000000000000000000000000000000010000001000000000101100000000000010000000001000000000000000000000000000000000000000000000010000
0011000100000000100000000000000010010010000001000000001100000000100000000000100010000001000000000000000000001010100000000000100000000010000100000000110000000000000000000000000000000000000000000000000000000000000101110011000000001000000100000010110000100100100000001
0001000010100000000000000000000000000000000110000000000000001000000000010000000000100000001011000000000010000000000000001100001000000000000000011010000000000000000000000100000000000000010000000000010000000000000000000000000000000000000000000000001000100000000000000
0000010000000000000000000000000001001001000000000001000000000000000001010000000000000101000000000000000011000000100001000100000010000000000000001000100011000000000000100000000000000000100000000100000000100100000000000010000000000010010000000000000000000000000000000
0010010010000000000000000000000010001100000000100000000000000010000000100100000000001000010000000100000000000000000001000000000000000000100000000100010000000000001000000000000000000001000000000000110000000010000000000000010010001000000000000000000001000000000000100
0000000000000110000010000000000000001000000000000000100001000000000000000000000000000000000000010000000000000000010000000011100000000000000000000000010000000000000010000010100000101000000010000111010000000000000000000000000000000100000000000000000000000001000000001
0011000000010100000000000000000100000010000100000000110100000000110001000000010000000000101000101001000000000000100010000000000001010000000010000000001010000000001010000010001010000000000000000000001000010100000000000000000000000000000110000001010000000010100000000
0000000010000010100000000010110000000000000000010000000000010100100001100000000100000001000000010011000000000000000010000000000000000010100000000000000100100000000000000000000000000000100000000000000100000000100000000000000010000000001000000000010100000001000000000
1000000100001001000000101000000000100000000000000100000000000000000000001000000000001000010000000000000000000000000000110000000000100000000100000000000000000000000000000000000010000000010000000000000000010100100000000000000100000000000000000000000000000000000000000
0000010000100000100000001000000000000001000000000000000001000000101000000000000000000000000100001000000000000000000100000100000000100000000000001001000000101000001100000000000000000000001000000001000000000000000000100000000000000000001001000001000000000001000000001
0000010000000001001001100000000000000000000000000000000100010000000010000000000000000000000100000010000011101000000000000000000001000010000000000010000100000000110101000000000010000000000000010000000000000000000010000000100000010000000000100000000000010000000001000
0000000000000000000001001010000000000100000000001010000000000000000001000010000000100101000000000000000000000000000000000010000001000000000000010000000000000000000000000000000001000001010000000001101010000000010000000010010000000000000000100000001000100000100010000
1010000000000100000000000000010000000000100000100001000000000000000000000000000000000000000000000000000010000100000000000000000001100000000000001000000000010000000000000010000101000000000000000000000000010000100000000000000001000100000000000000000000000000100001000
1000000000000010000000000000000000000001000000001000000000000010000000011000000000000100000000010000000000000000001100000000100001000001000100001000000000010000000000000000110000100000000000100000000001000000000000000010000000000000000000000000000000000000000100001
0000010000001000000000000000000000000001000000000010000000000000000000000000000000000000010000000000000010100000000000100100000000100010010000000000000000000000000000000000000000000000000011000000000000000000000001000000110000010000100000000000000000000010000000000
0000000000000000000000000000000000001000000001000010001000000000000000100000000000000000001100100000000000000001001000000000000100100000000000000010000100000000000000000000000010000000000001000000000010000001000000000100000001000000000000000001000000000000000000001
0000000000000000000001000100001010001000000000000000000000000001000100000001000000110000000000000000100000000000000100000000000000000000000000000000000100000000101000000100000100000000000100010000000000000000000000100000000011000001000000010000000000000000000000000
0000000000000000001000000001000000000000000001010000000010100000000000010001010000000000000000000000000100000100000000111000000000100100001110000000000000001100000000000000000000000010000000010100000000000000000000000000100000000000000000000000010000000000000000000
0110000000000000000000000000000000000000001010000000000000000000000000000000000000000001100001000000000000000000000000000000100000000000100000000000010000000000000000000010000100000000000000000011000000000000000000000100010000000100100000000000000000000000000001000
0001000000010000000000000000000000000000000000000001000000100001000000000000000010110100000010000000000000100010001000000000000000000001001000000000000000010000001000000000000000000000001000000000000100000011000010000000100000001000001000000010000000100000000100100
0000000000000000000000000100001000000110000000000000000100000000000000000001000100000000000010000000000000010000100000000000000100000100001000000000000000000000000000100000100000000000100000000000000010000000000000000000010110000000000100000010000000100000000000000
0100000100000000000000000000100100100000000000000000000000000000000001000001000000000000000001000000110100000000000000000000010010000000000000010000000000000000010000000000000001000000011000000000000000000000000000000000000000000000000110010000000000000000000000000
0000100010000111000000000000000000000001000000001000000000001000010100000010000000100000000000000000000000000000000010000000000000100100000000000000000000000000000100000000000100100000101000000000000010010000000000101000010000000000000000010000000000000000010000000
0000000001000100000000100000000000001000000000000000101000000000000000000000100100000000100000000010000000000000000000000001000000001000000000010000000000000000000100010000000000100000000000000000011000000000000000000000000000000100010000000000100000000000000000000
0011000000000010010000001000000000000000000000000001000000000000110010000000010000000001000000000100000000000100000000011000100000000000000000000010000000000000001000100000000010011010000010000000000001000000100001000000001000000000000000000000010100000000000000000
1000000000000000000100000010000001001000000000001000000101010001000001000000000000000000001000001010000000000010000000100010000000000000110100010000000000000000010000000010000000000000001010100000000010000000000000000000000001000000010000000000000000100001000000000
1000000000000000000000000000000000000000000000000000000001000000000010000000000000000000001000010000010000000000000000100001100000100001100000000000000000000000000000000000000000010000000000100110000000000010100000000001000000000000000000010000000000000000001000000
0110000100000000000000001000000001000010000110000000000000000000010000000000000010000001000000000000000000000101100000100000100000000000000000000000000000000000000100000000000000000000000001010000010000001100000000000000000000000000000100000000100000000010000100010
0000000001001000010000000000000000000000000001101000000000010000000001000000000000000000001100000010011000000000010000000000000100000000000000000000000000000000000000000000000000000000000000000000000000001001000000000000000100000010001000000001000000000000001000010
0000000000000000000100010000001001000000000111000000111000011000001000000000100000101000010010000000000001001101000001011000000000000000000010000000010011000000001000000100000000000000000010000010000000001010100010000010001001000000000000000000000100000100000110001
0000000100000011000000000001001000000000000100000000000000010100000000000000001000000000000000000000000000000100000000000000000000000000100000000000000101100000000001000000000001000000000000000000010000000100000000000000010000000000010000000000000000000010000000110
0000000010000000000000100000000000000101000000000001000000000100000000000001000000000000010001000000010000000000100000000000000001000000000000000010000001001000000000001000000000000000100000000010100000001000000010000001000000100001001100000000100000000000000000000
0001000001100000001000000000000000000000001000000000000100000000000000000000001010000010000000100000000000100000100001000000000000010000100000000100000000000001000000000000010000000000000000000000000000000000000000000000000000001000000000000000000010100010001001000
0000010000000000100000000000000000100000000000000000000000001000000000000011000001000000000000000000001000000000000001000000000000010000000000000100000000001000000000000010000000000000001000100000000000000000000000000000000000000001000011001000000000000000001000000
0001100001000100000000000010100000000000000001000000000000100000000010010000001000100000000000010000000000000000000000000000000010001000000000100000000000010101000000001010000000000000000001000010000100000000000000000000100000000000000000000000010010000010000000000
0000000000001100000000000001010000000000000100000000000000000000000000010000000000001000000000000000000100000000001000000001001110000000000000010000000010000000000000000000000000000000000001000001000000000000001000000000000100000000000000000000100000000001000000011
0000000001001010000000000000010001000000010010000010000000100000000000000000000000001000000000000001000000000000000100010010011000000000000001000000110000000000000000000000010000000000000000000001100000001000000000101000000000000000000000000000100000000000100000011
0000000100000100000000000001000000000010010000000000000010000000000000000000000000000000000000000010000000000000000000000000000100000000000000000000000000100001000000000000100000000000000001000000000000000001100000001100000000000001000000000100001000000010001100000
1000000000000000000000000010000000000010100000000000000000000000000001000000010010000000000001000000000001000000000000000000000000000000000000000000100000000001000000100000010000100000000000000010001001010000000000010010000010000000000001000000001000000000010001000
1000000100000000000000000100000000000000000000000000000000000000100000010000000000000010000000100000100010000000100100000100000000000000010010000000000000000001000010000000000010010100010001000000000000100000000000000000000000000000000000001000001000000000000000110
0000000000000010100000001000000001000000000100000000000000000001000000100010000000001000100000010000000000000100100000000100000000000100000000000000000000000001000100000000000000000100000000000000000000000000001000000000000001000000000000100001000000000000000000100
0001000000000000000001111000000000000000000000000000000000100000010000000000001110000000000000000000010011000000000000001010000000001000000000100000000000100010000000000000000000100000010001000000000000000000000000000000010000000000010100010000000001001010000000000
1000000000101000000000000000000000000000001000000000000000000010000001000000010000000001010000000001000100000000001010100000000010000000000000000000000000001010000000000000000000000010000011000000001000100001010000000000000000000000000000000010000000000000000000000
0000000010000000000000000100000001000000010000000000000000000000000100000000100000100010100000001000000000000000000000010000001000000000010000010000000000001000000001000000010000000000010000000000110000000001000000000000100010000000010000000010000000000000000001000
1000000000100000101010000000000100000000000000010000010000000000101001001010101000001001000000100000000000000000000000000000000000000000001100000000010000000100000000001000000010000000000000000000000000000000000000000000100000000000000000000001000000000000000010000
0010000000000000000000000000001000100000000101010000000000000010000000000001101000100011001000000000000000000000000000100000001000000000100000000000000000000010000000100000000000000000000000000000000000000000000000000000000000001110000100000010000000000000000000000
0000101000000000000100000000000001000000100000000000000000100000001000000000000000000000000100000000100000000000000000001000000001000000000001100000100000000000000000000000000000000000010000000100000000100100000000000100000000000000000000000000000000000000100000000
0000001000000000000000010000001000001000100000000000010000000000000000000000000000000001000000000101010000100001000000000000000100000000000100000000000100010000000000000001000000000000000000000010000000000000000000000000000010000000000100001000000000000010000000000
0000000000000010000000000000000000100010001000001000110000000000011000000000000100000010010000010011000010100000010000001000001001000110100000000000000010000110000000000000000100000000000010100000000100001000000000100000000101000000000001000011000000010010000000100
0000000000000000100000000000000000010000000000000000000100000000000010000000100000001000000100000000000000010000000100000000000100000001000000001000001001100010000000100010000000001000000010000000000000000000000000000010000010000001001000010000101000100001000000100
0000000001000000000100000000000000000000000000010000001001000010000000000100000000000000000000000000000000000000000000100010000000000010001000010100000000000100010000000000000000000010000000010100000000000001001000010000000000000000000001010011000000000000100000000
0100010000110100010001000000000000001000000000000000100000010100011000001000000000000000101000010100000010000000000000000000000000100001000000000000010000001000000000001000001000101000001100000000000000000000010001000000000000000000000000000000100110000000000000000
0010000000000000000000000000000000100100101000011000000001001000000100000000000000001100000000100000000001100000000000000100100000000000101000000001000010000000000010001000000000000000000100000100010000000010000001000000000000000110000000000100000100010000010000000
0000000000000100000000000000000010000001100000000100000000000001100101100000000000000000000001100000000001000000000000100000000000000010000000000000000100000000001000100000001000000000000000000000000000001000010000000000000000000000000000000010011000000000010010010
0000001010000101000000000000000001000000000000010000000000000001001000000000000010000001000000000001000101000000100100000000000000000000010000100000100000000000001000010000000000000000001000000000100100000000001000000000000000000000000001000010000000000000000000000
1000000000000000000000000000001000000010000000000000000010000000000000000001100000001000000000000000000100000000000000000001000000000000000000000000000010000000000000000000100000100000000000000100010001000101000000000111100000000010000000111000000000010000000010000
0000010000000001000000000010000000000001000000000000001000001000001000000000000000000101100000000011010000000000000000000101101000000100000000000000010000010010000000000000010000100000011100000001010010000000010000000000000000000000000100000000000000010000000000000
0000000010000000000000000000000001000000000001000000000000001000000000000000000000010001000000000010000000000001000000100011000000111000001000001000000000100000000000000000000000000000000000011000000001000000000100000000010000100011010000000000000000001000000000000
0010000000000000000000000000001000000000100000001000000000000000000000000100011000000000000000000000001000000000100000000000000000000000000100000000000000000000000000000000000000000000000000000010100000000000000000000011000000000000010100100000100010000000010000000
0000001000000000000000100000010000010000010000001100000000000000100000000000010000000000000000100100000000000000000000100000000000001000000000000000011101001000000000000001100010000000000000000010000000000000010000000000000001000100000100000001000000000000000000000
0000000000100010100000000001100000000000100111000001010000000000000111000000000011000000001100000000000000000100000000000101000000001100000000000000000010000000000100010000000000000000001000000000100000000000000010001010000100000010000100001000000000001101000000000
0000000010000000000000000000000000000001000100000000000000010000000000001000100001000000001010100010000000000100000000000000000000000001010000110011000000001000000000000000000000000000000000000000000011100100000001100001001100000000000000000000001000000000000000000
0000000010000000000000001000000000001000000010100000000000000010000000100000000000000000000000000001000000000010001000000000010010110000000100000000000000000001001000000010000000000000000000000000100100000000000000000000000000000000100000010000000000000010110000001
0000000000000000100100001110000000000000000000000000000000000000000000000101000000000000110001000000000000000000010000000000000100000000000000000001000000000000010000000000000000000000100000100000000100000000100000001010000010000100010000010000000000000000000011000
1000000000000100000000000000100000000000000000000100001000000000001000000000010000000000001000001000001101000000000100100000000001000000100000000000000000000000000001000000000000001100000000000000011000000000000010010001000100000000000000000000000000000100010101000
0000000000001000001001001000000000000001000000100100000100000000000000000010001010000000100000100100000000000100000000000000000000000101010000010000100000000100000000001000010000000100001000001100000010001000100000000010000000001100010000010000000000000100000100010
1000001000000000010000000000000000010000010000000000010000000000000000000000001000100000000000011001001000000000010000010010000010000000000000000000000101010000000000000000010000000010000000100010100000000001001000000000000000000000000000010000000000000000000000101
0100010001000000010100000010000100000000001000001010010000000010000000010000000001000100000000000000001000000000000000000000000000000000001000000000000100000010000001000000000000000000001000000000000000100001000001000000000000000000000000000100000000000010000000000
0000000000000000111010100000000000001000000111000000000100000010000010000000000001000000100000100010100000000000000000000000001000000000000000000000000000000010000000000010000000000100010000010001000010000000000000000000000000000000000000100001000000000000100000010
0100010000000000100011001000000000100000000000000000001001000000000000000100001100100000000000000000001011000000000100000100001000100000000000000000100000000100001000000100000000000100000101000100100000000000000000000000010000000101000010000000000100000000000010000
0000000100000000100000010000000000100000000000000100000000010100000000000000010100001000000000000000010010000100000001010100010000000000000000000000000010000000000000010000100000001000010000000100000000000101000000010000100000011000000100010000000000010010000000110
1000000000000000000000000000000000000011000100000000000000000000000000000000101010000001000000000000010001000000000000010000000000000100000001000100000000000000010000000000100000000000000000000000000000000000000000000001000000000010000000110000100000000001001001001
0000010000000000000100000001001000000000010000100001100001000000000000000000000000100000000001000010010100000000101000011000000100000000000000000000000000000000000000100000000000010001001000101000000000000000000000000000101000000000000000000000100000000000000000000
0100000000000000000010000000100000100000001010000010001000000010000100000000001000000000000000000000000100100001001100000000000000010000000011000000000000000000000000000000000100000000000000000000000100000100010000000000100000000000000000000000001000000001000000000
0000001011000000100010000000000010000000000110000000100000100000001000000000001100010000000000000000000000110000001010000000010010000010000100001000000001000100000000000000010001000000000010000000000000000100001000000000101000000000000100000000000001000001100000000
0001000000001000000000000000000010001000000000000100000000000000000000000000010000000100000000000010000000000001100000000000000010000100000000000000000000000000000000100000000000000000001000001000001000000100000000000000000000001000000000000000000010000000110000100
0000000000010000000000000000000000000000101000000100000000100000001000000000001000010010000000010000000010000000000000000000000000011001000000000000000000000000100000000000000001000100000000000000100000000000000000000000100001000000010100000001000000100000000000100
1100001100000000001000100001000000010001000000000000000000000000000000000000000000000000000000100000000110001101000000001000000000010000000000000001000000000001000000000000000000000000001000000000000000000000000001100000000000100000000000000000000000000000000000011
0000011000000100100000100000000010000100000000000000000000001000000000001000100000011000010000000010000000000000000000001000010000000000001010010000000000000000000000000000000000000000100000010001000010101000000000000000000000000001000000001000010000000000101100000
0000100100000000000000000100000000000000000000000000000011000001000100000000000001000010011001010000000000000000000000000000000000010010000000000010000010010000010011000000000000000000100000000000000000000000010000000000000100000000000000000000000001000000000000001
1000000000011000000011000000001000000000000101000000010010000001000000000100000010000000000000000010000000100000000001000010010000100001100000001000000000000000000000000000000000000000010000000100010000000000000001000000001001100000000000000100000000000000000100000
0100000000000100000000000001000000001000000000100000100000000010000000000000010000000010000000001000000100000000000000010100000010000000010000000000000000000000001010000010000000000000000000000001000000000100001000100000000000001000000000000001001000000000000100000
0100000100010000000100000110000000000000000001010000000000000000001000000010000000000001000000000001010000000000000100000000010000000000000100000100001110010010110000000000000000010000100000100000000000001000000000000000000000000000000000000000000000000000000000000
0000000000000000000001000001000000000000000010000001000000000000101000000000000000000000000000011000010000000001001000000000000000111000000000100000000100000000000000001000000010000000000100000000011000001000010000011000001000000000000000100000001000000000000010000
0001000000100000000001000000010000000000001000000000000000000000100000000000000000000000000001100001000100000010000000000010000000000100001000000000000000011100000000000100000000000000100000000000000000001000000000000000000000000000000000000000000100000000000000000
1000000000000000000000000000000000100000000000000000000010000000100000000000000000000000000000000000000010000000000100001000010000001000100000000001000000000010010000100010100000000000000000000100001000000000000100000000000000010000000010010000000000010011000000000
0000001001000000000000100000000000000000000001001000000000001000000100000000000000000010100000000000000000000010000000000000000000000000000000000000000000000000000000000000000000000010000000000000000010000100000000000000000001100000010000000000000000000000000000010
0000000000000001010100010000100001000000000100000000010000000100100000000001000000000000000100000010000000000000000001000000000000000000000000100010000010000000000000000000000000000100000010000001000011001000000000000000000000000000000000100000000001000100000000010
0000000000000000000000000000000000100001000010000000000000010001001101000000000000000000000000000000000000010010000000000000000001010100000000000010000000000010000000000000000000000000000010000000100000000000010000000000000000000000001100010000001001010000101000000
0000000000000000000000000000110000000000000000010000100000000000000000000000000000000010010100001000000000000000000000100000000001000000001000100000000000000000000000000000100000100000000000100000000001001010000000000000001000011000000000000000000000000000000000000
0010100000000000000010000011000000000000000000001000000000000000000001001000000001000000000000000001000000000000000100001000000000000000100010011000001101000000000100000011101000000000000000000000000010000000000000100000000000000000000010000000000000001000000100100
0000010001000000100000000100000000001000001000001100000000000001000000100110000000100000000000000000000000000000100010000000000000001000000100101000000000001000000000000000000001000000100000001000000000000000110000100100000000000000000110000000011000000010000000000
1001000000000000000000000100000001000000010000001000000000001000000000010000101000000000000000010010101000000101100001000001000100000000000000000000000000000000000000010000000000100000000000010000000000000000000000000000000001000000000000001000000000000100000000000
0000000000000000000100000000000000100000000000000101000000000000000010000000000000000000000000000000000000000000001000000000000000000000100000000000000000000000000001001000000000000000010000110001001000100000000000001001000000100000000000000000000001000000010000000
0010000100000010000000101000000010000000000000000000001001000000011000000001000000000100001001000100100100010000100000001000101001000000000000000000000000000000001001000000000100000000000000001000000000000000000000101000000000001000000000000000100000000000001000000
0010000010000000101100000000000000000000000000000000001000000000010000000000000000100000000000000000000001100000000000000000000000100000000000000000100000000000000001000000000000000000000000000000001000010100000100000000000000000000000000100000000100100100001001000
0000000000000010001000000000000000001100000000000000100000000000000010000100000010010000000000000000010000000100110000000000000001000010000000000000000010000000000000001000000000000000000100000000000010000000010000000000010000000000000001000000010000000110110000000
1000000000000000000000000000000100000000000010000000000000010000000000000000000000000111000000000000010100000000010000000000000000000000000000001000000000000000110000000000010000000000000000000000010000100100000000000000000000001000000000010000010000001000000011000
0000101000000000000010000000000000010000000000000000000001010000100000010001000000000000000000000000000000000000000010000010000010000010010000000001000000001000000000010000100010000001000000000000010000000000000000000100001010000000100000000000000000000000000000000
0000000000000000000010000000000000000000000000000000000000000000000001000010000000010000000100000000000000000000001000000000000010100000000000000000001001000000000000000000001000000000000100001000000001000001000000000000010000000010100000000000001000000000001000000
0000100000000000000000000100000000000001000000000010000000000010000000000000000001000000100000011000000000000010001010000000000000000000000100100000001001000000000000100010000000100001000000001000000000000000000000001000000011000011000100010000000100100000100000000
0000000000010000000100000000010001000000000100000010000000000000000000000000000000000000011000000000100001000000000000000000100000000000000000000000000000000100000000000000000000000000000000000000001001000010000000100000000000010000000000010000000000000000001001000
0000000000000001010000100000000000000010000000000010010000010000000000000000000100000000100000000000100000000000000001000000100000000100001000000100000000100000000001000001000001000000000000001001000000000000000000001000100000001000000100000010000000001000000000100
1000000000000000100000000000000001000100000000100000000110000000010000000100000000010000000000000000000010000000000000000000000000001000100000000000000000000000000000000000000000100000000000010000000000000010000000000001000001000000010000000000000000000100000000010
0000000000001000000010000000000010000000000000000100000000100000000000000000000000000010000000000101001000100110100001000000000000000000010001100000000100000000000000000000000000000000000000000000000000000000000000000000100101000100000000000000100000000100000000110
1100000000000000000010000100000000000010000000000000000000000000000000101010000000000010000010100000000000000100100001010000000000001010010000000000000001000101000000000000010000001000100000100000000000000000000000100000010000000000000000010000001001000100000000000
0010100000000000000000100010000000000000010100000010000000000010000000000000000011000100000000000000000000000000000001010000000001000000000000011000000000000000100000000010000000000000000000000000000110001011100010011000000000000001100001000000000000000100000000000
0000100000001100000000000000000000010000000000010000000100010000000000110000000000100001000010000000010000000001010000010000000000000000000000000010010000000000000000000000000000001000000000000000001000000000000000000010011000000000000000000000100000001000000000100
0100000000000001000000000000000010000000000011000000010100010000001000000001011100010000000010000000000000000000000000000000000000000000100000100000000000000100000000001100000001001000000000100010010000001001000011010000100000010001001001000000000000000000001000000
0000000001000100000100000000010000000000110000000000000001000000000001000000000000000000000000000000000000000000000000011000000000000000000000001101000000000000001000100000000000000100000000000000101001000010010010101000000000100000000000100000100110100001000000000
0010100110000000000100010001010100000000000001010000000000000100000000000000001000000000000000000100000010001000000000000000011000000000000101000000000000000010000000011000000000100000000000000000000000000010000010000000000001000000000001000000000000000000000010000
0001000000001100001000001000000000101000101000010000001000000000000000000000010000000001000000000100000001000010100000010100000000011000001000000000000000000000000000000000011000100000000001000000000000010000000000000010100000000000100000000000111000000000000100000
0000100001000010000000000001001000000000000000000000001010010000000000000000000000000000000000100000100000000000000100100000100000000001010000000000000100010000000001000000000000001000000001100000000000000100000010000000000000000000000000000100000100001000000000001
0010000000000010000000000000000000000000000000001000000000000000000010100000100000000000010001000000000000000000000000000000000000000000010100000010000000011000000000000000100000100100000000010000010000000100000100010000010000000000000000000000000110000010000000001
1000100000001100000000000000000000000000000100000000000001000000000000000000000000000100000000000000000000000000100000000100000000000000000000000000000000000000001000001000010000000110000010000001000000000000000000100000100000000010000000100000000000000000000000000
0000000000000000100000000000000000000000000000000100001000000000000100000000000000000000111000000010001100000000100000000000000000000000000000000010000000000000000001100000001000000000000000000001000000000000000000000000100000000000001000000000000000000001000000000
0010000010000000010000000000000000011000000010000000000000100000000100000000001000000010000010110000000000010001000000000000000000000001010000000001000000000000010100100000000000000000100100000000000000000001000000000000000000000000000000000000000000000011001011100
1000000000100000000100000000001001000001000000000000100000000000001100000000000000000000000000100010000000000000000000000000000000000000000000000000000010011000001000001000010000100001001010000001100000010100000000000000001000000000100000100000000100000000000000100
0010101000000000010000000000010000000000000000000100000010100000100000001000000000000000000000000000000010000000000010001000000000100000010000010000000010000010000000100000000000000000000100100000001100000100000000000010100010000000000000000000000000000001110000001
0001000000000000010000000000001000010000101000000000000001000000000000000000000000100000000000000000000000000000100000000000000010000000000000000000000000000000000000000000000100000000000100000001000000000100000000000000000000000000000100000000000000000000000100001
0010000000000000000010000010110000010100000001001100000000010000000100000000001000000000000000001101000000001100110100000000000000000000000001100000000001100000000000000000011000000000000000001010100001000000000000000001100100001000000000000000000000000000001100000
0000000000000000000001000000000100000000000000100000010000000000000110000001000001000000000101100000100000000000000100000000000000100000000000000000000001000000000000011000000000001000000000000000000000010000000000000000000000000101000100001000001000000010000000000
0001000100000000000001000000001000000000001000010000010000000000000000000000000000000100100000000001100000000000001000000000000010000001000101000000000000000000000000110000000100100000000100000001000111000000000000000100000000000000000101000101000000000000000000001
0000000001000110010000000000000000000000000000000000000100000000100000001000000000000010000000000000000000000000010010100001000111000010000100100000010000000010000000001000000000000000000000001000000000101001010000000000100000000000000000000010000000000000000000000
1000010000000000001000000000011000000000001000010000000000000000000110000000000001000000000000000000000010000000000000010100000001000000000000000000000000000000010100100100000000101000000100001000000001000000010000000000000000100001000000000100000100000001000000000
0000010000000000000000000000101000100000000000100000001000000000001000000101000001100101000000100000000010010010000100000000000000001000000001000001000000000000000001101000000000100000000000000000001000100000001000010000001000000000000001001000000000000000000000000
0010000000101010000000000000000000010000000000000000000000000000000000001000000000000000001000000000010000000000010000100010000000000010100000100010010000000000000000000000001000000011000000010010001000000001000000000000001000000010010000000000000100000010000000000
1000000000000001001000000000000000001000000000010000000110010000000000100000110000000100010000000000001000000000000100000000100000010000000000000000010100000000000000000000000000000000000000100100000000000000000000000010001010000000100000000000010000000000000010000
0010000000000000000000010100100000000000000000001000000000000000001000011000000000000000000000000000000000001000000000000010000010000000010100000000000000000000000000000000000000000000000000100001000000000100000000000000000000000000010000000000000000000000000001000
0000000000000000000000000000010000000000101000001101100000000000000000000000000000000000000100000000100001001000000000000000000000000000000000000100000000000000000100000001000000000000000000100010000001000000000000001000000000000101000001000000000010000000000000001
0100000000010010100000001000000000000010000100100000010000001000000000000000011000000100000000000100000010000000011000000010000000000000000010000000000000000000000000000000000000000000000000000010000010000010110000000010000000000100100000000100000000100000000000001
0000000000011000000000000000000000000100000011000000000000000000100000000100100000000000000000010000000000001100000000000000001000001000101011000000000000000000000001010100010000110010011100001000000000000000000010000000000010000100000000001010000000000000000100000
0000100000000000000000000000001000000000000000001100000010000000100000000100000000000000000000000000000000100000000000010000000000000000000000000000100000000100010000000000000010000000000000000000000000010001000000000001000000000000000000000000000001010000000010000
0000000000010100000010000100000000000100000000001100100000000010000000000000000000100000011100000100001000000100000000011010000000000000001000100001000000000010000000000000000000000000000000000000000010000000000000000100000000011000000000000010000000000000000000000
0000000000000000000000000000000001011000000001000000000001000000000000001100000000000000010000001100000000000000000000000000000000000000000000000000000001100000000000000000001000000000100100000010000000100000000000110000000000000000000100000000000000000000001000000
0010000010001001001000000000000000000000000000000000100000100000000000100000000000000000000010000000000000000100000000000001000100000000000000001000000000000011100001000000000010001000000000001000000000000000000000000000001000000000000000000000000001000000000000000
0000100100000000000001000001000100000010001011100000100000001000000000100000000000010100000001000000001000000000001010001000100000000000000000000000000000000000000000000000010010000100000001000100000000000000000100011000001000000010000000000000000010000000000001001
0000000001000000001000000000000000000000000000000100011010000100000000000010000000000000000000000000010000000000000001010010000000000000000010100010000000000000000001000000000010100001000000000011001100000000000000001000000000000000000001001000000000000000000001010
0100110000000000010000000000100001000000000000000000001000000000000000000100000000000000000011000000000000001000000000000000000000000000000000000000000000100100000000001010000000000000100000001001000110001010000000001000000010000000000101100000000000000000000010000
0000000000000100001100001010000000000010110000000000000000001000001001001000100000011011000000000000000000000100010000101000101000000100001000000100000001000000001000000000010000000000000000010000001010000100000000000000000010010000000010000000000000000000000000000
1100110000000000000000000010010000000000000000000000000000000000010011000000100000000010000000010000000000000001000000000000000000000010001000000000000000000110000010000100000000000000000000010000001000000000000000000000000000100100000000000000000100000000000010010
0000100000000000100000100000000000000000001010100000000000100000000001000000001100000001000000000000010000000001000001000010010000000000000000001000100010000000000100000000000100000100101000001010000010010000000000000000000000000001010000000100000000000010000000000
1000000010000010000000000000000000000000000000000100000000000010000000000000000000000000000000000000000000000000000000100000000000000000000100001000001001000000001000000000000000110000000100010001000001000100000100000000000100000001000110010000101000000000010000000
0000000000000000000000000100000000100000000000000000000000000000000000000000100000100000010001001000001000001000010000000001000000000000000000010000000000000000001000000000100000000000000000100000010000000100000000000001100001001100010000000000000000000000000011000
0000010000000000000000000010001000010000001000010000000000000100100001000000100000000000000000000001000000000000000000100100000000000000100000110000010000000000000010010010000000000100000000000000000100100000000001000100010000000000000100000000000010000001010000001
0000000001011010001000000100001000000000000000000000000011000010000000010000000010000000000000000000000000000000000000001000001000000000110100000000000001000000000000000010000010010000000010000000000000100000100001000100011100000000000001010100000010000000000000000
0000000000000000000000010100000010000000000000100000010010010000100010000010110001000100000000000001000000000000000000001000001000110000001000000000010010100000000000000001001000000000001010100110000000000000000000000000000000000000000000000000000000000010000000100
0000010011010000000000000000000000000010000010000000000000000000000100101000000000000000000000000000000000000000000010000000000000001100100000000000000000001010000000001001000000000010000000000000000000100010000000000010000000000010000000010000011000010000100000000
0000000000000000000100000001000000001101000000000000000000010110001100000000100000001100000000000001001000010000000010001000000001000001000000100000000000100000000010000000000000100010000000000000000000010100001100000000100000100000000000000000010000000000000011001
0000000000010000000000000000010000000000000000000000000100000000000011001000000000000010000101000000000111000110000000000001000000000000000010000000000010000000000000001000000101000100000000000000100100000000011110010000000000000100000000100010000000000000011000010
0010001000010000001011010010000000000000000000000001000100000000000000001000000000000000100001011000000000000000011000000001000000010000000000000000100000100000000000000000000100000000000000000000001000000100000000000000001000000000000001000000001000000100010000110
0000000000000000000001000000000000000000000100001000100010000000010000000001000000000000000000000100100000010000000001000100000000000000000000000000000000000001000000001101100000000000000000010000000000000010000100000001100000001000000000000000010000000000100001000
0000000000000001101000000001000000000001000000100001000001000000000100000100000000100010000000000100000100000001000000000000000000000000000000100000000001000010000000000000000000000000000010000000000000000000000000000000000100000010000010000000000000100100000000100
0010000010000000000000000000000100100010010001000000000000100100000000000000000000000000000000000010000010000000000000001000000000000000000011000000100100000000000000000000100000010100001000000000000000000000100000000100000000000000000000110000000100100000010000001
0000000000000000000000000000000001000000000000000000000000001010000000000001000000001000000000100000000101000000000000000010000000000000100000010100000000000100000100000000000010010100000010000000000000010000010000000000000000001001000000001000001100001100000001000
0000000000000000000000000000000000000000100000010000000000000100101000000001001000000100000000000000000001000000100000100000000000001001100000001000000100000000010000010000000000000000100000000000000000000000000000001000000000101000001000100000000000010000000000100
0000000000000000000010000010000010000000000000000010000000000010000001000010000000000000000000000000000000100000000000000000000001000000000110100000000000000100000001000100001000000000000000000100110100000010100100000000000000000000000000000000000000011000000000000
1000000000100000000100000000000000000100000000100000000000000000000001000000000000010000000100010001000000001000000001000100000000001000000001000000000000100000000000000000100000000000000000000000000000000010000000000010000000000000000000000000000000000000000000010
0000000000000000000100000000100000000000000000000000010000100000000000000001000000000000000000000000000000000000000000000010001000000000000000011000000000000001001000000000000000100000000000000100000000000000000100010000000000000000000000000000100000100000001000000
0000000000000000011000000000000000000000000110011000000000000000000000000000000000000000000000000000000000001011000110000001000001000000000000100000000000000001000100001010000000000000100000100000000000000000000000000000000000000000000000000100000000010100000000000
0000010101000000000000011000000000100000000100000000000000000100010000000000010000001000001000000000010000010100000000000000000001000000000001000000001000001000000000000000100100000010000000010000000100010000000000000000000000000000101000000000100010001100000010010
0001000001000000000010000000000001000010000000010011010000000000110010000100000000100100000000010010100000000000000000000001001001000000000000000000000000000000000000000000001001010000000100000000000000000001000000000000000010000000000010000000000001000000000000000
0000100100000000000000000100000000010000000000000000000000000000000000000000000010101000000000000000100000000100000000100000100001000000000000000000000000100000000000000100000000000000100001000000000000000010000000000100010000000100000000000000000000000010000000000
0000001000110000001000001001000000001000010000001000000000000000000000000010000100000000000000011000000000001000000010000000000001000000000000000000000000010000000000001000000000000000000000000001100100010000110000000010000010000000100000010000011010000000000100000
0000010000000010000000000000010011101000000000000000001000001000000000000000010000001000100010010100010000000100000000000010000000000000000100000000000000000000001000000000000000000010010000000000000010011001010000000010000000000000010100000000000100010000000001000
0000000001000000001000000000100000000000000000010000000000000000000000000000000100000000001000000010000000000000000000000000100010001000001000000000001000000000000000000000000000000000000000000000000000000000000100000000000000000001001001000000001000000000000000000
0100000000000000001100000100000000010010000000000001000000000000000000000000000000000000000001000000001000000001010000000001000000000000100000000000000000010000000001001000000010000000000000001000010000011000000000000000000000000000000001000001100000010000100000010
1000000000011000000000000100001001000000000000000100000000000001000000000000001000000000000000000000000000000000000000000100001000010010100000000100001010000000010000000000000000000000001000000000000000000000000000000001000000000000000000010000000000000000000010000
0001000000000000000000100000000000001000011001010000010001010000100000011010110000011010010000000001001000010000000001000000000000100000000000000010000000000000000000001100010000000010000000000000100011000100000000000000100001000000000000000010000000000000000000000
0000000000000000000000000000000010001000000000000100000100000000001000000000100010010000000001000000000000000000000001001000000000010000000000000000000100000000100000010000000000000000000100010000000000000000001100000000000000000101000000001001000000100000000100001
0000000000000101000001000000000000000010000000000000000000000000000001000000000000001000010100001000000010000000000000000000000000000000001000000000001000000000001000000010000000000000000010000100000100000000000000000000000001000000000000010000001000100100010000000
0110101100000010000000000100000000000000000000011000000000010000000000000000000000000000010100100000010100000000010000010100101000000010000100000000000000000000000000001000000000000001000000010000100000000000100000010100000000000010001110000000000000010010000111000
1000000000000000100010001010000001010000000100000000000010000001001000000100000001000000000000000000000101000000000000000000100000001001000000000010000100000000000001010100000000000000000100000000000000000001000000000000000001000000000000000000001010000000000000000
0000000000000000000000001010000000000000000001000010011000000000000000000100000010000100000100000000000000000000000000000000000000000000000010000000000000000000000000000000100010011000000000000000000001000000000000000000000000000000000010000100000001000010000000001
1000000000000000000000000010000001000001000001001000000000000000000000000000100000000010000000000101000000100001000000000000000010000000000000000000001000100000000000001000010000011000000000000000010001100100000001000000000000000100000000000000000000001000100010000
0000000000000100100000000111001000000110001100010000100000000000000000000000000000000010001100000010000000010000000000010000000100010000000100000000000001000000000000000010000010001000000010100000000010100000001000000000000100000100000100000001000000100001000000000
0000010000000000000000000000010000100010010000000000000000000000100010000000000000010000001010000000000000010000000011000000000100000000000000000100010000000000000010000000000000000000000000000000000000001000000010000100000010000001000000000000100010000000000010100
0001000000000000001000100000000000000000000000000000000000000000000001010000000000001000000001100000000100100010000000000000000000000000000000010000100001000000000000000010100000000000001010000000000010000000000000100000000000000000010010000000000000000000000001000
0011000000100000001100100100010001000000000000000000001000001000010000001000000000000000000000000000010001000000000000001000000000000000000000000000000001000000000000000000001000001000000000000110001000000000000000001000000000000001100000000000000010100100000000000
0000010100000001000000000100000001000001000101000000000001001000000110000001000001000010000000010000010000000100110001000000000000010000000101000000000000010000100000000001000001010000010000000000000000000000001010000001000000000000000000000000000010000000110000000
0000010000000000000000000000000010000001000000001000000000100100000000100000000000001100000000000100000001000000000000000000000000100001000000100000000000010000000000010010000000000000010000000000000000000000000000000000010000000000000010000000100001000000100000000
0000000000000000010101000000000000000001000000000000000000010001100010000000000000000000000000000001000000000000000000000000000000000000010001000000000001000000000000000000000000000100000000001100000000000000000000000000000000000000000010000110010000000100000000001
0000000001000001000100000000100000000010000000000000100000000010000110000000001010000000000000000000000000000000000000000100000000011001000000000011000000000000000000000000001100000000000000100010000001000000000000011100000000000000000001000000000000000100100101000
0000000000000000001000000000000000000000000000000000000000110000000000000010000000000000000100000100000000010001000010010000000000000000010000000000000000000000000000000000000000000000100000001000000000000000000000100000000000100000000000000110000000101010000000000
0011010000000000000000000000010000000000000000000000000000000000000000000000000000010010010000000000001000001000000001000010000000010000000100000000001000000000000000000010000001000000000000000000011000000000000000000000000000000001001000000000011000000000000010000
0000000001000100000000000001000011000010100100000000000000000101000000000000000100000010000101000110000000000000100101000000101000101000000000000000000000011000000100000000100000000100000000010001000000000011000001000000100000000000000000000000000000000100000000000
0010000000010000100010000000000000000011000000000000000000000000010000000000001000000000000001000010001000000010000000000001000000000000001000000000000001100000000000000000000000000000000000000000000000000000000000001000101000000000001000000000000100100000100011000
0000000000000000010000001010000001000000000000000110100010000000100000000000000000000000000000000000000000000000000000001110000000000000000100000000000000000000000000000100000000000000000000000000000100000000000000001000000000100000000000000000000000100010000000000
0000010000000000000010000010000000000000000000000000000000000010001100000000001100000000000001000000001000011000000010000011010100100000000000000000100000000000001100000010000000000000100010000010000000000000000000000100000000000000000000000000000100000000000010000
0100000000000100001100000000000000001000110000000000100000001000000000100000001001110000000000100000000000000000000000010000000000000000000000000000000000000000000000000000000011000000100000000000000010000000000001000000001000000000100000100100000001000000100000000
0011000000000000000000000000000000000000000000000000000000101000000000000000000000000001000000011000000000000000001000000000000011010000100110000000100001000000000000010000000100000010000001000000000000000000000010010000000000000000000001000100000000000000000000000
0000100100000001000000000000000000000010000100100000000100000000000110111000000000001000000001001000000000000000000000001000110011000000000000000000010000100000001000000001001001000000001000000000000000100000000000000000000000000000000000001000000000000100000100000
0000010000000000000000000101100000000010000000010000000010000011101000000000000001011000100000000000000000000000000000000000000000000000001000110000000001010000000000000000000000000000000000000100000000010000000000010010100000000101010000000000100000000000000000000
0000000000000000000000000110000000000001000101000000000010000000000000000000000000000000001001000000000000000000000000000001010010000000000000000100101000000001000000100000000000000010001000000000001000000010100000000000000000000000000010000000000000000110000000001
0000001010000110000000001000000000001000000001001000000000010001000001000000000001000000000000000000000000000000000010000001000000000100010000000000001000000000001000000000000010000000010000000000000100000000000000010000000000001000000000000000000000010100000000000
0000001000000000000000000010000000110000000000000000000000000100000000000000000001000001000000000000000000010000000000100000000100000001000000011000010000000000000010000000010000000000100000000000001000000010000010100000001000100000000000000000000000000000000001000
1000000000000000000000100000010000001000100100000000000000001000001110000000000000000000000001100000101000000000000000000001000000000000000000000010000000000000000010100000000101000000000000010001000000001110000000010000001000100000000000000000000000100001000000000
0000000000100000000000010000000000000000001000000010000000000000000000000001000010001001000010000000010001100000010000000000000000110000001000000000000000000000000000000000000000000000010000000000100000100000000000010000100000000100000000000000100010000000100001100
0000100000000000000010000000000000000001000000001000000000000000000010000000000000100000000000000000100000000000000000101001000000100000100010000000000000000110000000000100010010000000000000000000001000000000100000000100000000000000000000001000000000010100000010000
0000000000100000000000000000000000000000010000001000000001000111000000000000101000010000000000000000000100100000000000000000000000000000000000001000000100001000000001000000000001010000000010000000000000000100010010000000000000000100010000000000000100000000000000010
1010100000000000000110000000001000010000000000000000000000000000101000000000000010000000100100000000000000000001000000000100000010100000100000000000000100000000000100000000001000100000001000000100000000000000000010000000000001000000010010100010000000000001000000000
0000000000000010000000100110001000100000000000000000000001000000000000001000000000000000000000010000010000000000000000000000000000000100010110011100000000000000010100000000000000000000000100010000000000000001000000000010001000000000000000000000000000010000000001100
0011000110010100000100000000000000100000001000000000000000000000000001000000010000000000000000000000000000000100100000001000000000001000000000001000000010000000000100001100001000101001001000000000000000000000000000000000000000000000010000000000000000000000000000000
0000000010000000000000000000110001001000000001000010011000000000000000100000000000000000001000000001000000001000000010000000000000000000100000000000100000000100110000010101000000000000000000000000000000000000000000000000000000000000000100100000000000000001000010000
0000100001010000000000000010000000001000010000000000000100000001100000000001000000000000000001000010000000000000000000001001000000001000010000000000000001000000000000010100100000000100000001000100000000000000000000100000000000010000100000000000000001000000000000010
0010000001000000000000001000000000000000000000010000000010001000000000000000000010100000000000010000000001000000000101000000100000100000000000110010000000000000000000000000000000000100001010000000000000000000000000000000001000000001000000000000100000000000000000100
1000001000001100100000000100000000000011011000000100000000000000000000000000000001000100000000000000000000000000000000000000000000001100000000000010110000000000001000001000000000000000011000000000000101000000000000000000000000000001000000000001000000000000000001000
0000000110010000000010001000100000000010010000000000100001000000000000000000100110000000000000000000000000000000000000000001000000001000000000010000000001000000000000000000000000100000010000000000000000000000000000000000000000000000000000000000000010000000000001000
0000000001000110010000000000100000000000000000000000000000001000000000000000000000000000000000000000000000000100000000000000100100000000000000001000000010000000000000000000000000000000000000000000000000000000000000000000000000000000001000000010000000000000000000000
0000000000000000100000100000000000000000000011100000000000000000000000000001000100000000000001000010010000000010011000000000000000000100000001000000000000000000000000010000000001001000000000011011000000000000000000000000000000000000100000000000000000000000000000000
0001000000000000000000000010000100000000000000010000010000000000000000000000000000000000000000000000100000001000000010100000000000100000000100000000101000000000000001000001000000000100000000001000000100000000000000000000000000100100000000000000000000000000000100000
1100000001000000010001000100001000000000000010001001000000001000010000000000010000000000000000000000000000000000000111000000000000000000000000000000000000000000100000000000000000000000000010000000100100000100000000001000010000000000000011010000100101000000000000010
0001000000000100000001010010000000000000000010000001000000000010000000000000000000000010000001000000000000000010000100001000000010000000000000010000000100000000100000000000000000010010000000010000100000000000000001000000000000001000000000000000000000000000000000000
0000010000000100010000000000001000001000000001001000000101000101000100000000000000000000000000000010010100000000000000000000000000000000000000010000000001000000000000000000000000100000100000000000000000000010010100000001000010010000110100000010001000000000000000000
0000000000000100010010000100000100000000000000000000000000100000000000000000000000000110000000000100000001000000000000000000100000000000000000000000000010000000000000000000001000000000000000000000000000000000000000100000000000000001010000000000000001000110100000000
0000000001000000000000100000000000000000000001000000000100001100010000000000000000000000000100000001010000100010000010000000010000010000000000001000010000000000110100000000001000000000000000000000000001100000000000000010000000000000000010001000001000000000000000000
0000000000000000000000000000000010000010000000000000000000100000000100000000000001000000000010000011000000000000100000000000000000000000000000010000001000001001000000000110000000100010000010000100000000000000000010000000001000000000100000000000000001000100000000000
0000000000000000000000100100100001000000000000000000100000000001000000001001001100000100000000000010000000000000000001000000000000000000000000000000000000000100000000000000000000100000000100000100000001010000000000000000000000000000000000000000000000000000000000000
0000000000000000000000001000100000000001000000010000000001000000000000001000000000001000000010000000010000000010000001000000000100010001000000000001000000000000000010000000000000000000000010000000000000000000100100001000000000010001010001010000000101000000000000000
0000000000000000000010011000100010000000000000000000000000110100000101000100000001000000000000000000000000000000000000000010001000000000000000000000000000000000000000000000100010010000100000000100000000000000000000010000010000000001000000000000000000000100000000100
0000010000000000100000000000010000000000110000000000000000000000000000000100001100000000000000001010001010010000000000000000000000010100100100000000000010000000000000010000000000000000000000000001000000000000000000000000100000010001001000000001000000100000000100000
0100000000000000000000000000000011010000000000110000100100001100000000000000010000000000000000100000000000000000000000010010000001000000000101110100000000000001000000000010000000000000000000000000000000101000000000100010000000001000010000000000000000000000000000000
0000001000000100000000000000000000000000001000000100000000000000001000000000001100000000000100000000000000000000000000000000001000000010000000000010000000000100000010000000000100000000000000000000000000100000000010001001001000000010001010000000011010000000000000000
0000000000000000000000000000000000000101000000010000000000010000000000010110001000000010000000000000000001101000000000000101000000101000000010000000000000000000000000000000000000000010000100000000000000010000000010000000000010000100100000000010000000000000001000100
0000001000000000000000000000000000001000000000000000010000000000000000000000000000000000000000010000000000010000000000000000000010000000110010100000000001001000010000000000000000010100000000000000000100001001000000000001000000000100000000000000000000000000001100000
0010010000000000000000000100100001000000000000100100000000000100000010000000100000000100000100000000000000100000010000100000000100000000000000010000000000000000000000010000000000000100000000010000010100100010000000000000000000000000010000000100010000000100000000000
0000000100000000000000000000010000000000000001000000000001000000001000010010000000000000000000000000000000000000010000000000000000000000000010000000000000100000000001010000001000001000000000000000000000000010110000000001000000000000000000000000001001000100000100000
1000000000110000000000000000010000000010000000000100000000010000000000010101000000100100000100000000000001000000000000000000000010011000100010000100000000000000001000010000000000000000000000000010000000010100000000000000000000100000100000001000100000000100000000100
0001010100000000001100000010000000000000000000000000010000100000000000000000000000000100000100001000000000000000000000000000100000000000000100000000000000000000000000000000100000000000000000000010000000000010000000000010001000000000000000000000001110000000000001110
0010000010010000000000000000100000000000000000000010000000000100000000000000000010011000100000000010001000000000000000000000000000000001101010000100000000000000001000000000000000000000010000000000000000100000000000000000000010000010000000000001100000010000000000000
0000000000000000000000000100001000001000000000000100000000000100000000000000000000000000000000000000000000000000000000000000100000010010000000000000000000000000110000000100000000000000000001000000010010000000000000010000001010000000000010000000000000000001100100000
0000000000100000000000000000010000001001000010100000000000000100011101000000000101000000000000000000000000000000000000000000000000000000000000000000000000000000000001001000000001001100010000000000000010000000000000000000000001000000000000000000000011010000000000110
0000000000000000000000000000100000000000000001000000001000000110001000000000001000010000000000000000000000000000000010000000000000000000000000000000000000000010000100000100001010000100010000000010000000100100000000000000000000010000000010000010000000000000000000001
0000000000000000000000000000000001000000000000001000000000000000000000000000110000100000000000000011000000000000000000001000000010100000000000000000000000000000000000010000000000000010000000000000000000000100000000011000000000111000001000000001010000000000001000100
0000010000000000000011001010010100000000000000000000000000000010010000000100000000000000100000000000000000000001000000000000000000000000000000000000010100000000001100000001000000000000000001000000000000100000100000001000001000010110000000000000000000000000000000000
0000000000000000000000000000100101000000000000000110100010000000000000000001000010000000000000000000000010000100101000000000000000000000000100000100000000000010000000100000000100000000100000100000000000000100000000001000000000000000000001000000000000000000000010000
0000000000100100000000000100010000000000000000010000100101000000000100010000000001000000000000000000001000000100000000000010000000000000000010000000000010100011100000001000000000000000000000000000000000000000000000000000000000010000000000000000000010000000000000000
1000000000000000000000000000000000000001010001000000000000010000010000000000000100001000000000000000101000100000001000010100000000000000000000001001000000010000001100000001000000000000000100000001000000011000011100001000000000010001100000000000010000000100010100010
0000000000100000000000010000100000000000000000010010101000001000010000000000000010001000000010001010000000000100010000000000010000000000000001000000000000110001100000000001010100000000000000000001010000000010100000001000101000000000000000000000000001000000000000000
0000000010000010000100000010000010000000000000000000000100000000010000000010000000000010000100000001110000001000000000100000010000000000000000000001000000000000000001000010001000000000000000000100000000010000000000000000001000000100100000001000000000000000000100000
0000000000100000000000001000010010001000001000000010001001000000000000000000000000000101100100000000010100000100000000000001100010000000000000000000010000000000001000000000001000000100000000100100000000000000000000010001000000000000000000000000000010000000000000000
0000000000000000000000000101100001001000010000000010000001000000000000000000000000000000000000000010000000000000000000000000000000000000001000000000100000100000000000000000100000000000100000000001000100011000000000000000000000001000001010000000001110100000010000000
0000000100000000000000000001000000000100000010010000001000000000000000000000100000010001011000001001000000000000000001000100000001000000000000001000000101000000000000000000000000000000000000000000000000000000000000000000000101000100000000000001001100000100001010000
0000001000000000000100000000000100001000010000010000000000000000010001000000000000000010000001100010010000000000000010000001000010000000000000000001000000100000110000001100100000000000001000000000000000000000000100100000000000000000000001000010000000001000010000000
0000000000100000000010000000001000000100000000100000000001100000000001000001000000000000000100000000000000000000000000010000000100000000000000010000010000000000100010000000000000000000010000100010000000000100000100000000001000000000000000000001000000010001100010000
0000010000010000000000010100000000000000000000000000000000000000000001010000000000000000010010000000000000000000100000010100001100000001000000000000000001000000000000000101100000000000000000001000010000000000000000001000000000001001000101010000000001000000000001010
0001000000000000000000001010001000000000000001000000000001000000001000000000001000100000000000010000000000001000001001000000010000010100000100100000000100001000000000000000000000000110000000000100000010001000000000000000001000010000100000000000000000010000000000110
0010011000000000010101000000000000000000000001000001000000000000100000000000000000000000000000000000100000000000000000001000000000000000000010000000000011011000001001000010000000000000000000000000000001000000000000000011000000000000000000000000000000000001010010000
0010000000000110100000000010100100001000000000000001000010000000010000000000000000100000000000100000000000000001110001100000000000000000000000000000010000100000100000000000000000000000000001110000000000000010000011000000000001000000000000000000100100000000000000001
0000000000010000100000000010000001000000100000010000100000001000000000000000000000000000001000010101000010001000001000001000000000100000100000000000001000000001000000000000000000100000010000000000000011000011000000000000000000111000000000000010000000000000000000010
0001000000010100000000000001100000000000000000001000001001000100000000001000000000000000000000000000000000001100000000000000000000000000010000000000000000000001000000000000000000000000000000000000001000000000000000000100000001000000000000000000000001000000000010000
0100000000000000000000000100000000000001000000000000000000000000000000000000000000000000000000100000000111000101000000000110000000000100000000000001000000000000000000000000000000000000000000000100000000000010000000000000010000100001000000000001000010000000100000000
0000000000000000000000000000000000000000010000000000100000000000000000000000001000010000000000000000000000000010000000000000000000000001000101010000000000000010000000000000000000000000001000100010100100001000000001000000000000000000000000000100000000000100001100000
0000000100000000000001000000000000000010000000000000000000000000000000100000000000000100000001000000000000000000000010000010011001001000000000000001100010100000000000000000100000000000000000100100001000000000000000000000000000000000001000000000000010000000001000000
0000000000000010000100000000000000010000000000001010000001000000000001010000001000100100100000000000000000000000000000000000000000000000000000100000000000001000000100000001101000000000000000000000001000000000010000000001100000000000000000000001001100010100001000000
0000000100000000000001000000000000000000100000000100000000000000000001000010000000000000000000000001001000000000000000000000000000000000000000000000000000010110000000010000000000000000000000000000000100000000000000000000000001000000000001000000000000000100000010000
0000000001000100000000000000100000000000000000000000000010010011110010000000000000000000000000000000000000000001000010000111010000100000000010000000000000000000000000001000000000110100000100000010000000011000000001001000000010000110000000000000100000001100000001010
1000000000000000000000000000000000000000000001000110000000001010010010100000000010000000010000100000000000100000000001000000000000000000000100000000011000000110010000010000100001001000001000000000001000000000000000000000000100000001000100001000001000000100000000010
0 0
264 264
