21 26
00000000000000001011001000
01000000000001000001001000
00000100000000001000000000
00000000101010000010001100
10001000000000000001011000
10010001000000100000000010
10000100000000101001010000
00000000110100000000000100
00000000000110011000000000
00010000000001000110000010
00000001000000000000100100
10101100100010000000010000
01010111110000000001000000
10100001001000000010000000
00000000001001001010000100
00010110000000001010010000
00100001000010101100001100
00100011000100010000100000
00010000000000001001000000
00000110000101011010110000
00010001000000001010000000
4 20
20 2
