26 26
00000100000000010000100000
00010001000010000100000100
00010011000000001000000000
10000000000000000000001000
00100100100000000000000001
00010010000010000110000010
00001101001000100000100000
10000000100000110000010000
00100000000000010000000000
00011000000000101100000000
01100000000000000000000000
00000000000000001000000100
01000011001101100010000000
10010100001000000000000000
10101000000101110000000000
10001001000000000000000000
01010001000010000100100000
01000000000000000010100011
00001110000000100100100000
00000100000000100001010000
10000000000000001000001010
00000000000001000011010000
00000000000010000001000000
00000100000001000001000000
00000000100000000000000000
00010100000000000000000000
0 0
25 25
