270 270
001000000101010000000000000001000000000000000000000000100000000000010010000000000000000000000000000000000000000000000010001000000000000010000000000000000000001010000000100000000001001000000000000000000000000000000000000000000000000000000000001000000000000000000100000000
000000000000000000000000001001100001000000000000000000000000001100000000000010000010000000000000100000000001000100000000000001000000000000000100001010000000000000000000000000000000110000000000001000010000000000000000000100000000100000000101000010000000001000000000100010
000000000000000000100000000000000100100001000010000000000000001000000000000000000000000010000000000000000000000000001001000100000001000000011010001000001000000000000000001000000000000000000000010000000000000001100001000101000000000000100000000000000100000000000000000000
000000000000000000110000000001000000100010000000010000100000000001000000000000010010000101000100000000000000000000001100000001000000010000000000010100000000000000000000000000000010000010000000000000000000000111000000000000010000000001000000000000000000000000000000000000
000010000000000000000000000000000000000000100000000000000101010100001000000000000000000100000000000100010100001010000000000000000000010000000000000000000000000000000100000000000000000000000001000010000000000000001000000100000000000000000000100000001000011001000000000000
000000000000000000000100000000000000000000000000000000010000001100000000000001010000000000000000000000000101000000000000000000000000010000001100000000000000010000000000000100001000100000000001000100000000100000001000100100000000000001000001000100000000000001000000000000
000000000000000000000000010000000000000000000000100001011000000110000000000010001100000000001000000000100100000000000000000000000000000000001000000010000000010100000001000011100000000000010100000000000000000000000000000000001000001000000000000100000000000000100000100000
000000010000000000100000000000000000000000000000000000000000000000001000000000000000100100001000000000001000010110000000000000000000000000000000000000000000100001000100000000000000000010000100000010000000000000000000000000000000000000000000000010000000000100010000000000
000000000010000000000000000000110000000000000010000001000000000000000000110100100010000000010100000000000100000000000000101000000000000000000000000000000000001000001000000000000000100000000100000000000000000000000000000100000101000000000001000000000000000000000001001000
000000000000000000001000000000000000000000000000001000000000000000001010010000001100000000000110000000000001001000010000000000000000001000000000000000000000000000000001000010000010001000000100000000010100000010110000001000000000010000000000000000000100000000010000000000
000000000000001100000000010000001001000010000000000000100100000000000010000000000000000010000100000000010001000110000000000001000000000000000000000000010000000000000010000000001000010000000000000000000000000000000000000000010000100000000000000110100000000000000000000000
000000000000000000000000010000000010001000110000000001000000000100000100100000000010000000000000000001100000011000000000000100000000000000000000000000000010001000000000000000000000000000001011000000000000000000000000000000000000000000001000000100000000000000000001000000
000000000000000000100000001000000000000001000000000010000101110000000000000000000100000000000000001100000000000000100000000000100000000000001000001000000100100010000001101010000000000000000000000000000100000000000010000000000000000000000000000000000000001001000000001000
000000000000000100000001010000000001000000000000000100000010000000100000000001000000000000000000000000000000000000000000000000000010000000010010010000000000000000000000000000000010000000000000000100000001000000000000000000000000000001000010000000000000000000100000000000
000000000000000000000100000000010000000100000000000000000000000000000000010010000000100000000000101000000000001000011000000010000100000000000000001001000000010001000000100000000010000000000001000000000000000100000000000000000000010000000000000000000001000000000000000000
000100000000000000000000000100000010000000001000000000010101100000000001001000000000000000000000000000110010000000000000001000001000000000000000000010100000010110001000001100000000000100000000001000100000000000010000000100000000010000000000000000100000000000000000000000
000000000000000010000011000000000000000000000000000001001000000010000000000010000000001001000100000000001000000000000000000000000000000000000000000100001000000001010000000100000000010000011000010000000100010000000000000000000000000000001000000000000110000000000000000000
000000000000000000000000000000001000001000000000000000100000100110000000000000000000010000000000000000001000000100000000010000000000000000000000000011001000000000000000000000001000000001000000000100000000000000000000100000000000000000000000000000100000100000100000000000
000000000000010000000000000010010000000000000010001000001100000000000000000000100100000000001001000000000000000000001000000000000000000000000100100000000000000100100000000000000000000000010000001010000000010000000001001000000000110000000000000000000000000000001000100000
001110010100100000000100000011000000000000101010000000001000000000000010000000000100000000000100000011000000000000001110000010000000000001100000000100000010100000001000000010000000000000000000001000000000000000000000100000000100100100000000000100000000000001000000001000
000000000100000000000100000000000000000000100000001000000000001000010010000000000000000000000000010001000000001000000000000001000011000000000000001100000000000100000100000000000000000000000000000110000000100000000000000100001000000110001100000000001010000000000000000000
000100100000001000000000000000010000000010000011000000100001000100000000100000000000100000000010000000000000000000000000000000100000000000000000010100001000000010100000000000100000000000010000000000101000000100001000000000000000100000000010000000000000001000000000001000
000000000000000000010000000100000001000010000000000000000000000000010000010000000000100010000000000000000101000000000100000000000010000100000000000000000010000010000000000000001000000010100000000100000000000010000000000000000000010010000000000000000001000000000000000000
000110000010010000010000000000000010000001000000000000000000000000000000000000000000101000010000000100000000000000000010000000000010000110001000000100000000010000010100000100000000000000100000001000010110100010000010000010000000001000000100000000000000010100000100000000
000000010001100000000000000000000000000000010000000010000100000000000001010001000000000000000010100000000000010010000000000000000000001000000000011000000000100000001000000001001010000000000000000010010000000000000000000010011000010000000000000000000000000000001000000000
100100000000000001010000000000001001000000000100000000000100000000000000000000100000000010000010000000000010000000000000100000000000000000000000000001001000000000000000100000000000010010001000100001100000000000000000000001001001000100000010000000000000001000100000000000
100010000000100100001010000000000000010010000000000000010000010000000000000000000000000000000000010000000000000000000010000000000100000110001010010010000000101000010100100101000100001010000101000100011100000000000000000000000010000001000000000000010000000000000000000100
010000000000000100000000010001000000000000100010010010000100000000000000000001001000000000000001000000000001000100001000000000101100100000000001000100000010000001000000000010000001000000001010000000000010000000010000000000000100000000000000000000000000100000000001000000
001000000100000010001000000000000000000100010100001000000000000000000100000100000010000000000000000000000000001000000100000000000000000000000000000000100010000000000000000100000000000000000000100100000000100000000000000000000100000000000000000000000001000000000000100010
000000000000010000010000000000000000000000000010101010100000000000000000000100000001010000100001000000000000000100001001000000000010010010000000000000000000000000000000000001010011000000000000000000000000000000000001000000000000100010100000110110000000000000000000010101
100000000000000000000000000000000000000000010000000001000000000000100000000000000000000000000000000000001000110000110000000000000000000100100000001000000100001100000000010000000000000000000000000000000100000000010000000010000010000100010000000000001001000001000000000000
010000000000000001000000000100000000000000000000000000000000000000001001100010000000000000001000010000000000000000000000000000000000000000000000000000000000100000001010000000100000000000100000000001000000000000000010000000100000000000000001000000001100000000000000000000
001000010010000000000000100100000000000000000000000000000000000000000000000000000000000010001100000100001000010000000000001000000000000000000000000000010000000000000000000010100000000000000000000000000001010000000000000001000000001100000000000000000000101000000110100001
000000100000000001000000000000100000000000000000001000000000000000000111000000000000000000010000000000000000100010000000000001000000000000000000000010100100001000000100010000000000000000000010000000000001100000010000100000000000001000000000100010000000000000001000100100
100000000000001000000001100000010000000000000000000101000011000001000001000100000100001000001000000110000001000000000010000000000000010000010000000000000001101000000000000000000000010000100000000000001000000000000100000000100100001000000100000010000100000000000000000000
000000010100000000000000000000000010000000000000000010001000000001000010000000100000001000000000000000000100000100000000000000000000000010000000000000010000000000000000000011000000010000000000000000000000100000100101010000010010000000001000000000000000100000001000000000
000000000000000000000000000000000000000000000000010000010000000000000001010000000000100000000000000100000010000000100000000000000000100010000000000000000000000100000000000001000000000100000000100000000010000000000000000001000001000000000000000110000000000100000001000001
000000000000001000000000000010000000010001000000010100001010100000000100010000000100000001000100000000100001000000000000100000000000000000110000000001000001000000000000000001001100001000010000000000000000000100000000000000000000000000100101000000000000000010000000000000
000010000000000000000000000000100001000001100000000000000000000000000000000001000000000000000000000000000000001000000000000000100000000000000000000000000000000000000000000100000100000000010000100000000000000000000000001000000100000000000000000001000000010000000001010000
000010000000100010010000000000000000000000001000001000000110000110000000011000000000001000000000000000000001000000000100001000100000000000000000000000000001100000000000000100000000100000000000000100000000100000000000000000001000010000001101001000000010000000010000000000
110000000010010010000000000000001000000000011000000000000000000010000010000000100010000000001100000000100001100000000000110001000000010000000010001001000000000000100000001000000001010100000000100000000100001000000000000010010010000000001000000000010000000001100000000000
011001010000000100000000000000000000000000000001000000000000011000000000010000000000100000000000000000110000000000000000001000000000000000010000000000000000000000000000000010010000110110000000000000001000000000000000000111000000000000000000000000000001010100000000000101
000000100000000000001000010001000000000010000001000000010010000000000100001000010000000010001000000000000100100100100100100100110000000000000000010100000000000000010000000000000000000000010100000010000000000010000100000000000100001000000010000100000000000100000000001000
000000000000000001100000000000000000000000000000000000000000000000010000000000000000000000000000000000010001000000000000010000000000000000010000000000000000000000000100000000000101100000000000000000000001110000000000001000000000010000000000000001000000000000000100000000
000100000000010000000000000000000010000000000100000000010000101000000100010000000001000000000000000001010000100010000000010010001011001000000010000001000100010010100000110100100000000000000000011000000000000000010000100000000000000000010000000000000000100000000000000000
100010000010100000000000000110000000000000000000000000000000100000000000000000000000000000100000000000000000000000000000000000000000000000010100001010000000000101000010000000000000100000000000000001000000010000000000000000000000001000001010100100000001001001000000000000
000100000000000000000000001000000100011010000010000010000010000010000010001100000000001011000010000011000000000000010000000000000010000000010000010000000010000100000000010000100100000000100000000000000100000000010000000000000100000000000000001000000000000000000100001010
000100010001000000010000000000001000000000000001000000000000000001000000011010000100000000000001000000000100000010101000100100010000010000100000000000100000000000000000000000000000000000000000100000000100000000000000000000000000000000000000000000000000010001010000000000
000000000000000000000100000000000000001000000000000000000000000100000000000000000001010000000000000000000010000000000101000000000010000000100001000000011100000000100100000000100000000100000000000000001000000000000000000000000000000000000000000010000010000000000000000000
001000001000100001000000000000000000000001000000010000010000000000010100100000000100010000001100000001000000000000000000000000010000010000001110000000000000000000000000010000000000000000001000000000000011000000100000000000000000000000000000000001000000000100000000000000
000000010010100000000000000000000000000000000100000000000000000000001000000000000010011000100000000000001000010000001000000010000000000000010110000011000010000000000000100000000000000000000000001000000000001001000000000000000000000000000000000000000010000000000000010000
000000100000000000000001000000000000000000010000000000000000000000000000100000000100000000000000000000000000000000100000000000010000000000001000000000000000000010000100000001000101000000100000000000000011000000010000000000010000000001000000000000000010000000000000000010
000000010000000100000000000000000000000000000001000000000000000000000000000000000000000000100000000000100000000000000000001000000000100001100000000000000010000000001000000010000000100000000000000010100100001010000000001000001100000001000000000000000000100000000000000000
000100000000000000000110101001001000000000000010000000000000000000000010001000000000000000000101000000000100100100011000000000000000010000000000000000010000011000000001000100000000001111010000000000000000000000000000000000000000000000000000000001010100010000000001000000
000000010000000010001000000000100001100000000000000000011000000000001000000000000100100000000000000000000000000000000000000100000000000011100000000100000000100100001000000000000000010000000000000010000000000000010001100000001100100000000010000000000001000000000000000000
000000000000010000000000000000000000000000000000000000000000001010000000000000001001000000000010000000000000000000000000000000000100000000000000000101000001010000001000000000000000000000000000000000000010000001000010000000000100000010000001011001000000100000000000101000
000000100001000000000100000000000000110010010100011000100000011000010000000010000000000000000000010000000000010000000001101000000001000000000100000000000000010000000000000000000000000000000000000001000000010000000000101100001000010000000010000000000001000000000000000000
000000000000010000000010000100010000000000000000000000000100000000000000000000100000000000000000010000000000000010000010010000100000000000000001000000001000011000000000101000010000000000001000000000000000010000000000101100100000000000100000000000000010000000000010010010
000000000000100000000011000000100010001000000000110100100000000010001001000000000001000000000000000001001000000000000110011101000000000001000000100010000000000001010000000000001000000000000000010000000100000100000000000000000100000101000000000100000000000000001000000010
000100000100001000100000000000000010000000000001101110100101000000000000001000000000000000000000000000001000000000000010000000000100000010000010000101000100000000011000010000000000000000000010000000000000000100010000000000010000000010000000000000100000000000000100000100
000100001010000000000000000000000000000000000000000010000010010000001000000000000010000000000011000100000000000001100000000000000000000000000000100000000000000000000000000000001000000000000000000000010000000101001000000010000000010010000000000000000000100000000000000000
000100000001000000000000000000000000000000000000000000001101000100001000000000000000000011000010000000000000000000000000000000000000000000000000001000000000000001000000000000010011000000000000000000000101010000001000000000011000000000000000000000000000000100000001010000
000010000000000000000000000010100001000101001000000000000001000001010000000100000001000000000110001000000001011000100001001000001001000000000000100000000000000000000000000000000000000000000000001001000000100000001000000000100000000000000100000000000000010001000000000000
000000010000000000000010010000000000000000000000000000000000000000000101000000000000000000000000001000000001000000000010000000100001001000000000000000000000000000000000000000000000000001000000000000000000001010000000000000000001000001000000001010000000100000000000001100
000001100010000000000000010001000000001000100000000001000001000000000010000010000001000000000100010000000000000000000000000000100000000001000001010000000000000000100100000000000000000000000000000010000000010010000000000010001000100000000000000001000001100000001000000001
000000000000000100000000000010001110000000000000000010000000000000000001000100000000010010000010100000000001100000000000000110000000000000000000000000000000000010000000011000100100000010000000000000000010000010000000011100000000000000000000100100000000000001000000010000
000000000100000000000000001000000000000000000010010000110000001001000001011001000000000000000000000000000000000000000000000000000100000001000000010000000001000000000000000000000000000000000000000000100000010000100010000000000010000000000000000100000001000000000001100010
000000000000010000000000001000000000000000000100000000000000000000000010000001000100000001010000000000001000000000000000000000000000000000100000000100000000000000000000100000000000001100100000000000110000000100000000000000000001100000000000010001000000000000000000100001
000000000000100001010010000000000000000010000100000000101000001000001000000000000000000100000011000010010000000000000010000000000000000010000000000000010000000000001000000000000000000000000010000000001001000010000000010000000001000000000010000000010000000000000000000000
000100010000000000101000100100000000000000100000000001000000000011000000000000000110000000000000010000100010000010010000001000010000100000000000000100000000000001000001000000001000000000000010010000000000000010000101000000000000000000001000000000000000000000000000000000
000000000000000000000000000000000100000000000000000001001000001100001000000000000001011000000000000010010000000000000000000000000001000000000010000000000100000000000001000010000000000000000000001000100000010000000100000000000000000010000000000000000000000000000000100001
000010000010000010001000000000000000001011000000000010010000000000100000000000100100000000000001001001000100001010000001000000000000000000000010000000000000000000000101100000100010000010000000000000001000001000000000000100001001000000000000000100000000001001000000000000
010000000100000000000000000000000100000000000000001000000000001000000000000000100000010000000010010001000000000000000000001000000000010000101000100000110000000100000000000100000000000000100000000000000010000000001000000100000000000000000000000000001011000000000000000100
000001000000000000101001000000000000000000000000001000000110100001000000000000000000100000000000000010000000001010000000110010000000000000000000000000000000000000000010000000000000000000111011000000000000010000100000001000000000000000000000010000000100010000000000000000
001000100000000010000000000000010100010001001000000010000010000000001000000010000000100100000000000000000000000000000000100000000000100000000000001001000000100000011001000000000000000000000000000000100100000000000000100000000010000000000000000100010010000000000000100000
000000000010000000000010000100000100100000000000100000000001010000000110000000000000000000110010000000000000100101000000000000000010000000000010000010000100000000000010000100001001000000101000000010000000000010100000000000000000001000000010000000000000000001100000000000
000000000000000000000000000000000000000001000000000010000000000000100000000000000000110001000001000000000000000100000000000000010000010010001000000000000000000000000100000000010100000000000000000000000000000000100000000000000001000000100000000000001000011000000000001000
000000000000000010001000010000000001000000000000000000000000000000010000010000000000000001000000000010000110010100000000010000000000001010000000100000000000100010000000000000000000010010000001001110100000000000000000001100000000000000000000000000000100101000000000000000
000011010000000100001010010000000010000000000001001001000000000000000000000001101000000000100000000000000100000000000000000010000000001001000000000000000000000001010000000100010000100000001000100100000010001000000001000100011001000000001000000000000100000000000000000000
000001100000100000010010000000000000000000010010000000000100100000000000000000000000000010000000001000000000000010000001000001001010000001000001000010010000001001000000000000000000010010001000000000001010000000000000000000000000010100000000001100100000000000100000000000
000000000010000100000100001110001001000000110000000100000001000000000000100000010000010000000000000000010000000000000010000000000010000000000000000000000000000100000100100100000000000000000000010000100000000000000000000000000000000100000000000000000001100000000000000000
000010001001000101001000000010000000001000000000000001000000000000011000000000000000000000001000001000000000001000001000000000000000000000010010001000000000000001000000000000010000000001000000000000000001000000000000000000000000100000000100000000000000000000001000000000
000000000001000000000100000000000000001000001010000000100000001000001000000101000001001000000000000000000000000100000000000000000000000000010000000010100000000100000000000000000000000000000010000000110100000000000000110000010000000000101000010000000000000000100010000000
000000000100000000000000000000001011000000100000000000000000000010000001001010001100100001000010000000000000100001100100010000000000000000000000001000000000000000000000000000010000000000100000010000000000000000000000010000000000000000100000010000000000001000000110000011
000001000000001001000000000000000010000010000000000001000000001100000000000000000000010000000000000000000000001001000001000000000000000000000000000000000000000000100000000100000100000100000000000100000000000100001010000000000001000000000000000001000000001000000000000000
100100000110000000000000000100000000000000001001010000000001000000000010110000001000000000000000010000000000000100000000000000000100010000000001000101000000000000000001000000100000000000000000010000000000000100000000000000000100000010000000000001000000000101000100000010
000000010000100010000000000100000000000000000000000000000000000000010000000000000000000000000000000000000000000000000101011000100000010000000001000000000000000000100000000000000000000000000100000000000000000000000000000000000000000000100100010100000010000001000000000000
010000000000000100000010000000000000000001000010000101001000001100011000000100000010000100000010000000100001000001000010000000000000010100000000010000000010000100100000000000000000100000001000000000000000000000010000000000000000000000000000000000000000000000000000000000
001000000000000000010000000000010010000000100000000010000000000001000000100000011000000010010001000000000000010000000000010000001000000000000000100000000000100000000000000001000000000000000000000000000000100000100000000011100100000000001000000000000100000000000000000010
100000000110000100000100000001000000000000010000000100000001000000000000000000000010000000100010000000000000000000000010000001000000001000000100000000100000001000100000000000011000100000100000000010010001000001000000000000001000000000000000100000001001000100001000000000
000000000000100000100000000000000000000000000100000000000001000100000000100000000000000000000000010001010100000000001000000000000000010100000000010000000100000000000000000010010100000000000000000010011000100000000000000001000000010000000000000000000000000001000000100100
000000000000000000000000000000000000000000000010000000000000000000000000000010010000000000000000100010000000000000000001000000000000010010000000001100010010110001100010100000000000000000000000010000000100000000001000100100000010000000011000000000010000000000010000000000
000100000000000000001000000000000001000000000100001001001010010000000000000000011000000000001100001010001000000001000100000000100000000001000000000100000000001000010000000100010000000000000101000000001000011000100000000000000000000000000000000000000000000000000000000010
000000000000000000000000000000000000000000000100010000100001000000000000000000000000000000110000101000000000000010001100000100010000000000101000000000000000100000001111000001000000000000000100000001000000000100010000000000000000000110110001000000000000001010000010010000
000000000000000000000000000000000000001000000000000000000000000000000000000000001000000000000000000000000000001000010001000001000100000000100000000001000000000000000000001000000000000000000000000000000100000000000000000000000101000100000000000000100000000000000000010001
000000000000000001000001000100000010000011000100001000000000000000000000011000001000000010000000000000000100000000000000000101000000000010000000100000000000000000000000100000010001100000000001000000100000000000111001100100000000000000000000000000000000100010000000000000
000000000000000000000000000000000000000000000000000001000000000000000000000000000100000001000000000000000110000000000000000000000011000000000000000000000100101000000000000000010000101000010000000100000000000000100000000000100000001000000100000000000000000000000000000000
000000000000000000000000000000000000000000000000110001010001000010010010000000000100000000000010000000000000000110100000001000000100100000000010000000000000101000010001100110000000000000000000000000000000000000000000100000100000000001000000000000000000000000001000000000
000000001000000000000000000000000100100000000000001000000000000100000000000001000000000000000010000001100100010000000000000000000000010000000100000100001000100000000100000000000000100100000000010000000000010000000010010000000000010000000000000000000000001010000010000000
000000001000000000000001000000000000000000000000000100000001100001000000000000010000000000010000000000001000000000001110000000000000000000010001000000000000000000000000000000000000000000000000000000000000000010000000000000000000000000100000000000000000000000011010000000
000001001000000000000000001000000000001000100000000000000000000000000000000000000000000000000000000000001000000000000001000000000100000000000100000000000000000000000001000000000000000000000000000000000000000000000000110000000000000000001100000000000000000010000100100000
001000011000000000000000000010000000010001000000000000000001000010000000000000000000000000010000000000000000011011010000000000000000000000000000000000010000100000001010010000000001000000000000000000000010010000000100000000100000000010000000000000001000000000100000000000
000000000000000000000000000000000000000000000100000010000010000000000000000000000000100000000000100000100000000000010100000000100010000000100000000000000010101000000000000000000000100000000000000001111011001000000000000000010001100000000000100100010000000000000010100000
000010000000000000010000010001000000000000000000000000000000000001001000000000000000001000000000001000000000000000000000000000000011000010001000000100000000011100000000000000000000000000000000000000000000110100000000000100000000000100001000100001011000000000000000000000
000000000000000001000000000000000010000100100000000000000000000010000001001100000000000000000000000000000000000000000000000000000011000000000000001000000000000000000000001000000000010000000000000000000000100000000000000000000000000000000000000000000100100000010000010011
000000001000000000100000001000000000000000000100000000001101000000000010000100000000000000010000000000000000001000000000100010010000000000000000000000000100000000000000000010000100001010000000010000000000000000000000100000000000000001000000000000001000000010000000000000
010100000000100000000001000000000000000000000000000000010010000000000000010000000000000000000000010000000000000000000000001000000000000010000000000001000010100100000000001000000000000000000100000100000000000000000000000000000000000000000000000000000000000000010100000000
001100000000000000000000000101000000001001000000010000000000000000000000110101100000000001000000000000000000000000000000000000000000000100000000010000001000000000100001000000100000000101000000010000000010000000000001001000000000000000110000110100000100010000000110000000
000000001010000001000000000000110010100000000000000000000001100000010000000001000000000001101000000000000000001000000000010000000000000010000010100000000000000000000000001000000000010000000000000100000000000100100000001000000100000000000000000001000000000000000010000000
000000000110000000000001000000000000000000000000000010000000000001000000010100011000000000000000000000000000000000000001000010000000001100100000000000100000000000000000000000000000000000000000010100010001001101010000000000000000000000100000000000000000010010000000000000
000001000010000000000100000000000000000001000000000000000000010000000000000100000001001000000000000000011010000000000000000100000000100000100000100001000000000000010000000000100101000101100000000000000000000000000000000000000101000010000000100100000010001000000000100000
101001000010000000010010000000000000000000000000100000000000000000000000000000010000000010000000001000100000001010010000000000000000000000000000000100000001100000010000000001000000001000000000100000001000001000000000000000000000000000100000011100001000001000001000000000
110011100000010000000000000100000000000000000010000000000000000000000000000000010010000000010100010000000000000000000000000100100000010000010000000000000000000000000000000000010000101010000010000000001100000000000000001010000100000000000000000000001000000000000001000000
001000000000100101000000000000110000000001000000001000000000001000000000000000000000000000000000000000000000000001000000001000000000000010100000100011000000101000001000000001000000000110001100000000000000000000010000000101000000010000000000000000000000001010010000000000
010100000001000110000000000000000000000100000000000000000000000000000000000100000000000000000001001000000000000000001001000000000000000000000001000000001000000000000000000000000000000000000000000000001000000000000001000010000000000000000000000010000100000100000000000001
001000001000000000000000000000000000000000000010000001000000010000100000000000000000000000000000000000000000001000000000000001000000000001000000000000000000000101000010000000000000000001000000100000110001100000010000000000100000000000000010001000000000001000000100000001
000000000000100000000000010010000010000000000100000000010000000000000010000101001000000000000000100001000100000000000000010000000000000001000000000000000000001000010000011100111010000000100000000010000010000100000110000000000100000100001001000000000100000000000000000001
000000010000100000000000000101001010000000001000010000000001000000000000000000000000100000000100000000010010000001000000000000010100000000000000000000000000000000000010000000000100010000000000000000000010010001000000000000000000000000000000000000000001000000000001000000
000000000000001000000000000000000000000000001000000000010000001000000000000100000000000000000000000000000010000000101000000000000001000000101010000100000000000000000000000000000000000000010000001000001100000000000000000000000000001000000100000100001000010000000000000010
000000000001001000000000000000000001010000000000000000000000000100000000000000000000000000001000010000000000000000100000000000000000000000000000001000000100000000000000000011000010010001000000000000000010000010000000000000000000000100000000100000001010000011000000000001
001000000000000010100000000000000100000011000000010000000000001000000000000000000000000100000000100000100000010000010001010100001000100111100000000000010000000000100000000000000010010000000000001000000000001000000101010000000000010000000001000000000000000000000000000000
000000000001000000000000000000000000000000000000000000001010000000000000010000000100010000100000000000100100000000000010000000000000000000000000101000000000010000000000000000001001000000000000110000100000000000000010000010000010000000000000000000000100000000000000000001
000100010010000000000000100000000000000000100000000000000001000000000000000000000000000000000000100000000101000000010000000011000000001000000000001000000000000000100000010000000011000000000001000001000000000000000001000000110000000000000000000000000010001000000010010000
000000000000101010000000000000000000001000000000100000000001100000011001000010000000000000000000100000000000010000010000000001000000000001000000000100101001000000000000000000100000000001000000000000000000000000000010000000000001000010000000000000000000000000100000000000
000010000000010000000000000000000000000000000000000100000010100000000100000000100000100000000000000000000100000000000000000011100000000100000001000100000000000000000101000000000000000000000000000000000000100000000000010000000000000000010000000000000000000000011000000000
000000000000000000000000010000000000000000000000000000001000000000000000000100000010000000000000001010000000000000000100000001100010000000000010000000110001000000000000001000100000000000000000000000000000000001000000000000000100000000000000000000000000000110000001000000
000000000001000101000000101010000000000000001000010001000000000001000000011000000000000000000000000000101000000000000000100001000100000000000000000000000000000000000000000000000000100000000001000000000001000000100000000000000000100010000000000000000000000000000000000001
000010000000001000000000000000000010000011000100000000000010000000000000000000000000000100010000010010001001100000000000010100000000000000001100000101011000011000100000000100000000100000100000000001110000101000000000000000000000000001000000100000000000000100000000000000
000010010000000000101000001100010000010000000000000000000000000000000000000000000001011000000000000010000000000000000000000000000000000100000100000000000011000000100000000000000000000000000100000000000000100000000000001000000011100000000001000000010000000001000001001000
100100000000000000001000000000000001000000000001000000000000000000000000100000100000000000000100000001000001100100000000000000000100000001000100000001000000000001001000101000000000000000000000000000000000000000000000000000000000000000000000000000000000000001000000000000
000000100000000000000100000000000000000010001000000000001000000001000000000000000000100000000001000000000100000000000000001000000000001000010000000001000000000000000000000010000000000000000000001010000000000000010000100000100011000000100000000000000000000001000000000001
000000000010100111000000000100000000000000000000000000000000100000000000000000000000100000000000100100000101000001010000000000000001000000011000000000000000000000000000000000000000000001000000000011000000001000010000000010000010010000000000000000000000000100000100001000
000100000000000000000100000000000000000000000100000010001000000000000001000000000000000001000000001100000000000010000000000000000000001010000000001000000000010000001000100000000001000011000000000000000000000000010000000000000001000000100010000000000000000000000000010000
000000010001000001000000000000000000100010000000001100000001000000000000001000000000000100001000000000100000000001000000000001100000000000000000000000101000010000000001001000000001000010000000010000010000000000000000000001000110000000000000010010010000001010100000001000
010000001000000000001000100000000101000000000000000000000000000101100001101000000000010010000001100000000000000000000000000001010010000000000000000100000100000000010000010001001000000001000000100100001100100000000000000000000000000101000000010000110000110000000000001000
000000000000000010000000000001000000000000000000000000000000000000000000000010000000000000010010000100001011000111000000000000100000000110000000100000010000000010000000000000000000001100000001000000000000000000100000000000000000000000000000000000000000100001000000000000
000000100000000000000001000000000001000000000100000000000000000110000001000010100000011100000000000000000000000000010010000000000000000001001000001000000000000000010001000100010010000000000000000000000001000000010000010000000000000000000001000010000100000000000000101000
000100000000000001000000001000001100000000000000000010000101000000100000001000000000000000000000000000000000000000000000000000000100000000000000001001000000010000000010000000000000000010000100000000000000001100000000001000000000000000001000000000000000000000000100000000
000010010000000000000000010000000000000000111001000000000000000000000000000000010000110000000001000000000000000000000011001000000000100000000001000000000010000100000000000011000001000100001001100000110000000010001010000000000010000001000000110000000000000000100001110001
000001000000001100000100100000010000011000010000001000000100000000011010100000000000101000000000000000000010101000000010000001001110000000000100010000000000001000000000000000000010010010000000000000000000000000000000000000000000000000000101000000000000000000000011110001
000000000000000000000001110010000000010000000001000100100011000000000001010000000010000000000000000000000000000010000000000000000000000000000000001000000000100000000000000000001000000000000100000000000000000000001000100000001001000000000000000101010100000000001000010000
000000000000000000000100000000001000000100000010000000000010000000000010000000100100000100000000010000001000000000000000000001100010000000000000000000001100000010000000000000000000000001000000000000000010000000000000010000000000000100000010000000000100010101000010000001
000000000001000000000000000000001000000000000000000000001000000000100000000000000000000000100000010000000010000000010000000001001000000000000000010001001000000001000010000000000000000000000000000000110000000000001000000010000001000001000000100000001001000001001000000000
100000000100100010001000000000000000010010000000000000010000000100000000000000010000010100000000000000000000000000000000000000000000000100000000100000000010000000000001010000000101000000001000000000000000000100000000000101000000000000000100000000000000000000000000010000
001000000000000000001000000000000000000010100100100011000000010000110000000000100001000000000010000000000001000000010000000000000000000010000000000000000000000110000000000000000000001001000000000010000000000000000000000000000000100000101000010000000010001000000011010000
000000000010100011000000000000000000000000000001000001001010001100100000000000000000000000000000000010000000000000000001000000000000000000000100000000010000100000000000000001000000001001000000100000000000000000000000000001000000000000000000000100000000000001001000000000
000000000001000000000010000100000000000000000000010000000000000100010000000000000010000000000001100000000001010001010000000000000010000000000001001000000000001000000000000000100000000000010100000000010001000100010001101000000000000000000000000010101000010000000001000000
100010000000000000000000100100001000000000000000000000000001100000000000000000010000001000100000000110000000100000000000000100000000001000100100001010001010000000000000000011000100000100000000000000100100001000000000000010000000010000000000000000100000000000000011000000
100000000000000000001000000001000001000001000000000000000000001001000000000000000000000100000000000000000010000000000000000000000000000000000001001010000000000000010001000000000000000000000010000000000000100100000100001100000010000010000000000000000000000101100101100000
000000001000000110000000000000000000010000000000000100110100000000001100000100000010000100001000000010000001000000000000000000000000000000000000000000000000000000010000000100000000101000100000000000000001000000000000000000010000000000000000000000000000000001000000010000
000000000001000000000000000100000000000010001000000000000001000001000000010100000010100000000100000100000000000000000000000000000001000011000000000000000000000000000000000000000001110001000000001000000000000000000000000000001000000000000000101000010000000001001000000000
001000111010000000100000000000000000000000000000001100000000010000000000000000000100000000000000000000001000000100001000001001000000000000000000000000010000010010000000010000000000000010000000000000000010000000000010000000000000000000001000000101010000110010000000010000
010000000000010010000000110100000000000000100000000000000001000000000000000000000000000000000000000001001000010000000100000000000000100000000001000100000000000000001000010100000000000010000000000001000000000000000000000000000000000000000000000000000000000000000000000000
000000000100000000000000000100000000000000000100000000000010000001000010010000000100100010000110000000000000000000000000000000100001000100101000000000110000000000000010100010100000000000000100000000000000000000000100010000001000000000000000000001000000000000000000010000
001000000000000000000000000000000000000001000000000000000000000101100000001100000010000000000000000100000000001000100000000000000110010000010000000001011001000000000001000000000000000000010000100001100000000000000000000000000000100000100000000000000010001000000000001000
000010000001000000001000000000100000000000100000000011000000000000000100000000000001000001000000100000000000000011001000000000000000010000000000000001001000000000000001100000000000000000000000100010000000001000010000000001000000000000000000000000000000000001000000000100
000001000100100000100000000000000000000000000000000000000000000001000100000000110000000000000000000010000000000000000000000001000000000000000000000000000000100010000000000000000000000000000010100010000000000000000000000001000000000000000000000000000000000001000000000010
010000000000000000000000000010000000000000010000000001000000001000000000000001000000000010000000000000000000000000010000000000000000001000100000000000010000000000001000000000100010010000000000000000000010111000000100001000000001001001000000000000000000000100000000000000
000001000000000010000000000000000000000000100000000011000000100000001001000000010000000000000000110000000000000010000000100000001000000000000000000001010100000111000000000000100000000000100000000000000000000010000000101000100001000000010000010000010011000000000001000000
000110000101001000000001000010000001000000000000000100000000000000000010000000000100000000000000000000100100000000000000000010000000000000000000000000000000000000000100000000000000000010000000000000001000000010000010000000100000001000001000000011010000000100000000000000
101000000000000000000010000000000100000000100000000100000000000000100011100000100000000000000000000000000000010000000000000100000000010000000000010000101000001000100000000000000000000100000000000000000000000000011000100010000000000000000100010000000010000000010010000000
000000000100000000000000000000000010000100010000010000000010001100000000100000000101000000000000000000000000000000000000000000100000000000100000100000001000000010010100000010000000000001000000000000000000010000000000000010000000100001000000000000000010000000000000000000
000000000000000000001000000000000001010010000000000100000000000000000000000000000010000000000000010000010000000001000001000000010000001001000000000101000000000000000001000000000000000010000000000011001010000000000000000000000000000110000000000000000000100000100000000000
000100100000000000000001000000001001000000000000000000000000000000000100001000000000000000000000000100000000000000000010100000001000000000000000000000000010000000001001000001001000000000000000000000000000000000000000110000000000000000000000001000000000000000000000000000
000000000000000000001000010000000000000001000000000011000010001000000000001000010000000000000000000010100000000000000000000010100100000100000000000001001000000000000000001101010000000001001000001000000100000000001000100000010000000000010010100000000000000000000100000000
000000000000001010001000000000000000000100000000000000000000000000100000000000000001000000100000000010001000000100010000010000100000101001000000000000000000101000000000000000100100000000000000000000000100000000000000000000000000000000010000000000000010000000000000000100
000010010000000000010000000000110000010000000000000010000000001000000000000000010000100000000000000000000000001110000000000010101001100000000000000000000001010000010000000000000000000000010000000000000000000000010000000000100000000000000000001000000101000101000010000000
000000000000000100000000001000001010000000000000100000000000010000000100100000000000000000001000100000000000000000010000010100000000000000000010000000001000100000100100000001000001000010000100000010010000000000000000000000000000000000010000000000000000010000000000001000
000000000010000010000001000000000000100000000000000101001000000000000000000000000000000000000000000001000000000000000000000000000000000000000000000100000001000000000000000000000010010000001001000000000010000010000000100000000000000000000010000000001000000000000000101000
000000000010001000000000000010000010000100001000000000000000000000001100000000000000011011000001000010000000000000000000101010000000000000010000000000000000001010001000000000000001000000000000000001000000000000000000000000000000000000010000100000000000000000100000000000
000000000000000100000000000001000000100001000000000010000000000000010000000000000010001000000001001110000000000011000010000100000000000000000010000001000011001000000011000000000000000000000100001100100000100001000001000000110000000001000000000000001000000100000000000000
000000000000000000000000000010000000110000100000000100000000010101000100000000000000000010100000000111000001001000000000000000100000000001000000000010000100010100000000000000000000100000000000001000010100000111000000000000000010000000000010001001000000000000000000000000
000000000000000000000000100000000000000100000000000000000000100000000000000010000000010000000001000000100010000000000000000100000100000000000000100001000000000001000000000000000000000000000000100100000000000000000000000100000011000000000000000000000100000010001001100000
000010100000000000000000000001000100000000000000000010110001000000000000000001000101000000100100000100000100000000000000000000000100000000000000000000000000000000000000000000000000000000000000011100000000000010001000000010000000001000000000110000000010000101000000000000
000000000000000000000100000000000000000001001011000100000001000000000010000010000000000000000000000010010000001000010010000000000000000000000000000000000000100000010000000000010000000000000001000100000001000000000111000000000100000100000010000000000000000001000000000001
000000000000100000000010000000100000000000000000001000000001001000000100000000000100100010000000010100100000000001000000010000000000000001000001000000000000000000000000000100000000101010001000000101000000000000001000000000000000100010000000001000000000001000000000000000
010000000001000000000000000010000000000010000000000000000000001000000000000010000001000000000000000000000100000000000000000100000001101000000000101010000000000110000000000000000000101000000010000000000000000000000000100100000001010000000000000001000000000100000000010110
000000000000001000001000000000000001000000000001000000000001000000000100000000100000000000100000001000000000000000010010000010100000010100000000001000100000000010000000100000100010000000000001000000000000010000000000000000000010000000000001000000001100000000000000000000
010000000000000000001000101010000011000000000000000000100000000000001001000000000010000001010010010000001001000000010000000000001010000001001000100000001100000000000001000000000000000000000001000000000100000000010000000000000000000000000000000000010000000000001000110000
000000000000000000000010000000000001000100000001000000000000000000000100000100000100000000000010000000000000000010000010000100000000101000000010100010000000101000000100000000000000000000010000010001000000000000000001000100000000000000000000000000010000000000000000000000
000000000000000000000100101000000000000000001010000000110000000000000000000000000000000000010000000000000000000000000000100000000001001000000000000000000000000100100000000000001000000000000000000000000100000000000000010000001000000010010000001000000001000010000100100000
000000000001000000000000000000000000000000100000000000000000000000000000001000000000000000010001000001000000000000000101000000000100001000000101000000010000001100001000000000100010010000001100000100010000000000000000000000000010000000000000000000000000010000000000000000
000000000000100000000000000000000001000011000001000000000000000000000000000000000000000000100000000000000000000010000100010000010001000000000000000000000000000010000010000000001001000010001000100000000000001000100000010000100000000000000000000100010001000000000000000000
000010001010000000001000010000000110000000000000101000001001000101001000100000000100000000000000100000000000000000000000000000000011000000000011100000000000000000000000000000000000000101010000000000000000000000000100001000000000000000100000000000110000111000000001000000
000000000000000100110000001001000000000000001000000000100000010011000000000000000000000100000000000000000000000000000000100000000000000011000001000001000010000000000010010000000000000100000100000000001000010010101100000000000000000000000010011100000000000001000000000000
000000000000000000000000000000000000000000000001000000000000000000000000000000000000010000000001010000000000000001000100000000000000000000100000000000000000000000000000000010000000110000000001000000000000000100000000000000000000000100000000010001000010000000000000000100
000100000000000000000000100000000000000000000000000000000000000001001000000000000000001000000000000000100000000000000000100000000000000000000000000000001000000000000000001001000000100000000001001000000000000000000000000000001010000100000000001000010000000000000000010000
100010001000000010100100000000000000000010000000000010000000000000000100010000000000000000000000000000000000000000101000000000000000000001000000001000001000000000000000100010000100000000000001000100000000100000100000000000000000000000000101100000010000000000001000000000
001000001000110000000000100000000000000000001000000000011100000000000010000000000000001000000000100000010011000010100000000000000000000000000000000001000010000101010000000010001000000000001000010000000000000001000000000010000000000000001000000110001000000010000100000000
000000101010001000000000001000000000000000000000001000000000000000000000000000000000010000000010000000011000110000000000000000100000000000010000000000100000000000000000001000010000000000000110000000000000000000011001000000000000000000100001000100000010000000000001000000
000000000000000000000000000000010000001000000001010000010000010000000100000000000000000000001000000010000000000000100000000000000000000010101000001000000000000000000010101000000010000000000101000000100000000000000000000010011000000001001000000000001100000100001010000000
100000000000010000000000000000000001000000000000000000100010101010000000010000000010100000100000000000001000000000000000010000100100000000001000000001000001100000000001010100010010100000000010000100000000000000000000000010000000000110000100000000000001000000000000000000
000110001000000000000000000000000000000000000000000000000000000000001101000000000000000000010000001000000000000000010000000000000000000000000000000000000100100000000000000000000001000100000000000100000000000000000010000000001000000100010000000000010000001001000000000000
000010000000000010000100000000000001100100000100000000000000000000000000000000000000000000000000000000000010000000000000010000011001000100010000010000000110000000000000001000000000000001100010000100000000000000000000010000000000010000100000001000000000000001000000000000
000000100010000000000000000100000000000000100000000001000000001000000010000000000010000000000000110000000000000010000000000001100000000001001001000000000000000000000000010001000001000000101000100000000000100000000000000100001000000000001000000000000000001000001000000010
010000000000100000000000000001000000001010000000011100010100000000001000000000000000000000000000100000000000010000010010000000100000000000000010000000000010000000010010000000000100000000100000010000010000000000000000000000000000010001000001000100000000110000010000000000
000000000000000000000000000000010000000001000000000000010011000010000010000000000000000000000000000000001000001000100001000000000000101100000100000000000000010000000000000000000000000001100010000100000000010001000000100110100100000000000000001001000000000001000000000000
000000000000010010000000000001000100000000000000000000000000000000100011000010001011001000000000001000000000011010000001000000001000000001000001000000001000000000000000100000000011000001010000000000000000010000000000000000001000000000000000000000000010000001000000000000
000000000001000000000000001000001000000000000000110000000000000100000000000001000000100000100000100100000000100100000010000100000100010000100000001000000000000001000100000000000000000000000000000000001000000000000000000001010000010001101100010000000000000000000000000000
000000010010000000000000001000000000000000000011000000000000000001000001000000010000000000000100000000010000010000000000000000000100001010100100000000000010000000000000000000100000000100010000000000000000000001000000010000000000000000011000010000000000000000000000000100
000001100000000000000000000100001100000000000000000000000010000000001001000000000000001000000000000000010000001010010000000000000000000000000000000000000000000000100110100000000000000000000001000100000000000000000001100000100000110000000001000100000000010000000000000001
000001010100100000100000000000000000000011000000001000000100000100000000000000000000000000000000000000000000000001000100100000001000000000000000000000000000000010011100001000000000000010000000001000000011000000000000000001000000000000010001000000000000000000000000010001
000100100000001000000000000001000100100000000100000000010000000000010000000000000100000000000001001000000000000010000000000001100000000100000000000000000000000000001100001000000000000100000000000001000000010000000000000000001000000000000000000000000000100000001010000000
000000000011000000000000000000000000000000000000000000000000000000000000000000000000000010001000000000000000000000000000010000000001000000000000000000000000000100000000000000100000000001000000000000011010000000000000000000000000000101001001000000000000000010000001000000
001001011000001001010000100000000000000000000000000000101000001000000100000000000000010000000010000000000000100100000000000000100000010001000101000000001000000100000001000000000100000000100000000000000000000010010000000000000000000011000000000000000000000010100001000000
000000000000000000010000000001000000000000000000000000000000000000000000000000000000000000001000110010000100000000100000000100000000010000000000010000000000010100000010010000000010001000000100100000000000100000000000000000001000001000000000000001000000100000000000000001
100000000000000000000000000000000000000101000000010000000000100000100000000000010010000001000000000000000000000110000000001000100000000000000000010000000000000000000000000000000000000000110000000000000000000100010000000010000000000010000010000100000000010000000100000000
000100100000000000000010000100000000000000000000100010000000000000001100101000000100000001000100100010000000001000000000000000000001000000100000000000000000100000100000000000100100000000000000000000001000000000000000100000000100000000000100000000000000010000000000000000
000000001000000000010100001100000000010001000000000000000000000000001001010000000100000000010000000000000001000000000001000010000010100000000000000000000000000000000100000000000000000001000000001100000000000000000000000000001100010110000000000000000000000010000010000000
000100000000001000000000001000000000010100001000010100000000000000000000000000000000000000000000000000000000001000001000000000000010000000000000000000000000000001000000000100100000000000000100000000000000000000001000011000000000000001100000001000000000000101000011000000
000000100000000000000000000010000000000000010000000000000000000000000100100100000000000100000000000000000000100000000000000000000000000100000000000000000000000000000000000000000000000100010000110000100010100101000000000100001010000000000000000001000000000001000000100000
001000000000000000000000000001000000000000001000000000000000000000000000010000000001010000000010000010110000001001010000000100000000000010000100000000000011000000100100000010000000000000001000000000000000000000000000000001001000000000000000000000000100001000000000000010
000000000000000000000000000000000000000000000000010100000000010001101000000000000000000000010001000100000000001000000000000000000000000010000000000000000000000000100000001001000000010000110000000010000001000000000000000000000110000011000000100000000100000000000000000100
000000010000000000000011000001001000000100000001000000001000000000000000000000000000010000000000000000000000010001000000000000000100000110000100000010100000010100001000001000000000001100000000000000000100000001000000001000000110100000001000010001000010000001000000000000
010000001010000000001000001001000000100000000000001000000100000000000000000000010001000000010010000000000000000000000000000000000000000000000000000000000000000000000000000000010000000010000011100000000000000100000100110100000000000000000000000010010000001010000000000000
000000001000000101000001000000000000000000000000000000000100000000001001000000000000000000000000001000000000000000001000010000000010000000010001000000001000100000000001000000000000000001000000000000010000000010000000000000000010000000000001000000010000100000100000000000
001000000000001000001000000000000010010100000000000000000000010001010011110001000000000000100000000100000000000000010001000100000000000010000000000000000000010000000000000010000000001001100001010000000000110000000000000000000000000000000000000000000000000000000000000000
000000010000000000000000000000000001000000100000000100000001000000101000000001000010000000100000000000000000001000000000000010000000000000000000000000000000000000010000000001100000010000000011000100000001000000001000010000011000001000100010000001000010000000000001000010
001010001000000100000010100000001000110000010000100001000000000000000000000000000000000000101010001000000000010001001000001001000000000010100000000010000000000000100000100100000000001000100000000000001000000000000000001000000000000000000000000000000000000000000000000000
000000000001000000000010000011000000000000000000000000001000000000000000000100000001000000010000000010000001001000000000000010000000000000011001000010000000100000000000000010000100000001000000000110000000000000000100000000010000000000000000000000001100000110000000000100
000001000000000100000000100000010001010000100000000000000000000000110000000010000000000011000000001000000000000000000000010000000000000010000000000000001000000000001000000000110000100000010000000100000000000000000000000000000010010000000000000000000000000000000000000000
000000000000000000000000000001000000101000110010000100100000000000001010010000001010000000001100000000000000000000010000011000000000000000000100000000000000100000000000010000000000000000000010000000000000000000100000000000100000000000000000000000100000000000000000010001
000000000011001000000000000010000010000010001100000000010000010000110001010000000000010000000000000001000000010000000000000100000010000000010000000000000000000010000000000000000010000001000000000000100010010000000000000010000000000000000001000000000000000000001100000100
000000000010000000000000100000100000100000000000000000000100000000000000000000000010100000000000000000000000001000000000000000000000000000000010000000000000000000000100000000000000000000011000000000000010010000110000000100000000000000000000000010000000000001000000000000
000000000000100010000000000001100000000000000010001000000000000110000000000000001010000000000000000000000000000000000000000000000001000000000000000001000000000000000101000000000100101000000000000000000110001001000000100000000000000000000010000000001000000000000000000000
000100000000000000001000000000000000000000000100000000001000000010000000001001000100000000001000100001000000000000000100000000000000000000100101000000000011010000000000000010110100000000000000000001000100010000000100000000000000000000000000000000000010000000010001010000
001100100000100000000010000000000000000000000000000000000000000000001000000000010001000000100100000000000000000000000000000000001000000000000100001000001000010000100000000010000000000000000000000000100001010000000000001000100000000100000000000000000011101000000010100000
000000100000000001000000000000000000100000001000000000000000000010000010000000001000010000000000000010000010000000000000000100000000100000000000000100000000000000100000000011000000100000000000000000000000000000001000100000000000000000000000000001010000000100011000000100
000010000000000000000000000001000000010000000001011100000000000000000001000000011000000000000000010000000000000000100010000110111000000001001000000011100000001000010100000010000000000000000010000100000000001000100000010000000101000000000000100000000100000000000000000000
010000000101000010000000000100100000000000010000000000000000000000000000001010000000000000000001000000101000000000000000001000000010000000100000000000000000000000000000000000100000000000000000100010000001000000000000100000000000000000000010010000000000000000001010000001
100000001010000000000000000100010100000000000100000000000001000000000001100100000000000110001001010000001000001000000000000000000000000100010000110000000000000000000000100000000000000011010000000000000000000001000000000001000000100000000000000000000000000000000000000000
000000000010000000000000000000000001000000000000000000010000000000000010001000000001000000000000000000000001000001000000000000000000000000000000000000101001000000000000000100100000001000001000100000000000100010000010000000000000000000000000000000000000100000000000000000
010000000011000010000010000010000000000000000000000000001000000100000000000100100000000000000000000000000000000000000000000010000000001010000000000000000000000000010000000000000000000000000000000000100000000000000000000000000000000001000000000000000000000010000000000000
000000000100000000000000000000000010000100000000000000000000010000000000000000001100000000000000000000000000000000000000000001000000000100000100000000000000000000000000000001000000001000000000000000000000000110000000000000000100000100000000000000000110100100000001100000
001000000100010001000000010000000000000000000000000000000000010000000000000000010001000000000000000000000010000000000000000000000001000000000000000100010000000000000001000000000000000000000000000001000000000000101000000000000000000000000000000000010001000001000000000000
000000001000011000000000000100001000000000010000000010000000001000100000001000000000000000001000100000000000001000000000000000101000000100000000000000000000000100001000000100100000010001000100000000000000001000000000000100000000000010000010010000000000001100000001000000
100000000000000000000000000000000000000000000010000100000000000000000010000001000000010011010100100010000100001100001001000000000000000000000000000110000000000001000000000000000000000010000000001000000000000000011000000000000000000000000000000000000010000000000000000100
000001010000000010010000000000001000000000000000000000000000010000001000000000010000100011001000010000000010000000100000000000000000000000110000000000010000000000000000000000000000000000100000000000000001010000000000000001000000010001000000000000000000000010000000000000
000000001100000001000000000100001000000000000001000001001001000000000100000000110000000001000000000000000010000000000000001000000100000000010000000000000000000000000000000000100000001000000000100000000100000000001000010000000000000000000000000000000001000100000000000000
000000001001000000000000000000000000010000000000000000001001001100000011000000000000000100100001000000000000000000000100100001000000000000001001000010000000001000101000010010010000000010000100001000000000000000001000100000000000000001100010000000000000001100000000000000
010100000000001000000000000000000000000100010001000000000000010000010000010000000000000000000000000000000000000000001100001000000000000000000010000000000000000100000001000000000000000000000100000100010001000000001110100000000000000000000000000010000000000001000000010000
000000000000000010010001000000000000000000000001000000000110001001000000000000000000000000000000000000000000000001000000000100000000000000000000000010000000000000000010001000000000000000100000000000000000000000000100000000100000100000000000000010000100000000000001010000
000000000000100000000000000000001000000101010000000010000000010000110001000100000001101000000100000000100000010000000000000000010000000100000000000011000000000000001000000000100000010000001000000000010000001000000000010100000000000000000001000000000000000000000000000000
000000000000000101000010000000110010010100000000100000000000000010000000000000000001010001010010000000101000100100101000000000101001101000001001010001100000000010000010000000000000000000000000000010001000100010000000000000001000000000010001000000000010100000000000001001
000000000000001010000000000010100000000000000001000001000000000000001000000000000000000000000000000000000000000000000000000100000000000100000100000000000001000100001000000000100010001000000000000000010000000000100010010000010000000001000000000000000000000001000100000000
000000001010000000000000000000000000000000000000100000010010000010100100000000000010000000000000010000000010010000000000000010000001000000000100000000110000001000100000010100000000000000000101001000100010000000000000000000001000000000000000000000000000000000000000010000
000000000000000000100000000000000000000000000000100000000000000000000000000000100000000010000000000000001101001000010000001010000100000000011000000000000000000011000000000000000000000000000000000000000000000000000001000000000001000000100001000000000000000000000000000000
001000000000000001000100000000010000000001000001001000000000000000000000000001000000000000000000000000000000001000000000100000000000010000100000110000000101000000001000010001000000000000000000000000000000000010000000000000000001000001100000000000001000000000010000000100
000000000000000000010000000000001000000000000010100010000100001001000000000000100000000001001000000000000100000000100000000100000000000000000000000000000110000010000000000000000000000001011001000100000000000000000000000000000000000000000010000000000000000010000000001001
000000000000000010000000000000001100000000000000000000000000000100001000000000000000000000000010010001000001000000100000001000000000000100010000000000000000000001000000000011100000000000100000000000001000000000000000000010101000000001000000000100000010000010000000000100
000000000000000000010000010000000100000000010100000000000000000010000010000000000000000000000000000000000000010000000000000000000000111000000000000000000000100000001010000000000000100000000100000000010000000000001110000100001000000000000000000000000100010000100000000000
000000000000000000000000000000100100000000000000000000001000100000000000000000000000100000000000000001010000000000000010000000110000000000000000000000000010000000110100000000010000000000001100000000000000000000000000000010100001010000000001000000000010000001000000000010
000000100000000100000000000111000000000000001000000000000000000000010000000000000000000000000000000100001001000010000000100000000000000000000000100000000000100010000000000000010110000000000000000001000000000000000000000000000000000000000000000000000000000010000000000000
000000000000000010100000000000001100000011100000000010000000100000000000100000000100000000000000000001000000000010100000001100000000000000000000000010001000000000000000000000000000000001000010000000000100100001000000000100100001000000110000001000100101100000001000000000
000001001000100001011000000000000001000000000110000000000010000100000000000100000000000000010000000001000100100000000000000101010000100000000000100000000000010100000001101000010000110000000000000001010000000001000000000000000000000000000000000010001000000000011000000000
000101000000000000100000000010000010000000000000011000000000000000000000100000000011000000000000000010001000000000000000010010000000100000000000000000000000000000000000000000001001100000000100001000000000000100000010000000000000000000010000000000001000000000000000010000
000000000101000110100000000000000000101000000000000010000000000000000001000001000000000000010000000010100001000000000000000000001000000000000000000100000001000000100000000000000000001000000000000000010000000110000001000000010101000000100000000100000100000000001000000000
000000100000000000000100000111000000000001100000000000011001100001000000001000000110000100000000001110000000000000000000100010100101010100110000000000000000000000000000100100000000000000000000000000000000000000000000000000000000000000000000000100000000000100000000001000
000000000100110001000000000000000010001000000000000000000000000000000010000000001000100100000100000000000000110000000100010000000000000001010100001001000000010000000110010100000010000000000001000000000000000000000000000100000000000000000000000000000000000000000000000101
000100000000000100000100000000000000000100010010000000001000000000000010000100000000001101000000000000000000000010000100100000100001000000000000000100100001000000000000010000000000000100001011000000000000100010100000000000000100000000100001000000000000000000010000100000
100001000000000000000000000000100000000010000011000000001001000010000000000000000000000000000000001000000000000000000000000010100000000000000000000000010001000000001000100110000100000010000100000000100010000000010000000000000000000000000000000000000000001000000000000000
000000000100100000000000000000000000000100000000000001110010010000010000000000000000100000001000000000000100000000010000010000011001000000000000001000000000000010000000000000000000000000000100000001000000010000000000000000000000001000000000000000100000000000000100000000
000001000001000000011000000110000000001000001000100000000000000000000100100011001000000000000000000000000000000001000000000000000000000000100001000000000010010010000000000010000000000000010000000000000000000000001100000001000100000000100000000000000000100100010000010000
000110000000000010000000000000000000010000000000000000000000000000001000001001000000001000001010010000000000000000000000000001000010001000000000000000000000010100010100000000000000011000000011000000000100000000000000000000000000000000110010001000000000000001000001010000
000000000000000000000001100000000000001000010000000000100000001000000010000000000000000000001000000000010000001000000101000001000000000000000000001000000000000000001000100011000001000000000000000000000001000000000010000000001000001000000000100010100001000000000010010000
000000000100000000001000000000000000000000000000001000000000000000001000010000000010000010100000000000000000100000000000000000010000000000000100001000001000000100010100000000001000000000001000000000000000000000000100000010000000100000000000000000001000000000000000001000
000000000000000010000000000000010000000000000000100000000000000000000000000000000000000000000000000000000000000000001100000000000000010000000000000000000000000000000000000100000000000000000000000000000010001000010000000001000000010000010000000100000000000101000000001000
100000000000000000000000100000000000010000000000000000000100000000000000000000000000100010001000000000010000000000000000000100000000010000000000001000000000000000000000001000010000000100000000000100000000000000000000000000000000000010000010000000000000000000000000000000
000000000000000000000000000000000000000110000000000000000000000000100000000010000000000000001000100000000001000000010000000011000000000000000000001000000000000000000000000000100000000010000000101000100000000000000000000000000000101000000000000000000000000000000000100100
000000000000000000000100000000100000000000100000000010000000000000000000100000100000000001000000000001000000000001010000000001000000000000001001000000000000000000010000000100000000000001100000000000000000000010000000000100000001001000100000000000000110000000000010000000
0 0
269 269
