27 27
000000000001100000000000000
010000100000000000010100010
001010010000010001001000000
000101100000000010010000010
000000000000000000000001000
010010000100000000000100001
000000101000011100000000000
000000000010000000000000001
000001010100000001000000000
100000001000000000000110000
100000110000000101000011011
000000000000000100101001000
000000000000010000000000011
000000010000000000000000001
000100000000000000100000100
000001001000000010011000000
000000000000001000010101000
000111000000000000000111000
000100010001000010000000000
010001000000000001011010000
001000001000000000000000011
010011000000010001001000000
001000100000000000000000010
001010100000000000000000000
100000011000000000000100010
000001000000000101010100000
000000000001100100001001000
0 0
26 26
