22 27
001100001010100000001000010
101100000000100000000000010
100010000000001000000001100
000000011011010100011000000
000010000000000000000001010
001000000100000000001000000
001100001000000010000100000
010000001000001000010100000
000010000101000000100001000
000000000000001000000010000
000000010010000111000010001
001010010011000000000000101
000001001000001010001000100
100111010000100000001000000
000000000000000101100010000
001100010001000000000100010
001100000001001001010000000
000000001010110100100100000
001000000001000000000000000
101000110000110000100100000
001000000000100100000000000
000110101000100000110000000
21 2
1 24
