285 285
000001000000000000000000000100000000000010011001010000000000000001000000000000000000000000000010010000000000000000000000000000000001000010000100000000101000010000000101000000000010010000000000000000100000000000000100000000000000000000000000000100100000000000000000000000000000000000000
000000000000001000100000000000000000000001000000000000000010100100000001000000000000100010000001000110100000000100000000000100000000001000010000100000000100001000000000000000000000000000000000000100001010010000010000001000000000000000000000001000000000000010000000010000000010000000000
000000000000000000100001000000000000001000000000000000000001010000010000000000000000000010101010001000100010000101000000001000001100000000000000000000010100000000100100000000001001000000000010011000101100000000000000000000000000000000010000000000000000000000000000000000100000000000000
000000000000000000001000000000000000100001000000000000000000000010000000000000000100000000001000100000100000000010011000100010000000000000000000000000000001000000011000000000000000000010001000000000000000110000010100000001000000000000100010010000000000000000010000000100000001000000100
000001000000000000000010000000001000000000000000000000010000000000001000000000000000000000001101000010000000000000010000010000000000000000010000000000000000000000100000000000000000010000000100000000000000000000001000010000000000000000100010000000001000100000100010011110010100100000000
100000000000101000000000000010000000000000000000000000000100000100000000001001000010010000000000000000000010000001100000000000100101000000000000000000000000000000100000000100001000000000010000000000000000001000000001000001001000000000000110000000000000100000000000000000000010000000000
000000000000000000000000000011000000001000000000000010000100000010000010000000000000000000000000110000000000000000000000000000010000000010000000100000000000000000000000000001001100000000100000000000000000000000010000000000000010000000000101100000000000000100001000000000010001011000000
000000000100000100000000000000000000000000000001000001000000000000000100000000100001000001000100001000000000000000000010000100000000000000000000000000000000000000000000000001000001000000000000000000000100000000000000000000000000000000100000000001010000000000000000001000001000000000000
000000001100000001000010000000010000000000000000000001000000000000000001000000000000001000001000001000000000100000000000000100000100000000000000000000100001000000000010011000000100010000000000000000000000010000000100000010001000001000101000000000000000000000000000000000000010010000010
001000000000100000000010000000000001001000000000000001000000000010100000000100010000001000011100000000000000000000000000100000000000000010000000100000001000010010000000001000000100000000001011000101000000000000000010000010100000000000000010000000100000010000000000000000011000000000010
001000000000010000000100000000010010100000000000000000000000000000000000100000000110000000001000000000000000000000000000000000000000000000000000000000010000100000000000000000000000000000000000001000010000000000100010000001000000000001000010000000100000000000000010000000000000001000001
000010000010100010000100000000000000100000100000000010000000010000000011000000000000000000000000001010000100001000000000000000000000000010000000010000000000000100000000000101000001000000000101000000000000000000000000000000000000000000010010000000000110000000001100000000000000001000000
000000000000000000100001000100000001001000000000100000000000000000000000000100010000000000010000000100000000010000000000100000000001000000000000000010000000000000000010100000000000000010001000000100000100000100000000000000000010010010000000000010000001000010100000000000101010000000001
000000000000001000100000000000000000010000000010000100000000000000010001000000000000000000000000000000000000000000000000001000000000001000010000000101100001000000110000000100000101000000001001100000000010000010010000000000010000000000000000100000001000000000000000000000001000000000000
110000000000100000000001000000000100101000000000000000000100000001000100000000000010000000000000000000100000010000000000100000000000000100100001010010100010000110000001000000000000001000000000000000000000001000000000010000000000000000000000000000000000000000000000001001000010000001000
000100010000000000001000001000000000010000000000010000000000000010000000001000100000001001000000000000000000100001000000000000000000000000000010000000000000001010001000000000001010000000001000000000000001000000000000000010000000000010100000000100100010001000000011001000000000001010001
100100100001000000000001001000000000000000000000000010000000000000010000000001000000000100000000000000010100000000000000000000000000000000000000000000000000000000000100000000000000010000001000000000001000010000001000001000000000000000000000000000000000001100000100000010000000000010100
000010000000000000000000010000100010001000000000000100011000000010000001000000000000000001000000000011100100010010000000000000000010000010001010000000100001100000100010001000000000010000000000001100000010000000000000000000100100000000010000000000000000000010000000000000000000010000000
000010000000100000000000000000000100000000000100000100001000000000000001000000000000000100000000000100000010001001100000000001000000010100000000010000000000100010000000000000010000000000000010000010000000010000000000100001100000000100010000000000001000000000010000000000001000000001000
000000000000000000000001010100000010000000001000000000000000000001000000000000000000000000000000000000000000000000000000000000000010000000000001010101000100001000000000000001000000001010000001010000000000000000000010000000000000010100000000000011010000000001000000000000000001000000000
000001000000000000000010000010000000000000001000000000001000100000000100001000010000000000000000010001000000000000000001000000000000000000010101000000000000000000000000100010000000001000000000000000000000110000000001000010000010000000010100000001011000000000010100001000100000000000001
100000000000000000000000000000000000001000000000000000000000100000000001000001000000100000100000000000000001000000100000100000000000000000000100000000000000000000100000010000000000001010010000000000000000000000001011000010100010000000000010000001000000000000000001101000000011000000000
000010000001000000010000000000000100000100000000000010000000000000000000000000000000000000010000000000000000010001010000100000000010000000110000000001001000000000000000000110000010000000000000100000000000010000010000000001100000000100010000000000100010100000001000001000000000100000000
010000000010000010000101000000000010000000000000000000000000000001010000000000000000000000000000000000000010000010000000000000010100000010000100010000010000000101000000000000000000010000000001000000000000000100000010000000000000000001000100000000001000001110000000001010000000000001000
000000000000010100100000000000000000000000000010001000000000000000000000000000100000000000000000000101000110000001000000100000000000000000010000000000000010101100000000000010001000010001000000000000000000001000000000110000000000000000000000000100000000000100000000000000000000000010000
000000000000100001000000000000001010000010000000000000000000000100000000000000000000000000010000000000000000000000010000000000010000001000000000000000000000000000000000000100100100000010000011010000000000010000010000000101000000011000010001010000000000000000000000000000010010000001000
000010000001000000001011100111000001100000000000000000000000000000000000100000010010000000000010000000000000000000000010100010000100101000000000010010000010000001000000001000000110100000100000000000000000000010000010000000000000000010000000000000000000000000000100000000000000000100010
101000001001000001010000100100001000000000000000000000000000000000000001000000000000000001100000010010000000000000000000100000000000000000000000000000001000000000000100110001010000000000000000000010010000000000010000000001000010000010000000000000000000100000101010010001000010001000000
000000010000010000000101000000000000000001000000000000000000000000000000100000010000000000000000010000000000000000000000000000000000000000000000000000100000000000000000000001000000000000100001001000000000100000000010001010000000001000000000000000000000000000000100010000000000000010100
000010110000000100000000100000010000000000000000100000000000000000111100000000000100000000010000000010000100000010000000000000000100000000000100000000000001000011000010001000000001010000000001000000000000000000000000000000000110000000100000000000010000000000000000000010000001000000000
000000000001010000000000000010101010010011000000000100100000100000000010000000000000000000000000000000000000001110000000010000000001000000000110010000110000000000000000000000000001000000000000010000000001000000000001000000000000000000001000001000000000001101100000000001000000010000111
000000000100100000000000000000000100000000000000000000100000000001000001000001000000000000100000000010001000110000101000000000000000000000000010001000000000000000010000000010000000000010000000000000100001001000011100000000000001000001000000010000000001010010000010000000000001010000000
000000010000000100000000000000000000100100000000000000001000010000000001000000000100000000000000000000000001000000000000000000001000000000000000100000001000000010000000100000000000000000000000000010000000000001000000000000000000000000001100000000100000000000000000000000110000000100000
100000100000000000000000000000000000000000000000000010000000000000000000000000000000001000100000000110000000000000000000000011010000100000000001001000000010000000000000000000010000100000010000100000000000010000000000100000011000000000000010000000001010001000000000010001000000000010000
000000000000010000010100000000000010111000011000001000000000000000101000000000000000000000000001001110000001000000010010000000000000000000000010000010001010000000000000000000000000000000000001000000101100000000001000000000000001000110000000000000010000000100000101000000000000000011000
000000000000000000000011000000100000100001100000100000001000000001000001000000001000000000100000000000000000000000000000100000000100000000010000000010000000010000000000001010000000000110000000000010010000100000000000000000000000100000001000010000100000001000000000010000000000000000000
000001000000000000010001000100000000010000100000000000101000000000000000000000010000001000011000000000001000000000000000000000100100000000000100000000000000000000001000000000000010000000000100101000000100000000000000000000000000000000000000000010000010000000010000000010000001000000010
000100000000000010000001000000001000000011000000010000000100001001000010000000000000000001110000000000100000000000000100100000000001000010010001000011100000000001000001000000000000000010000000010000000001000000000100000100000000000000000000000000000000001000000000000000010001000000110
001000000000000010000000010000010000000000000000100010101000010000000000000001000000010000100000001001000100000001000000010000000000000000000000100000000000000000010000001000100000000100000000000100000000000000000000000000000000000000001000000010000000000100000000010000000110100100000
000001010000000000000000000000000001010100000000001000000001000000000000100000000000010000000000000000000000001001000000000000000000000001000000001000000000010000011000000010000000000100100100000000000000000010000000000010000000001000000000000000000000000000000000001000000010000000000
001000100000010001000100000000000000001000001000000001100000000000000000000010000000000001001000101000000010000100010000100000000000000000000001000010000100000000001000000000000000000010000000000000000100001100000000000000000000000000000000000000010000001010010100000000000000000000100
000000001101000000000100100000100000000000000000100100000000000000000001000000000000000000000000000000100001000000000000000000000001000000000000100000000000000000000000000100000010010000000000000101000000100000000000000000000000000000000110000000000000000000000000000000000000000000001
001000000010000000000000010100000000000101001000000000010001000000100000000000000010010001000000000100000000000000000000000000000001000000100000000000000000000000100000000000001000001000000010000000001000000010000000000000100000000001100010111000000010100000100000000000000000000100000
000001000000011000000000000110001000000000000000000001000000000000000000000000000001000010000000000010000000000000000000000000001000010000000000000000101000000000000001000000000010000000000000010011000000000000100000000100000000000000010000000000000000000010000000101001000000000000000
000000000000000000110000100000000000000001000000000000010000000000000010000000000000000000000000000001000000000100000010000000000000000100000100000000000000000000001100000001010000010000000000000100100000100101000000000000000011000001010010010000010000000000001000001000000000001000001
101000001000000110010000000100010000000000000000000000010001001000000001000000000000100000000000000000000001010000010000000000000000000000000000000100000000000010000000000010000001000000000000000000000000000100010010000000000000000000010000010000000000000000000000001000000000000000000
100000000000000010000100000000000000100000000000000000000000000010000000000000000000000000000001000100001000000000000000000000000000110000010100001000001001011000100000000000001000010000000010010000010000000000100100010000000000000100000000100000000000000000000000000000000000000000010
000000000000000000010000000000000001000010000000000100000000000001001000000000000000000000001000000000000100000000010001010000000000000000001000000001010000000000010010100010000000000000000010010110101001000000000000011000000000000000000100000000000110001000000000000000000000000001000
100000000000000000000000000100010000000000000000010000000000000000000100010000000000000000000000000000010000010000000001001000000000000010010000000000000000000000101000000000000100000000010000000000000000001000000100000001000000000100000000000000000000000100000000000000000000000110000
000000000001000100000000000000000000000001000000000000000000000000000000000000000010000000000010000000001000001000000000000010100010000110000000010000000000000000010000000000010000000000010001000100000000000000101000000100010000100000000001000000000000000000000001000000000100000000000
000000000000100000100000000000000000000000000000000001000000010000000000000100000001000000000000000000000010000000000000000010000000001000000000000001101000000000000000000000000000010000000000000001000000000000000000010000010000000000100000000000000100000000001000100000101000000000000
000000100000000010001000000001001000000000100000000000000001000000000010000010000000010000000000001000000000001000011000000000000000000000100011000000000001000000100000100010000000000000000100010101000000100000000001010000000000000001000000000001010000101010000000000000010100001100000
100000000000000000000000000010001000000000000000011010000001000000000000000000001100100000010000000000001000000000000000000000001001000010100000011001000000000001100000000001000000000000000000000000001000100010010010000000000000000000010000000000000000001001000100000100000000000000001
000010010000010000000000000000001001000010010000000000010000000010000000000001000100000000000000000000100000000000010000000001000000000010000000001010000010000010100000000000010000000000001001100000100000000000000000000000100110001000000000000000000000000000000100000001000000000011000
100000000000011000110000000000000000000010100000000001000000010000000000000000001000000000000010000000000000000101000000000000000000000001000100010000000000000000001000110000001000000000000000000000000000000000100010011000010000000100000000001000000000110100000010100000100000000000000
100100010001000000100000000000000000010000011000001000000000000000000000000000001000000100100000000010000000000100100000000000000000010000100000000000000000000000000000000000100000000000000111000000000000000100000000111000000000000000000010000000000000000000101000110000000000001000000
100000000000000010001000000000000000000000010000000000000000000000000000000010000101010011000000000000000000000000000000000000010000000000000000010000000010000000000000000000000000000000000100000000000000000000000000100000100011000000000000000000000001000000000000000100010000000000010
000000000000100000000000100000100000000000000000000000000010100000001010000000000010000000000000000000000011001000011100100000000000000000010000000000000000000000010000100010000000000000000000000000000000010000000000000000000000000000000010000000001010000000000000000000000000001000100
000000010010001000100001000000000000000000000000000000000000000100000100100000000000000000000010100000010100000000010010000000000000000100000000010000000000001000000000001000000100000100000000001000000000000000001010000100000000000000000011100000000000000000000010000000001000000100000
000000000100000000000000010000000001000000000100000000000000000000000010000011110000001000000000000000000000000010000000000000100000000110000000000000000000100000000100000001100000000011000000001101000000100000000000000000000000000001000000000000000000001000000000000000000000000000000
000000000000000000000000001000001000000000001000000000001000000000000001100000010000000110000000000000000000000000000000010000000000010010000010000000001100000000110000000000010000000001000000000000000100000000000000100000001000000010000000000000001100000000100100001000000010000010010
000100000000100100000000000001010110000010000000000000000000000000010000000001000000000000010000000000000100000000000000000000010000100000100000000000000000001000000000000010010000000000000100000001000000000000000000000010000001000000000000000000000010100000000000000100000001000110000
001000000000000000001001000000000000000000000000000000001000001000000100000000000000000000001000000100000001000000000000000000010000010000010000000000000000000000000000000000000000000000000000000000000000000000000110000000001000100000000001000001100010000000100000000000110000000000000
000000000000001000000000000010000000000000000000010000001000000000000100000000000000000000000100000000000001000000000000000000000101000000000000000000001000000000000000000100000000000000000000100000000000000000001000000000010000000100000000100000000001000000000000000001000000000000100
000000001000000000000010000000000000000001010000000000000000000100000000000100000000000000001010000001100000000010000000100000001000000000000000000000000000000000000000000000001000000000000000000100000000001000000011000000000100100000000001011010001000000000000000000000000000000001000
000000000000000000000000001010010000000011000000000010000000000000000000000000000000000000000000000000000000000001000010000010000000000000001010010000000000000100000100000100000000001000000000000000000100000000010000000000001001000000000000000000011000000000000000000000000000000000000
000000000000000000000001000000000110000100000001001000000000000100000000000000000000001000000000000010100000000000000000000000000000000000000000000000000100101100100010000100000000010000000000000000000100000100000100100000010000000010000000000010000000000100100110000001000000000100000
000000010000000000001000000010001000000000000001000000000000000000001101000000000000011000000000000000000000000000100010001010001000000000000000001000000000000000001000000000000010000100010001000000000000000000000000100000010000100000000000000000000010100000000000000000000000000000100
000001000000000000010000000000000000010000000000000000000000000000100101000000000000000010000100000000000000000000000000000001010000000000000000000000000010001000000000100000000000000000000000000100000000010000000010011000110000000100000000010000000000001000000010000000000000000010000
100000000000000000100000010000001000000000001010000000011000000001001100010000000000110000000000000011000000000010000000000000000000000000000000000000000010000110000001000000001000000000000000000000000000000000000000000000101010010000000000000001000000000000011010000000000000000000010
000010000000100000000000001000000000000001000000000100010000010000000000010001000000000000010000100000000000000000000000000000010000000000000000000010000000000100001000000000000000000000110000100010000000000010000000000100000000000000000000000000000000000100100001000010000000010000000
000000001010100001000000000000101000110000010000000000000000000001010010000000000100000001000000001000000100000000000000000000000000000000101000010000000000000000000000000000000100000000010110000000000000000000000000000000000000000000000000010000000000000000000000000110000000000000001
001001000000100000000001000010000100000000100000100000000000001100000010010010000000000000000000000100100001001011110000000100000000000000000000000000000000000000000000000000010000000100000000011000000100000000001000001000000101000000010100000010000000000000001000000000000000001000000
100010000000101010000000010000000010000000000000000001000000000000000001000100000100001001000001000000100000001000000000000000100000000000000000000000000010000000100000000000000000000001000000001000100000000000000000000000000000000000000000000000000000000000000000001000000100000000001
000000000000000000000000000000001000000000000010100000000000000000000000000000000000101000100000000000000100000000100000000000000100000000100000010000000000000010000100000000000000000000000100010000010000000000000001000000000010000000000000000010000000000000000100001000100000000000000
000100001100000010000000000000000010000000000100000000000000000000100000000000010001101001010000100010000000000000000000000000000100000000000100000000001000000000000000000000000000010000001100000010100000001010001011110000010000000000000000000000000000100000000000000000000000000010000
000000000100000000000000000000000000000000000000000000000000000000000001000010000010000000010100000100000000000010010000000000000000000000000000001000100100001000000000000000000000000000100000000010011000001000100000000000001000010000000000100000000100000000000000000000000000010010000
100100010001000000000000000000000000000000000000000100010000000010000000000000000011000010100000000000100000000000110000010000010000010010000001001000000001000000000000000000001001001000000000001000010000000010000001001000000000010100010000000000000000000000000000000000000000000001001
000000000011000000000000000010000000010000000000000000000000100000001000000000000000000100000011000001100000000000000001000000010001000010000000000100000000000000000100100010000100000000000000000000001000000000000100000000010100001000000010000010010000010000100000000000000000000001000
000000000000000000000000000000000000101000010000000000000000000100010000000001000000000000001010000100101000000000000010100000001001100100100000000000000010000000101100110000000000000000010110000100000010000010000000000000000000000010100000000010000000000000100000001001000000000001000
000000000000000000000011000000000001000000000000000000010000000010000000000000011000000000000000000000000000010010000000000010000000000100000000000000010000000000001011000000000000000101010000000001100000000000100000000000000000000000100100000000001000000000001000000000001000000000000
011000000000000000000000011000000000000000000000000001001000000000000001001000100001000001100000000000010000000001000001001000100100101001000000000000000000000000010000001000000000100000000001000000000000000000010000000100000100000000000000000000000000000000010000000000100000000000000
010100000000000000000000000000000000000000000000010000000000001000000100000011001000000000000000000000010000010000000000000000001010000100100010001000000000010000000111000000000000000000100000000000000100001000000000000000010100000000001000000101000000000000011000000010001100000000000
000000000101000001000000000000000010000001000000000000000100000000010000100000000001000000000010000010000010001000000101000000000000001110101001000000000000000000000000000000000000000010011000000000100100010000000010000000100000000001000000000000000000000000000000010000100010001000000
001000000011000000000000000000100000000001000000000000001000010100000001000000010000000000000000000000000100001101000000101000000000000100000010000000000000010000000000000000000000000000000000000011101010000001000100000000000000100010000000000000110000000010000000000000000000000000100
000010000000100000010000000000010000010000000000000100000000000000000000000010000000010010110000000100000000000000001000010000000000000000000000000000000000001000000000001100000100000010000000000000100000000000000000000000000001010000000000100000000001000000001000000010000000000001010
000000000000000010000000000100000010100000001000000000000000000000000000000000000100001000000000000000000000001010001000000000000000000000100001000000011000000000000100010000000000100000110000100001000000000000001000000000000000010100000101100001000000000000000000000010100000000001100
000000010100000000110100100000000000010000001000000010000000000000000000000000000000000000010000000000100010000000001000000000010000001000000000000000000000000000000000110000101000000000010000100000010000000000000000000000000000000000000000000000000000100000001001000001001010100001110
010000000000000000000010100000000000000010100100000000000000000100000000000100000000101001010000000000100000000000000100001000000000100000101000001000000000000001001000000000000000000001001000000000010000000000010000000000000111000000000000000000000000000000001101001000000000000000000
010000000000100000000010010000000100000001000000010000000000100000000000000000000000101100010000000000001000000000000000000000000010100000010000001000010000000000100000010000010000010001001000000000101000001000000000001010000000000000000000000000000000000001000000001000001000000000001
000100000000110010010000000010000010000000000010000000001000000000100100000000000000000000000000000000000100000100000001000000000101000001000000000000000101000000000000100000100000100000000000000000000000000000100000100000000000000000000000010000000000010000001000000000100000000100000
000000000000000000000000000000000000001000000000010001000000000100000010010000000000100000000000000100000000000100000000000000100100000001000000000100000000100100010001010000000001100000101000000000000000000000000000010100000000000000000001000100000000000110001100001001000000100000000
000000000000000010000000101000000000000000000000010000000000100100010000110100000000000000010000000000000000000000000000000000000000000000100100100000000000000000000100010000001000000010000001000000000100010000000000000000000000010000000010000000000000100000000000001001000000000000000
001000000000100000000000000000010000000000000000000000000100000000001000000000000000000000000001000000010000000000000000100000000000000000010000000001000000000010000000000001101000000001000000000001000100000000000000010000000000000000100000010110000010000000100000000011000000100000000
000001000000100000000000000011001000010000000001001000000000000000000000010101000000000000000101001000011000000100100100000100000000000001000000000000010010001000100000100000000000100000000000000000000000000000000000010100000001010000000000000000000000000000010000000000000000011100000
000000000000000000000000000000111000000000000000000000000000001000100000100000000000000100011001000000000000000000000000000000010000000000000000110000000000000000000100000010000000100000000000010000110000000000100000000010000000100010000000000000000010000100000000000010000010000000000
000100000001001100000000000000000110000000100000000010000000010000000000000100000000010000000010100000000000010000000010100000000000000000000000010000000001000100000000000000001000000001001100000000000000000001000000001000000000000010000000000000000000000000000000000011000000010100000
000010000101001000001100000010001000000100010000000000000010000000000000000010000000100010000000000000010100010000000000000000000000010100000000100000000000000000100100000100000000000010000000000010100000011000000000000000000000111000000000000000000010000000000000000000000010000000100
000000001000000000001000000000000000000011010000000100000001000010000000000010000000001000000100000000100000000100000100000000000000010000000000000000000000000000010100100000000000000000000000000001000110010100000001000100000000000000010000010000000000100100000000000000100000100000000
000000000000000000100001000001000000000010010000100000010000000000000000000000000000000000001000000000000000010000010100010000000001010000001001001000000000010000000001011001100010000001000000000000000000001000000000000000000000000010001000000000000001000000001000000000010010000000000
000000000000000000000000000000000000000010000000111000100010000000000000000000001000000000000000000000000000000000000000100000000100000000011000000100100010000000000000010000000010000000000000000000100000000001001001000000000000110000001000000000000100010011000000100000000000000000000
000010000100000000000000000000000000000000000000000001001000000100000000001000000000000000000001000000000000000000100000000000000000001000000001101001000010000000000000001100010000000000001001000000100001000100000000000000001100000000000000000000001110000000000000000000000000000000000
000000000000000000100010000010000100010000000100000000000000000000010000000001000000000000001000000100000000001000000000000000000000000000000000010000000000000100000000000000000000000000001000000001000000000000001000000000000000000000000000100000000000000001001000001000000001000000101
000001000000000010000000100000000000100000000100001110000001000000000000000001001000000000000000000000000010010000000001000000100000100100010000000001000010100000000000000100000000000010000000000000000000010000000000010001110000000101011000000001000000100100000000100000001000000000000
001010000000001000000001001000100000100000000000010100000000000001100100000000100001000000001000000000000000000000000000001000000000000000000000000100000000000100000000000000000000000000000001000000000010000100000101001000001100100010010000000000100000000000001000000010000000000000000
000010000000000000000000000000001000000001000000000101100000000000000000000000001000011011000010000001000000000101000000000001000000000000010000000000000000000000001000000000000000000000000000000010000001000000110000000000001001000100000000000000100000001000000000000010000101100000000
000000000000100100000000000000000000100000000000000000100000000001000000000000000000000100000000010010010001001000000000000101000000000000010000000000000011000000000000000000000000011000100010000000000100001000000000000000101000000000000000010000000000000000101000000000000000000001000
000000000001000000000001001000000101000010000101000000000000100000000000000000100110000000010000000000100000000010000001000000000000000000000001000010000000000001000000000000001000000000000101100110001000000000000000000000000000000000000000000000000000000000000110000000001000000000000
000000000000001000000000000000001010010000000000000001000000000000100000000000000000000000000000001000010001000001000000001010100000000001001000000000000000100010000000010000000000100001000000001100000000010000000100000000000000000100000000000000000000000000101101000000010111000100000
000000000000000000000000000010000000000000001100000000000001000000000100000100000010001000010000000000000000001000001000000000001000000000000010010001101000000000000000010010000000000100000000001000000100000000000000000010000010000000000010000000000000110010010010000001000001010000000
000000100010100100000100000001001001000000100000000010000000000000000000000000000000000100000000000100000000000010000100001000000010000000000000010100000001000010100001000000000000000000000000100000000000000000000010010000010000000100000000010001000000000000100000001000000000000000000
001000000000000000000000000001000000001010000000000000000000000000000010000000100010000000000000110000001000000001000000000000000001000000000000000000100100001110100000000010000000100000000000010000000000000000010000000000000000000000000000000000000100000000000010000000000000000000010
000000000000000000100000001010110000000000000001000000000010000010000011000000101001000000001000000000100000000000000110100110010000000000001000000100001010010001000000000000000010000111000000000000000000000000000000000000000000000000000000000000000000000010000000000010000000000000000
000000000000010010000100000000001000001000100000010000000000000001010000000000000000000000100000010000100011000000000000000110001000000000010000000000000000010000000000000000000100100000000100000000000000000000000000000000000000000000000000100000000000000000000000000111000000000000001
000000100000100100000000000011000000000000000000000000000000000000000100001010000000000000000000000100000000000000000000011010000000000001000000000100000110000000001000010100000000000100000000010000000000010000010100000000000000000000000100000000000000000100000000000100000010000011010
110011000000000000000000001010010001010000000100000010000100000000000000000000110000000000000000000000001000100000000001000000000000010000001000100000000000000000000100001000000000110000000000000000000001000000000000000000000010000000000100100100010000000001010000010000000001000000000
000000111010000001000100001010100000000000000000000100000010001000000000000000000100010000101001110000000000000000000101010000000001000000000100000000000000010001000000010100000000000100000000000000001001000100010000010000010010000000000000100100000000000000000000001010100000000000000
000000110000000000000100010000010000000001000000000001100100000000000000000000000100100010000000000001000000000000000000000100000000000000010000010000010010000000010100000000000000000000000010000000000000000000000000001000000000000000001100000010100000000000100000100010100000100000000
000000001000000000000010100000000000000000000000000000000000000000000000000000000000000000000001000000000100010000000000010000000001000100000000100000000000000000000000000100000010000010000000000000000000000000010000001000000000000010000100000000000000000100001001000000000010000000000
100100100000100000100010000010000100010000000001000010000000001000110000000000010101000000000000000000000000000000000000000000000000000000000000000010100000100000001010000000010000000110000000000000000000000000000010000000000000000001000010100000010000000000000000000000000000010100000
000010001000000000101000011000011000110000000000010001001100010100000000000000100000010000000100010000000000010000100000000010000000000000010010000001000000000001000000000100000000100000001001000001010100110000000001000000000000100010000000000100000000100000000000000000000000000101000
000000000000000000000010000000000000001000010000000000100100101001110000101000000000001100000100000000000000001010000000000000000000100000010000010000000000000100000001000000100000000000000000000000000000000000101000000001010000000000000000010000000000001000000010000000000000000100000
000000000011100100000000000000000100000000000000000000000000000000000000000000010010000000000000001100000010000000000000100000000000010000000000000001001000100000100000000000000000000000010000000000000000000000110000000000000000000100000000000000000000000000000000000001010000000000010
000100000000000000000000000100000000101100000100010100000000000000000000100000000100000000001000000001000000000000000110000000000001000000001010000010000000010000000000000000000000101100000000000001001000000100000000010000001100100000000000000110000100000000001000000000010000010000000
000000000000001000000010000000000000000001000001000000000000000000000000000000000000100000000100100000000000000000000000000000001000100000000000010010000000000010000000000000000010001000000001100000101000000001000010000000000000100000000110000000000010000000000000000000000000000001000
000000000000010000001000000000001000000000010010000000000000000010110000000000000001000000011000001000000001000001010000000000100000000000000000000000000010000010000100000000000000001001000010100001000000000000000000000000000000010000100000100000000100010001000000000000000000000000000
010000000000000000000000000000000000100000000000000000000000000000000000000000010011010010100000000000000100000000010000101001000000000101000000000000100001000000000000000000000000000000000100000010100100000100000101000000000000000000000000001100001010001010000100000000000000000010001
000000110000000000000000000100000000000000000000000100000000000000001100000000000000000000100000000000000000000000000000001000000010000000000000000011000000000000000000010000000000000000000000100001000010000001000000000100000100000000000001000100000000000000000010000100000000000000000
000000000000000001000000100000000000000010000000000000000000010001000000000000000000010000000100000000000001000000000000000000000000000000000000000000010000000010000000000000000000100000000000000000000000000010100110000000000000000100000000000000000100000000000100000000100010000000000
100000000000000000101010010000001000000000000000000000000000000000000001001000010000000000000010000000000000000000000010000000100000000000000000000100000000001000000000001000000010000000000000100000100000000000000000000000000000000000000001000000100000000000010000000000001000000100000
000000000000000000010000000010001000000000000000001000010000000000000100000000000000000000000000000000000000000000001000000000000000000000100000000000101000000001000010000000000000000000000000000000000000010000010000000010000000000000000000000000000100100000000000010000000000001000001
000001000100000000000000000000000000000000000000000001001000000000000000000000000000000000000000000000001000000000000000010000000000110001100001100000000000000000100000010000110000000000000001000000000000000010000000000011000000000000000010001000000001010000000000000000000001000000000
000001000010000000000000000000000100000000001000000000000001000100100000000000000000000010000000000000001110000000000010000000000000100000000000110000000100100010000000000100000000010000000000000000000000010000000000010000000100100000000000000010000000000000001000000010000000000001010
000101001000000010000000000100010000010000000000001101000000010001000010000000001010000000001000000000000000000000000001000001000000000000100000010000000000010100000000000000100000000010000010000000100000000000000000000000000000001000010000001000000000000000000000001000000000000010000
000000000000000000000000000000000000000000001000000000000000001000000000100000000000000010000000000000000000000000000100001000000000000000000000000000001000000000000000000001001000000001100000100100000011010000000001000000010000000001000000100000000000000000000000010010100000010000100
000000000000000001000000000010000001000000000000000000000100000011010001000000001000010000000100000000100000000001000000000000010000000000000001000000000000000000000000000000010000000000100110000010000000000010001010010001001000000000010000000000000000000000000000100000010000000001100
000001000000000000000001000000000000100100100010000100010100001001010000000001000101000000001000100000100000000001000000000000000001100101000000100000000000000000001000000001000000000000000000000000000101000000000000000010100000000010000000000000000001110000010000010000100000000000000
000000000100000000100010000000000000100000000000000011000000000001000000000001000000000000000010000000000000000001100000010000000000000000000001010000000000000000000000000000101001000001000000000010000000010000100000000000000000000001000000000000010000000010000000011000000000000000000
000000000000000110000000001000000000000000000000100000000100000000000000001010100000000000000000000000000000010100011000000000001000000000000000010000100000000000010000000000000000000010100000100000000000001100000000000000000000010000000010100000000010000000000000001000000000000000001
110000000101000010100000000100000000000000000000001000001000000000000000000000000001000001000000000000101000000000011000000000000000000000000000010100000000000000000000000001000000010000000000010000010000001000001010000000000000010000000100000000000000001000100000000000000010000000000
000000000000000000000000000000011000000000100000000010100000100010000000000000000000000000000000000000001000000000000001000010000000000000001000100100000000000000010100000000000000010000000001000000000000000000000010000000000001010000010010000000000001101100000000000000000101010000000
000000100000000000000000001010010100000000100100100000000000000000001000100000000000000010000000000000000000000000000000000000010000000000000010010000110000000000000000010000000000000000000000000000000010000100100000000000000000001000000100000000000000000010000000000000000000001000000
100010000011000000010000000010000000000000100001010001000000000000100110001000000000101001000000000000100101001000100010000001110010001110000000000000000010010000000000000000010000001000010000000000000000001000000000000000000110000000000000000000000000001000000000001000010000000000000
000000010000101000000000000010000000000000001000000000000001000010001000000000100000000000011000000000000100001000000000000000000000000001000000000000010000000000000011000000000000000000000100000000000000010000000000000000000000000000000000000000000100000001000010000010000000000000000
001000001010000000000000000001001000000000000000000000000000000000000000100000000010010000000100001000100000100100000000000000000000000000010000000100000010000000000000000000000000000000100000000000000000101100000000000000000000000000000000000000100100000100111000000110000000000000100
001011000001001000000000000000000000000000001000000010000000000010000010001100010000011000000100100000000000000000000000000000000000100100000000000001000010000000001001000000001011000001100101010000000100011100000100000000000000000100001001001000000000000000000000000000000100000000000
000000000000000000000000000000001100101000000000000000000000000000000010000011000000100000000000000000010100001001010000000000000100100000000010100000010000000000000000000000000000000000000100000000000000000000000000000100000000000000000100000000000000010000000100000010000001100000100
000000000000000000100000000000010000000000000010001010000100010000100000000000000011000000000000000001000000000010000000000000000010010000010000010001010001000000000001000000000100100000000000000000000100001000001001001000000000011000000001000000000000000000000000000011001000000000000
000000000010010010000000001001000010001000000001100000000010000010110001000000000000000000001000000000000000001000001000001000000000000100010000000000000100010110100000000011110100000000000000000000100000100000000000000000000000000100001000000000010000010000000000000000000001000000000
001010000100000000000000001010000000001000001000000000000100000100000100000000000000000000000100000000100001000010000000000000000000000000000100011000000000001000010010000000010001010010000000000000010000010000010000001000010000010000000100000000000000000000000000000000001000000000000
000000000000000011000000000000000000000000000100001000000000001000000000000000000000000000000000000000000000000000011000000000100100000000000000000000000000000100000000000000000000010000000000100000010000000000000000000000010010100000000100000000000000000000001010000000001000000110000
011000000000000000000000000000000001000100001000000000000000000000001000010000000000000000000010100000010000000000000000100010000000000000000000001000000001000000000000000100100000001001000010100000000000000100001000010000001000100100000000000000000000000000000010100000000000000010010
000000001010000000000000000000000000000000000000000000000000000010000000000000000000000000000000000001000000000000000000000001000000001010000000000100101000000000000000011000100000000100001000000100000100001000000000101000100000000001000000001000000001000000000001010000000001010000011
000000101000000000000000000000100000000000000010000100000010000000000000000000000000000000001010000000100000100000000000000000011000000000000000000001001100000000010000000000000010000001000000000000000000000000000000100001000001000010001000000000001000000000011000001000000000100001000
100000000000000001000000000000001000000000000000000000101001000000000101010000000000000000000001000000000000001000000000110000000001001010000100000000010000000100000100100000000100000000100000000100001000100000000100010000100000000000000000000000000000000101000000010001000000000101000
000000000100000000000000000000000000000000100001000010000000101000000000000001010000010000000100000000000000000001000000000000000001000000000000000110000000000000010000001001000000000010001000001100000000000000010001000000010100000000000000000001000001000000000000001111000000000000000
010000000000000100000000101000000000000000000000000001000000001000000000000000000000000000000100100000000100000000000100000000010001000000000000000000000100000000010100000000000000000000000000000000000000000000010000000100000000000000000000000000000000000000000001000100000001000000000
000100010000000010000000000000000000001000000000000001000000000000010000000000000000000000001000000000000001000000000010000000000100000010000010001000010010000000000000000000100000000000100000000010000100000000000001000000000100000000000000000000000000000000000010010000000000000001000
000100000000000000000000000000000101000000000000100000000000000000010000000100000000100001000001000010000110000010000100000000000000000000000000010000000000000001101001000000000000100000000000000000000000000100000000000000000000000100000001000000100000010000000000001000000001000000000
000000000001001001000100000000000000000010000100000000000001000100010000000000011000000010100000100100000010000100000010000000000000000000000000000000010000100000001000000000000001000000000000001100000000000000000100000000000000000000000010000000000000100000000001000000010010000000000
000000000111000000000000100000000000000000000100000000000001000100000000000000000010000001100000000100000000000000000000000100000000000000000000011000000000000000000000000000010000000000000000000100000000000000000001000000010000000000010000000000110000000000000000000001001100000001100
000010000000000000110000000000000000000000000010010000000000000000010010000000000000000010000100000110100000001000000000000100000000010100000001000000000000000100000000000010000000000000000000000100000001000100000000001000000100000000000000010000000000010000000000010000000100000000000
000000010000000001000000010010000100000000000000000000000100000000001001000000000000000000010000000000000001000000000000000000000000000000000000000000001000000100000100000000000000000000000000010000010000000000000000100000000000000000000000000100000000000000001000000000010000000000000
000000010000000000000000001011000000000000000000000100101000000000000011010000001011000000000000010001000000001000000000000000000000001000000000000000000000000000000010100010000100000001000000000101000001000000000000000000000001000000000010000000000100000100000000000000000000000000000
000000000010000010010000000000000010000000100000000001000000000001000000100000000000000000000000000000000000000000000010000010010100000000000000000000000000000000000000000000001000100010100000000100000100000001000100000000000000000010000000010000000100000000100000000000001000000000001
100000000000010000001000000010000001000000010000000000000000000000000000000000000001000000001000010000001000000100001000100001000000000000000001000000010001000000000000110000000000000000000010100001001000010000000000000100001001010000001000000000000000000000010000000000000001000000000
000000100000000001000001000000100000000000000010100000000101001000000001010000001000000000000000000000001000000010000110000000000000000000000000000000000000000000100100000000001000000000010000000000000000000100000001000000000100000001001100100100000000000010000000100000000000000000000
000000000000000000010000000000000000000010000000100001000000000000000000010000000000000000000000000100010000000000010000001000001000000110000000000010000000000001000001000100000010000000000000000000000001000000000010110000000001000000000001100010001000000000000000000000000010000000000
000000000000000000000000000000000000000010000000000000011000100010000000000000000000100010000000000001000100000000000000100000000000000000000100000000000000000000000000000000100000100000000000000000000100000000100000000001000000000000000010000000000000000001000000000000000000000000001
000000100000000000000000000100000000000000000110000000000000000000000000000000000001000000000000000000000010000000000001000000000000000000000000000000100000001010000000000000100001001000000000001010000000101000000000001000000000000000110000000001000010000000001000110000001000000001000
000000000000000000000010000000000000000000001011000010000100000000000000000000000100000110000001000000000000000000000000010100000000000000000000100100000000010000100010000000000100000000000010000000000000000000000000000000000000100000000000000010000001000010000000000000000000000010000
010000000000000001000000000000000000000000010000000000000000101100000000001000000000010000000001000000000000000000000000000000000000100000000000010000010000011000000010000010000000000000000000110010000000000100000010001000000000000000000100000000101000010000000000011000000000000000000
001000000000100001000000000000000000000000000000000000000000000000101000000000000000000010000000010000000000000000100100000000000000010000000001000000000001000000110000000000001000000000000100000000000000000001000000000100000010000000000100001010001000000000000000001000000101000000000
000001100000100010000000000010000010000000000000000000000000000000000000000000000000010000000000001100000100000000000000100000000000100000000000000000100000000000000100100000000000100000000000000000000000100000000100000010000010010000000000100000000000000100000100000100000100010000000
010000001000000000001000000000000010000001000000000000000000000001000100000000000000000000000000000110000000000000000000000000000100000001000000000000000000000000000001000000000000100000000000000000000000000000100001000010000010000000000000000000000000000000000010000001000000000000010
000000010000010010000000000000000000000000000000100000010000010010100011000000000000000100000000101000001010000000000000000010000000000000100000000000000010000000000000000000101000000010000000000000001000000001000000011000000000000000010000100001000000000000000000000000000000000000000
000000000010000100000100000000000000000000000010000100001000010110000000000000000000000000000000000000000000000000000010000100000000000000000000000110010000001100000000010010100000000100000000000010000000000000000100000000001001010000000000000000000000000000000000000000000100000000100
000000011000010000001000000000000000000000010000000000000010001001000010000000000010000000000000000100000000000000000000000000000000100010000100100000000000000000100000000000000000000001000000100000000001000010000000000000000000000000100000000010000100000000000000000000000100000000001
110000000100000100000000100000100100100000000000000000010000000000000100000001000000100000000000110000010010000000010100010000010000000000000100000000000110000001000000000000000000000000000000010010001000000010000000000000000000110000010000000000000000000000000000000000000000000000000
000000100101011000000011000000000010011000000000000000001000000000000000010000011000000000010100000001000011000000100000000000000000000010100000000000000000010000100000000000000000000000000000000000010000000000001000000000000010000000000001000000000000001000100000000000010000000000010
000010000000000000001001000000001000000000000010000010000000000000100000000100000100001001000000000010000000000000000100000000000000100100001000000000110000001100000000100000000000000000001000100000000000000000000000000000000000000000000000000000000000000000000000000000000001010000000
000000000100000000010010000000010000000000000001000000001000000000000010000100010000000000000000000000000000001000000000100011000000000100000101000100000010100000000000000000000000000010000100000000111001000000100000000000000100000000100000000000000000000000000000000001000000000000000
001000010000000000000010001000000000000000010000000000000000000000000000000000000000010000000000010000001000000000000000000000010100000000000100000000000100010000000000001000000000000001000100001001100001000100000000100000000001001100000000000000000000000000000000000000000001000000000
000001000010001000100000000001000000100000000000000001000010011000000100000001001000000100000000000000000000000000000000000100000000000000001000000000000000000000000001000000000000000000000000010100000000010000000110000000100000000000000000000001000000000010000000010000000010000000010
000000000010000001000000000110000110001000000100000000000101000000110000000011100000000000000000000000001000000000000000000000000000000000100000000000000010000010000000000100000001000000011100000000000000000000010000100000000000000000000000001000000000010110000000000010000000100000000
001100000000000001000000000010000001000000000000000000000000010000000000000000001000001000000100000000000010000000000000000010000000000000100110000000000000101000000000000100010000000000000000000000000001000001000000000010000000010000000000010100000100000000000000000000000000000000000
001000000000000000000110010000000001000011000010000000000000000000000001000000000000000100000000101000000000000000000000100000000000000000000001001000000000000000000001000000010000000001000010000100000000001000000000000000001000101000000010100000000000000000011010000000000000100010000
000000000000100000000000000000000000000000000001000000000000000000000000000000000000000000000000000001000000000000000000000010000110000100000010000000000000000000000000000000000000000000000000000110000010010000000100010000000000000000000000000000000000100000000000000000101000000000100
000100000000000000000000000000100010000010000000000000100100000010000000000100000000001000000000000000000000000100000000000000000000000010000010000000000000000000010000000000000000000000001000000000000000000100000000000010000000001000000000100010000000000000000000000000001000000010000
000000000001000000000000000000000000101000000000000000000001000000000000000000010000100100010010001001000000000000110000001100000100000000000000100000010000001000010000000100000010000100000010100000000000001011011000001001100000000000000000100000000000000010000000000000000001001000000
000100000000100000000000001000010000000100000000100011001000000011000001000010001100000010000000000000000000000000000000000000000000000000000100000100000000000000000000001000010000000000000000000000000000100001110000000100000100001000000000000000000010000001000000000010001000000000000
000000100010000000001000000100000000010000000000000000000000001010100100000100010000000000000001100000000000100000100000010000000000000000000000001000001000000000010100010000000000000000000011111001000000100000000000000000101010000000100100100000000000000000000000010000000000000000000
000001010000000101010000000000001000000000000000000000000001000000000000000000000001000000000000000001010000000000000000000010010110001000000000001000000000000000010000100000000000001000000000000000000000000000001101000010101001000000001000100000010000010000001000110000000110000000000
101000000000100010000000000000000000000010000001100000010000000000000000100010000000001000000000000001000000000000000001000000000000000000010100000000000000000001000000000001010101000000000000000000000000000000000000001000000100000000000000101000000010000000100001001010000000100010000
000100000000000000000000000000001000000000000000000001001000000000000000000000000000000001000000000000000000000000000000000000001000000000010000000000000000100000000000000000000100001010000000000000000000000000000000000100010010000000000000000000000000000000000001000010000000000010000
001000001100000000000000000000010100000000000001010000001000000000000000000000000001001100010000100000000001000000000000000001101000010000011000000001000000000000000000001001000000001000101001000000000000000000001000000000000100000000001100000000000000010000011001000000000000001000000
000000010000000001011000000000101000010000000110000000010000100000000000000001000011001000000000000000000000000001010100000010000001001000000000000000000000000000001000000000000000000000000001000000000000000000000000000000000000000000000001000000010000000100000000000001000001000000001
000100000000100000000000000010010000000001000000000000000000000001000101000100001000010000000000000000000100000000000000000000000000000000000000000000001000000000001000000010000010100000000100000010000000011000000000000000000010000000000000010000000000000000000000100000000000000000000
001000000000000000000000000000101000000000000000000011000001000000001000000000000000000000000001000000001001000000101001100000000000001101000010000100000000000000000001100000000011010000001000000000000000000000000000000000000100000000000000000000000000111000000000000000100000000000000
000000000000000010000000010000100000000100000000100001010000000000010000010000000000000000000000001000000001001000000000000100000000000000010001000001000000000000000000000001000100000000000000000100000000001000000000010000000000001000000000000000001010100000000000001000000000000000000
000000000000000000001001010000000010000001000000001000001000010000000000010100000000000000001000010000001000000101100000000000000000001000001000000100000100101000000000000001000000000100100000000010000100000100010000100000000000010000000000000000000000000001000000000000000000000000000
000001001101000010000000000000110000000000000001000000000000000001000000010000100000000000000010000100000000000000000000010001010110000000000000000000001110100000000000000000000000000100000100000100000000000000100000000000000000000000000000000000000000000010000000000000000010000000000
000000000000000000000000000000000000000101100000001000000000000001000000000010000000000000000000000010000010000100001001000000000100010000000001000000000000000000000000000000100010000100000000010000100000000010010000000100000000000100010000100000000000000001000000000001001000000000000
000000001000000000000000000000000100100100000000001100000000000000011010000010100000001000000001000000110000000000001000000000000000000000000000000000000000000000000000000100000000000000000000000000100000001000000000000000000100001001100000000000000000000010010000000000010001001000100
000100000001000000000010000000001010000100000000010001000010000001000000000100000000001000010000000010000110000100000000000000000000000000000000000000001000011000000010000000000000000000000000000000000010000000010000000000000000000000000010000000000010100000000000000000000001001000011
000000000000000000000000000000000000000010000000000000000000000000000000000001000000000000000100010000100000000000000000000100000000000000100000000000000000000000010000000000000000001000000000000000100000000000000000010000000100000000010001000000000100000000000000000000100000000000010
001000000000000000000000000000000000000000000000000000000000000000011000000000000000001000100100110100000000000000000001000000000000000000001000000001000100000110000110000000000000000000000010000000000010000000100001010000000000011001100101010000010000000000000000000000000000000000000
000000001000000100000000000001010000000000001101000000000000000000000010000001000000000000000000100000000010000000000100000000000000000000010000001000000000001000000000001000000000000000000000000000010000000000100000000000000000000000000000000100000000000100000010010000010000000000000
000000000000010000000110010000000000000001000000100000000000000000001000000000000000000000000001010000000010000000100001000000100001000010000100010001000100000000001001001100000000001000000000000010000010000000000000010010000100000000000010000000010000001000110100100000001001000000100
000000000000100001100000100000010001000000000000110000000000000000000000001000000001101000000000001000001000000000000000000000101000010000100000000000010110000000000000000100100000000000000100000000000000000000000000010001010000000000000000000011000000000000000000001000000001100000000
000000000000100000000010000001000000000010000000000001000000000000000000000000000000000000010010010010000000001000000000011000000000000010100000000000000000000000000000000001000000000010000010001000000000000000000100010000000000000001010001000010001001000000100000000000010010000100000
000100000010010000000010000000000000100010000000000000100000000010000000000000000001000000011010000000100000000000010101000000000000000000000000001000001000100000001000000000000100000000000000000001001000000000001000100010100100000000000001010100010001100000000000010000000000001000000
000000000100000000000000100000000000000000000000000000001000000010000010001011000000000001000000010100000000100100100100000000000011000000000000000000001000100100000000000000000000000000000000000011100000000010000000100000000000000000000000000000101000000000110000000000000000000000000
000000001110000000000000000000000000000000000000000000000000000001000000100000000000000000000000101000010000100000100111000010000000001000000100000000000001000000101000001000000000000001000000000001000000010000000000000000000000000000010000000000000000001100000000100010000000000000000
000000000000000000000000000001000000000000000000000000001000010000000000000000000000000000000000010000000000000000000010000000000000000100100000000000010000111100001000000000100100010000001011000000000000000000001100000000000000000000000000001000000000100000000000000000101000101000010
000000000100000000000001000000000000000000000000100000000000000000000000000000000000010000000000101000000000000000000001000000001000000000000000000000001000000001000000000100100110001000100100000100100010000100000000001000000100000000100000001100000000000010000001000000000000101010000
000000000000000010000000000000000000000010000100000000010000000000000000000000100000000000000000000000000000000000100000100000100000000000000000100001000010010001001000000000000000000100010000000000100000000000100000000000000011000001000000000000100100010000000000000001000000001000000
000001000100000101010100000000000000000000100000000000000000000100010101000000010000100000001000000100000010000100000010000000000001000000000010000000000000000000100010000000000000000000000000000000000000000000000000000000000000000000000000000000100100000011100100010100000000000010000
000000000000101000000000000000000100000000000010000000000001000000000010000000010000000000000000000000001000010000000000000101100001000001000100000000010000001000001000000000000000000101000000000000100000100000100100000010000000000000001000000100000010001000000000100001100000000000000
000000000000000000000000000010000000000000000000000000000000000100100000000010000000000000000000000000000000000000000000000000010010000000000000000000010000000000000000000001000000000000101100010000000000000100000010000010000011000011000000000000001000000000000000100000000000001000000
000010000000000010000000000000000100001000000001000011000000000001000000001000000000001000000000000000010000000000000000000000000000001001000000000000000001100000100100000001000001000000000000100000000010011000001000000000000000000100001000000000000000100100000000000010000000000000100
100000000000000010000100010000000100000000000000000000000000100000000100000010000000011000000000000000000000000000100000000001000100000000100000000001000010000000000100001000001000001000000000110000000100010000000100000000001010000010000000010000000001000000001000001000000000000000000
001000000000001000000000100000100010000000000010000000000100011000000000000000000001000000000000000110000000000001000000000001000000000000000001001000000000000000100000000001000000000000000000000000100000000010110000100001010000000000000000000000001000000000000000000000000000000000000
000000000000000010100000000001000000001000000001000010000000000000000001000010000000010001000000000000010010000100000000000000000000000001000000000010000000100000000010000001000000000000000000000000000001001010000000100000000000000000000000100000000000000000000100000000000000010000000
000100000010000000000000100000000000000000010000000000000000100100000100000000001000000000000000000100000000010001000000000000000000000000000000000000000000000000000000000100000010000001011000000000000000001110000100000001000000000000101010000000000000100000000011010001000001000100100
000000010000001100000000000000000000001010100000000000000000000010000000000000000000000000000000101000100000000100000000000010100000000000000000000000010000000100010000010100000001000000000000000000000000000001000000000000000000010000001000000000000000000010000000000101000000001100000
110000001001000000000000000000100000000000000000000000000000000000010010001000010100000000010000010000010000000001000000000000000000000000000000000000000001000000000000000000100000000000000010000000000000000100000000000000001000000000010000000000000000000010001000010010000001000000000
000000010000000000000000000001000000000000000000000000000000000010000000101010000100000000001000000100000000000000000000000000000000000100011000000100000000100100000100000001000001000000000000000000000000000000000000001000000000000000000000010000100000010000000010000000000011011000000
100000000000000000000000000000001001000001000000000000000000000000001000001100110000000010000010011000000000000000000000101000000100000100000100010010000000000000000100000010010000100000000010000000000000000001010000001000000000000100000000000000000000000000010000000000100000000010000
000000000000000010000001100000000000000000000000000000000000000100010000000010000000000100010000000000000000000100000000000000000001001000100000100000001010000000000100000000000100000100000000001000000000000000000000000000000000000000000000000000000000000010000010010000000000010000001
000001000000000000100010000000100001000100010000010000010010000001000000000010001000000000000001110000000000000000000000000000001000000000000000000000000000000010000000000000000000000000001000000000000000000100000000000000010000000000000000000000000001110000000000000100000000000000000
000000000100000000000000010000000001000000000000000000000000000000000000000001000000001100000000000000000000100000100000001001000000000000000010001000000000000000000000110100001010010000000000000000000001001000000000000000100000000000000001000100000000100100110010000000000000000000100
000000000000000000000000100001010000000001010000000000000000000000000000100011000000000100000000000000000001000000000001010000000000000000000000001000000000000000001000000000000100000001000010100010000000100000001000000001000000000000000000000000000000000000000000100010000000000000000
010000100000000000000000000000000000000000000000000000000000000001000000000000000000101100000000000000000010000100000001000001000000000000000000100000000000000010000000000000000100100000000110000000100000000000000100000000000000100000000000000000000011000100000000000010000000000000000
000000000001000000101000000000000010100000001000000000000101000010000000000000010000000000000000000000000000000010000000000000001010100000000101011000001000000000000000000000000000000001000000000000000000100101000010000000100000000010100100000000000001000000000000101010000000000001100
010010001101000000010000000010000000000010000001000000000000000000000000000000000000000000001000000000000101000000110000100001000100000000010001000000000001000000000000000000000000000000000000000000000100010000000000100000000010000000000000000000000000000100100000000000000000100000000
000000101000010100000000000000000000001000010000000000010000001000000000010000001000000100000001000000000000010000100000000100000000011000000010000100100000001000000000000000000000100000000000100000000000000000000000000000000000000000000000000000000000001101000000000000000000000000001
100100000000000000010000010000000000000010001000000000000000000000000000100000000000100100001000000000000000000000100000000000000010100000110001000000001000000000000001010000000010000011000000000000000010001000000100000010000000000001000000000000001100000000000000000000000000000001000
000000000000000000000000000000000101000011000000000000010000000100000010000000000100010000001000000010000000000000000010000000010010000100000000100000000000001001010000010000000000000011000000101000000000000000000000000000000000000010000000000000000000000000000000000000000100000000000
010000000000000000000000110010000000000000000010000001100000000100001000000000000010100100000110000000100000000000000001000000000000100000000000000000000101000000000001000000000000010000000000000100000000100000000000000000000000100000000000000001000000100000000010000000101000000000000
000000000000000000000110010000000000000000100001010000000000100000010000000011000000000000000000000000010000000001000000000000000000001100000000000010000000000000000000000000000100000000100000000000000000000000010000000000000000000001000000000100100000000000000000000100000000000000000
000001000001000000000100000000000100000110000000010000000001000000000000000100000000101000000100000000000000001100000000000000100001000000000000000010000000000000000000010000001000000000100000000000000001000100000000010001010000000100000010000100000000001000001000000001000000001000000
000000000000000000000000000000000000000000100000000000000010000000100000000000000000000000010000000000010000000000000000000000010000000000000000000000000000000001000000000100000000000000000000000000001000000000100000100000000000000000010000000000100000000100000000000000000000000000100
010000000010000010000000010101101000000000000000000000000100000000001000000000000000000000000000000001000000000000000000000000100010100000000000000000010000000000000000100000010001000001000000000000000000000000000000000000000100010010001000000001100000000000000010000000011000000000000
001000000000000000000000010000000000000000000000000000000001000000000000000000000010000000000000000000000000000000000000001000000000010000000000000100000100000000000001001100100000000001000000100000000100000001000001000000100010000000000000000000000010000100000100001000000100001000000
000000000000000000010000001000000000010000000000000000000010000000000000000000000000000000000000000000101000000000000000001000010000010000000000000010000010000000000010000000100000000010000001000000000000000110000000000000000000100000000001000000000001000000010000000000100000000000000
001000000000001000010001001010000000100000101010010000000010000000001000000000010000010000000010101000000010000000000000100000000001000000000000001000000000000011001000010000010000000000000000100000000000000000000001000000000000000100000000000000010001000000000000000000000100000010100
011010000000001100000000000000000000010000100000000110000000000101000000000000000010001000000100000000000000000010000000110000000000000000100000001100000000000000000000000000000000001000000000000000000000000000000000100000101101000000000000000000000000000000010000000000000000000000000
000000000000000000000000100000000000000000000000001000000001000000000000000000000000000001000000000000000000000000000000010000000100000000000001001000010000000000000010010000001000000000000000000010000000001000010000000001000000000000000000000000000000000000000001000000000000000010000
000000000000000101100000000000010001000000000000000000010000000001010000000000000000100000000000000000000000000000000001001100000000000001000000100000000000000000000000000001000000000000000001011000000000000000100011000100000000000000000000000100000100000000000000000000000000010000000
010000000000000000000000000000000010000000000000000010010000001001000000000001000000000000000000100000000000000000000000000000010000000100011000000000000001001000000000000000100000000001001000000000000101010000000000000100000000100000000001000010000010000000000001000000000000010001000
000001100000000000000000000010000010000010000000000000000000000100000001000000000000100000001001000000000000000100100001000000100000010001000000000000000001000011000000100000000000001000000011000000000000000000000000000000000000000000000000100001010000100000000000000000000100001000001
000001000000011010000000000000000101000000000100000000000000000000000000001000010000000100000000000100010000010000000000000000000000000110000000000000100000000000000000000000001000000000000000000000000000000000010001100000000000000001000000000000000000000000001000000000000000000000000
000000000000010000000100010000000000001000000000000000001000000000000000000001000000001000000000000000000000010000000000000000000000000010000000000000000001000000000100010000000000000000000011000000000000000000000000000000001000000010000000000000010001000000000000000000000000000000000
000000000000000000010100000100000000000000100000010100000010100000010001010000000000000000000000001100000001000000000000000000000010100000000000000001000001000010000001000000100000100000000000000101000000001000000000000000000000000000000000010000000000100000000100000000010000000010000
010000000000000000000000000000000000000100000000001000000001000000101000001100010000000000000100000000000000000000000000000000000100000000100000000000000100000000000000000000000010000000000000100000000111010000000000000000000000000000000000001001000010000000100000000000010000000101000
001000000000100000010100000000101000010010000000000000000000000000000010000000000000000000000010000000000000010101100010000000001001000001000000010000000000000000001000001000010000000000000000001000000000000000000000000000000000001000001000000000000001000000010001000000000000000000000
100000100000100100111000000000010000000000100000000000000010000000100000101100000000010000001000000010101000000000010000000000000000001000000100000000000000001000000000000000000000000000000000000010000001000000000000000000000000000100100100000001000000001000000100000010000100000000000
000001000000000000000101000001000000110000000000000000000000000001000011000001000000010000000000000100000000000010000000000000000000000000100100001011000010000000000000000000000101000000000010000000000000000000000000010001000000010100001010000000100000001000000000000000000000000000100
000000000100000000000000010000000000100010000000000000000000101000000000010000000001000010000100100010000010000000000000000001000000100000010001000000000001000000000000110000000001000000001000000100000000000000000100000000000000000000000000000001000000000000100000000000000000000000000
000010000010001000000000000000010000000000000010000000010000100000000000000001000000000000000001000000001000010000000000000000001000000000000001000001000000000010000000000000000000000000000000001000000000000000000000010000000000000000100000001001100000000000000000000001000000100000100
100000000000010000000000000100000100000000000100001000000000001101000000000000000010000000000000000000000100000000000000000000000000000000100000000100000000000000000000000000100001001000000000000001000000000000000000000000001000000000000000000001010000000100000000000000000000000000000
000000000100010000000000000000000000000110100000000000000100101000010001000001000010000000000000000100001001010000000000000000101000000000000000100000000000000010000000000000000000000100100000000000000000000000010000000000000000000000100000000000011000000000000000000001100000000000000
000000000000000010000000000000010000010000000001000001000100000000000000000000001000010000000000100000001000000000000000000000000001000100000000000001010000000000000011000000000000000000000000001000000000011000000000010000000000000010000000000000000000011001000000000000000000000000000
000100001000000000000000000000000100001000000000000100000000000100010010000000100000000000000001000000010000000000000000000100100000001100000000000000010010000000000000000000000001010000000000000010000000000000000000000000001000000000000010000000100000000000000000000000000001000000001
010000000000000000000000000000000000000000000000000000000000000000010000000000000000000000000000000000100100100000100000000000000100000000000000000000000000000000100001101000000000101001000010000100000000000000010110000000000110000100000001000000000000010000000000000000000000000000000
000000001000000000000000000000000010000000000010100100000000000000000000000000000000000000100000001000100100000100010000000000001000000000000000000100000000000000000000000000000000000000000100000000000110000010000000100000010000100000000000000010000001000000000000010001100000001100000
000100000000001000100000001000000010010110000001000000000000000010000000000000000010100000000000000000100000000010001000000000000000000010000000000000000000000000100000010000011000000000000010000110000000000000000010000000000000100100000000000100000001000000000000000000000000100100000
000000000000010000000000000000010101000000000000100001000011000000001000000000000000000100000010000000000000000000000000000000000001000000100000000000010100010000000000000000000000000000000011000000000100000000000000000000000000000110000000000000000000000000000001000100000000100010100
001010001000000000000000000000010000100001000000000010000101010100000001000000000000000000000000000100000100000000000000000000000010010000000000000011000000100010110000100000000010100000010000000000000000001000000000000000000000000000010000000000101000000100000000000000000010000100001
000000001000100000000000000000000000000000000000000000000000000000010001000000000000000100000000001000000000100000000000100000000000000100000000000000000000000000000000000000101000000100000000000000000000000010000000000000000000000100010000000000000000000110100000000000000000010000110
100000000001000000000010000000000000000000010111010000000000110000010000110001011000001000100000000000000000000000100001000000000000000000100010000100000000001010100100000000000000000000000000000000000000000010000000000010100101000000001000100010000100001000000000110010101000000100010
000100000000000101000000000000000000000010000000000001000000010010000001000000000000000010000000000001100101000000000101000000000000000000000000000000000000000100000000000100010100000100000000000100000001010000000100000000000000000001100010101000000000001000001010000010000000000001010
000000000000001100000000000000000000000000000010000000000000000000101000100000000000000000000000000000001100000101011000000000000010000001010100100000000000000100100001000000000000001000010000000000010000010000000000000001000000000001011000000010000000000010000000011001000010000010000
000000000000010000010000000000001000000000000000000000000000000100000000000100000000100000000000000010000001000000000000100010100000000000000000100001000000101000000000000000000000000000000000000000000001010000000000000000010000001000000000000000000000000000010000000000001001000000000
000000000000100000001000001000010000000000000000000000010100010000000000011100100000000000001000001100000001000000000000001000000000000000000000000000000000000000000000100010000000000000000000001000000000000001000000000110000000000000000000100010000000000000000100000000000000000000000
000100000010000000000000110000000000000101000000000010000000010000110000000001000000000010000000000000000000000000000000100001000000000010010001000000101000000000110000000000110100000000000100000000000000000011100000000000000000000000010000100000000100000000000100001000001000000000000
001000000000000000000000000000001000000000000000000000000000000000000000000100000000000000001000010100000000000010000001000000101000000000001001000000001000000000010010010000000000000000000010000000000000000000001100000000000000001000000000000000000010001000000000000000000001000000000
000101000000000111000010000000000100000000000000000000000000000000000001000001000000000001000010000000111001000100000001000000000001000000000000000000000001010000000100000101000001001010000000001100000010000100001010000000000000000000000001000100000010000000000000000000001100010000000
000010000000100000000000000001010000000000000010000010000000000000000000000001000000010000000010000000000000000000000000010100000000000000001000110001000000000000000001000000010000000000000000000000000000000001001000000000000000000000000000010000000000000000000010100001000000000100010
000000000000100000000100010000001000000000000000000000010100000101000000000000000000000000000000100000000001000001000001000000001000000000000000100000000000000000000100000000000000000001101000001000000000000100000000000001100000000100000001000000000000001000000000010000110000000010000
000010010000000000000000000000000000000000000000010000000000010010000000000000000000000000000000011100100000010000001000001010010000000100000000000000010001010000000000100000010010000000000001000000000000000000001000000000000000000000000000000010001000010011000000000000000000000000100
000010000000000010000010000000000100000000000000000000010000000000001111010000010001000000000000001000000000000000101000000001010000000100000100001100000000000000000000000000000001000010000000000000010000000010000000000000000000000001000000000000000000001000000000000000000000000001000
000000000000000000000000100000000001000000000010000000001000000000010010000000000000000000001000000000000000001000111010000100000000000000000000000000000000000011000100010000100000001000000000000000000000000000001000000001000000010000100000001001000000000100000011000001000000000000000
000000110010000000000000000000000000101000000110000000100000000000000000000010000010000001000100000000000000000000000000100000001000011000000000100100000000000011100000000000000000100000000001000001000000000100010000000000000000000010000000000001000000100001000000000010000101000000000
0 0
284 284
