28 28
0000011000000010100100000000
0011000010000001000000000000
0000000000000000100000010000
0010100101000000100000000000
1000000100100000010010000000
0000000100000000100000000000
0100110010000111000000000100
0001000000000000001000000000
1000001000000100000010000000
0000101000000000010000000000
0000000010000100000000000000
0000000100001000001000001000
0000000000000010000000010000
0000000000010000000000010000
0000000000000001000000000010
1001100010010000000000000001
0000010000000000000001001011
0000000010001101010000000100
0000010111000010000010000000
0000000010010000000100000011
0000000000010000100110000001
0100000010000001100100000000
0001010000100000000000000000
0000000001001000000000100001
1000010001000000000010000000
0000001000000000000100000000
0000010110001000000000000010
0000000010000000000010000000
0 0
27 27
