23 28
0010001000000001000000100001
0001000010000000100100100000
0100000000100100000000011100
0000000000000000000101011000
0000000001011010000101000001
1000011000000001000000001000
0100000100000000011010010111
0000110000000000010100000000
1110110000000001100000000001
0011000000000011000000001000
0010000010000000001000010001
0101101010001000000000010000
1010000000100010001000000100
1000000100100100000000010000
0001000000010000000001000000
0000000000000001000010101001
0111110000000010000100000001
0100000000011100000000000000
0000001001000011110000000100
0000110000001000010000001100
0100000000000000000000010000
0011001000010000000000000000
0000110100110110001000000000
17 4
4 26
