290 290
00000000000000000010001000000000000000000000000000000000000000000000000000000000000001000000000000101000000000000010000000000010010110000010000001001000010000000000000000000001010000000000100000000000000000000000000000000001000000000001001000100000000000000000000001000000000000100000110000
00000010000000000100000000001001100000000000000000000000100100100100000000001000000000000010000001000100000000000000000000000100100000010000101000000000000000000001000000000001000000000000000000100100000010000000001000000100000000001000000000000000001010010000010000000000000000000000000000
00001000000000000000000000000000000000000100000010000000000000000100001010011000010100000000000010001000000000000000011001000010000001000010000000000000000000000100000010000000000010000100000000000000000000000000000001000000010000000000000000000010000000001001000000000000100000000000000100
00000000110000000000000000001001000000010000100010000100000000010000000001100000100000001001000001000000000000010000001001000000001000000011010000000000000000000000001000000000100000000000000000000000000000000001000000000000100000000010000000000001001000000100000000100000100100100000001000
00001000000000001100000110000001000000000001000000000000100001100000010000100000000001010000000001000000001100000000000010110000000000000000000100000000100000000000000100000000000000000000001000000000000000000000000000000100000000000001000000000000000010000000100000000000000000000000000000
00000100001000010100000000100000100000000010100010000000100000000100000000100000011000100010000001000000001000000000000000000000001000000100000000000000000001000001100000001001000000000000001000011000000000000000101000000001011000001010001000000001100110001000100000000000000001000000000000
00100000000000100100000000000010000000000000000000001000001000001000000000000010000000001000000000010000000000010100000000000000000100100000110000000010000010000000000010000000000000000000000010000000000010000000000000000000100000000000000000000000000000000000001000010010000010000010000000
00000000100000000000000000000000001000010000000000000000000000000011000000011000000000000000000010000000000000100000000101000010000000000000000000000100000000000000010000001000010010000000101000100000000000000000000000000000000010000000001000010000000000000001010010000001000000010000000000
00000000000000000010100000100000000000000001000000000000000000000000000000000001000000000000000000000100000000000000000000000000000000000100000100000001000100000000001000010000100000000001000000000000000000000000000000000010000000000001000000001001000000001010000001000100000010000001000000
00000000000000100000000000000000000000101001000000100000001000000000100000100000100000000000001000000010000100000000000000010000000000010100000000111000000001000100000110010000001000000000010000000000000000000000110010010000100000010010000000000010000000110001001000001000000000000000000000
00000000000000000000000000000000000000000000001000001001000000000000010000000010000000010000010000000000000000000000001000000000010000100100000000000000100000000100000100010000000000000000000001001000000000001010000100000000000010000000000010000100001000010000001100000000100000001000000000
00100000000000000000000010000000000010000000000100100001000100000000011000000000000100000100010000000000000000000000001000000010000100010000100000010010000001001000100100100000000100000000000000000000001000000000000000100010000110000100001000010000000000010000000011000100000000000000000100
00000000000010000000000100000000000000000000000000000010000000000000000000000000000000000000100011000000000000000010000000001000000000000001100010000000000000000000000000000000000000000000000000000000000010000000000000000000000000000010000000000000000000000000000000000000000000000000000001
00000000000000000010000000000000010000000000000000000000000100001000000000000000000000010000000000000100000000000000000100000100000000000000011000011000010000101001100010000100000000000000000000000100001010000100010000000000000000000000001011000000001001010010000100000100000000100000100100
01010100100000000100000000010000000000000000000100000010000100000000000000100000000010000000001000000000000000000000001000001000000110000000000000000000000001000000000000001000000000000000000000000000000000000000000100001000000000111000000000000000000000000000000000010000000000001000100000
00000000000001000000000000000000000000100000000100000000000000000000000100000000000010000000000000000100000000001110000000000000100001000000000000000000000000000000100000000000000000000000000000000010100000000010000000000000000000001000000000000000001000000100010000001100000000000000000000
00000000101000001000000001000000001000000000000010000010000001000000000000000000000000000000000000000100000000000010000000000000000000000000100000000000000000000000000000000000010000000000000001000000000000000001100000000000000000000000001100000000000000001000000000000010000000000000000000
00000000000000000000000001000011000000000000000000000000000000010000001001000000000000000000000000000000010100000000110000000000000000010000100000000010001000010011001000100000001000000000000000001010101000100000001000000001000000100001000100100000000001000000000011000000000000010010000000
00000100000000000000000000010000000000000000000100000000000000110000000000000001000100000000000000000000000100011100000010000000010000001000000000000000100010000000000000110000000100000000000000000001000000010010001000000000000100000000000010000100000100000000001000000000000000010000000000
00100010010000000000000000000000001000100000001000100000000100000000000000001100010000000000000000000000010000000000000000100000000010100000000000000000000000000001100000000000100001000000000000000000000000000000000000000000000101000000001000001000100001000000000000000001000000000001000000
00010000010000000000000000000000000000001000000000000000000010000000001100000000000100000000011000000000000000000000000000000000000000000010000001000010100000001001000000000100000000000010000001000000000001000100000010000000100000010000000010000000000000000101000100000010100000000000001011
00000000000010000000000000001000000000000000000000000010100101000000000000000000000000000000000000001001001001000000000000000000000000000000000000100001001000000100110001000001000010000000000000000000000000001000000000000000000000000000001000000000000000100000000000000010100000110000000010
00000100000000000000011000000000010000000000001000000001000000010100010000000000000000000000000000110000000000110000000000000000001000001000000010000000000000100000100000000000000000000100010000000000000000000100000000000000100000000000000000000000000000111000000000000000100000000000000000
00000000000000000010001000000000000000000000000000000000000000010000001000001000000000000000000000000000000000000000000000000000100101000000001000000000000000000010000000010000010000000000010000000000001000000001000010000000000010000000000000000000000000110001000010010100110000000000000010
00000001001000000100000000000000000000000000000000000000100000000000000010000000100010000010001010000000000000000000000000010000000000000000000000001100000100000001101010000100010010000000000100100000001000000000001000000000000000000010000010000000000000100000000010110000100000000000000000
00100000001010000000000000000000000000000000100000000000000000000000010001100000000001000000000000000000000000000000000000010010000000000000000000000000000000000000000000100100000000000000000000000000000000000000000010000000000010000000000000000000000000001000000000000010000011000000000000
00000010010000000100000000001000000000000000000000001000000000010000010100000000000000000000100000000000000000010000100100000000000110001000000000001000000000000000000000100000100000000001000000000100010000010000100010001000001000000000000000000000000100000000000000000000000000000000000000
00000000000001000000000000000000010000101000000101000000000000000000000000011000010000000000000000001101000000000010000000000000000000000000010010000000010110000010001010001000000000000000100001000100000000000000001000100000010000000000000000000001000000001000000000000000000000000000000000
00010000001010000000000000000000000000000001000000001000000000000010000000000000010000000000000000011000000000001000000000000000001000001000000000000000000000000000000000010000000000010000000000010000000000100000000000000000000000000000100001000000001000000000000000000000000000000000000010
00100000000000000000010000000100010001000100000000010000000000000001000000000010001000000000000101000000110001000000000000001000000010001000000000000000000000000000000000010000000000000110000000000000000000001000101110000000000000000000000000010000000100000000000000001000000000000001000000
00000000000000100000000110000000000000000010000000000100000000001000000000000000000000001000000000000000100001000100011000000010000000000000000000000000000000000001000000000000001000010000001001100000001000000100000000000000000000100000000000100000000100000000000000001000100000000000000010
00000010000000000000000000000001000000000010100000001000000001100000000000000000001001000000000000000101011001000000000000001000000000001000000000000000000010000010000000001000001000000000000000011000000000001000100000001000000000100000000010000100000100000001010001001010001100001000001000
10001100000000000000000000000000100000010000100000000100001000000000000100010011000100100000010000001000100000000000000010000000000000000101000000000000000100000000100000000011000000000000000010000000000101010000000000000000011010000000100000010000001001001000000010010000011000000000010000
10100000000000010000000001000000000000000000000000100000010000000010000000000000000000000000110000000000000000000000000000000000000000000000000001000000000010010000000000000000000000100000001000000000000000010000101000100000000000000100000000010000000100000010000000000000101010001000000001
00000011000000000000000000000000000010100100000010000000000000000000000001000000000000000000000000000000000000000000010000001000000000000000000010000000000000010001000000000001000000000100000000000000000000000000000000000000000000000000000001001100000000000000000001010001000000001000101000
00000000000000001001010000011000000000000000100000100100000000000000000000000000100000010000000000000010100100010000000100000000000000000000001000001000000001110000100000000011000010000000000000010000000000000000000001000011000000000000100000000000000000000000101000000000000010000000000000
01000000000000010000000001000000000000000000000000010001000110000000000100000000100000001000000000000100100110000100000000010010010000000000000100000000000000000000000000110010100000000000010000000000000000000000000010010000100100000000010000000000000000001000000000000000000100000000001000
00000000000000000011100000000000000100000000000000000000000010000000000000000010000000100000000000000000000000000000000000000000000001000000010001000000000010000010010100000000000000000000000000000100000000000000100000000000000000000000000000000000100000000000110000000010000011000000000000
10000000000010000000000001000000000000000000000000000100000000001000000011000000010000000000000000000010000000011000001010000000000000010000000011000000000001000001000000000010001010000000000001101010000010010000000100000011000000000000000000010000001000000000100000000110000100000000000000
00001000000000000100000100000000000100000000010001000100001000011000000000000000001010000000000000000000100000000000000000000000000000000000000000000001000000010000000100000000000000000000000000000010000010000110001100000000000000000000000000000000000000000000000001100000000000000000000001
00100010001000000100001000000000010000000000000000010000000000000000000000111001000010000000000000001001000000000000000000000010010000000000010000001000000000010000000100000100000000000000000000000001000000000000000000000000000000000010001010000100000000001000000000000000000000000001000100
00000000000100000000000000000000010000000010000000001100010100000000000100001000000000000000000000000000000000000000000000010000100001000100000000000000000000000000000000000100000001010000000000000100000000000000000110000010000001000000000000000000001100000000000000000000000000000000000000
00000000001000000001010000000000000000000001000000000000000000000000000000000010000000000000000011100000000000000000000000000000000010100000000000000000000000000010000000000000100000000000000100000000010000000000000101000100010000000000001000100000000010000000100000000000000000000000000001
00000100000000000100010000001000000001000000000001100001000000000000000000000000000000000000010000010000000010000000000000000100000000000000000000010000000010000000000000000000000000000000010000000100000000000000100000000010000001000000010000011000000010000000000100000101000010000000000000
01000000010000000000101000010000000000000000010000000000100010000000000010000100000000000000000000000000000000000000000100000000000001000000100110000000000010000000000000000011110000000000010000101000011001100000100001000000000000000100100000100000000000000000000000000000000000000000000000
01000000000000001001001000000000000000000000000000110000000000000000010000000010000000000001000000000010000000101000000000000000010001000000000100000000010101010010100000000000000000001000001000000000000010000000000010000000000100000000010000000100000100001000001000001000000000000000000000
00000000000101000100100000100000000011000000000010000100000010000001000010000000000010000000000000001000000000000000001000000000000000000000000000000000010000000000000000000000000000000000110010000000000001000010001000000000000000000100000000000000000000000000000000010000000000000000000001
10101000100000000010000111000000000000000000100000000000000000000000000011000000010000000000000000000000001010000000000010100100000000000000010000000000000000000000001000000000000000000000000000000100000000000000000000000000000000011000000000000000000000000010010000000000000000000000010000
00000000000000001100000000100000010010010000000000000000010000100000100000000000000000000000010000000000001001000100110000001000001000000000100000000000000100001000000000000000011000000000000000000000000000000000001000100010010000000010001001000000000000000000000000000000000000010100000000
00100000000010000000000000001010000000001000010100000000000100000000000000010000000000000000000000001100000000000101000000000100000000001100000100001000000010000000001100100000100010000001000001000000000000001000000000010010000000000000100000000001001000000000000000000000000000000010000000
00000100000000000000001000000000010000000010001000110001000110000000000000000010000000000000001001000000000000000100000000010001000010000000010000001000000000000000000000000001100000000001000000000000000000000000000000000010000000000100000000010000000000010001000000000100000100010000100000
00000000000000000000000000101000000000000000000000000000000000000000000000000000000001000000000000000000000010000110000000100001010000000000000001000000001001000000000010000000000001000000000000001100000000000000000000000000000100000000000000000000000000100000010000000000000000001001000000
00100000100000000000010010000000100100000000001000000000000000100000000100000000000000000000000100000000010000001000000110000000010100000010000011110000000000000000000000001100000000000000000000000000000000000000000010000000000000000100011100000100000100000000000001000000000010000000000001
00100010000001011010000000000000000000000100000000000000000100000000000100000000110000000001000010000000000001010000000000001000000000000000000001000000100000000000000000000000001000010001100000000000000000000000100000000000000000000000000010000000001001000100000000000000000000000000000000
01000000000000000000001000010000010000000000000000000100000000001000000000000101001010000100000000001000000000000000000010010010000000000000000000001000000001001011000000000000000000000000000000000000000001000110000000000110100100100000000000000000000000000000101000000010000000100000001100
10000000000000010000000000110010010001000000001010000100010000000000100000010001000100000000000000000000000000000000000000000000000001000000000000000000100001100000000000000000000000100000000000001000100000000000000000000000000000000000000000000000000000100000000000000000000000000000000000
00000000100000100000010010000010000000001000100000100000000000000000000000000000000000000100000000001100000000010001000000000000000101010000000000000000000000000000000000010100010000000010000000000100000000110001100001000101010100000000000000000000010000100010000000000000000000000010000010
00000010000100000000000000000000100110100000000000000000000000000010000000000000000000000000000100001000000000000000000000010000000000010000000000100000000010100000000001000000000100000000000000000000000010000000000000000000000001000100000000000000000000010000000000000000000000000000000000
00000001000001000000000000010000000000001010000000000000000010000010000000000001010000000001001000000001100000000100000000000000000100000000000000000000000010011000011000000000000000000010000000000000000100110000000110000010000000010001000010000000000010000000000010000000100001000000000001
00000000000000010000000100000010001100010000000000000010000000000000001000000000000001100101000000000000000100000000000000100010000000000000000000010000101000000100000100000010000000100100000000000000000000000010001000000000000000000000001000000100000010000000000001000000000000100011000000
00000000000000100001000000000000000000000000100100000000011000110000100000000000000100000000000010000000000001000000100000100000100000000000110000000000010010000100001000000000100001000000000000000000000100000011000000001000000000000000000000000000000000101010010000100000010000010000001000
00000000000000000000101000000000000000000010000000100010000000010000100000000000000000001000000000000000000000000001000000000000100000000010010000000000000000000100000100110001000100000001000001000000010000100000000001000000000000000001000001100000100000000001100000100010000000100000000000
01000000000000000000000000000000011000001100000000000000000000100000000000000000000001000001010110000000000010000001000000000000000000000010000000000000000000100000000000000000000000000000000000000010000001000000000000000000011000000000100000100000000001000100000000000000000000000000000010
00000000100000001000000001000000100000000000000000000000010000000000000101000000000100000000000000000000001000000001000000100000100000000100001000000010000001010000000010000000000000000000010001000000000001000000000000000100000001010000100010010000000010100000101000000000000000000000000000
00001000000100000000100001000000000000000000000000001000100000000001000000000000000000000000000001000000000010000000001000000010000000000000000001010000001110100000000110000000100000000001001000000100000100001100001010010000000000000001000000000000000000001000101000010000000110100000000000
00000000000000000100000000000000000000000000000000000000000000010000000000000000000000000000000000000000000100001000000001000000001000001000000000000000000000000000000000000000000000000100000000000000100100000010000000010001000001000000100000000000000000000000010000000000010000000000000000
00000000000000001000101000000101000000000100101000000000010001000000000001000100000000000000011000000000000000000001000000000100000000000000000000000010001000000000000000000000100000000000001000000000000010000000000000000000100100001000000000000100000000000100000101101000000000000100000000
01000000000000000001000000000000010000000000000000010000000001000000000000000000001000100000000010000000000000010001000001010100000000000000000000010100110000010000100000000000000000000000001000010000000000000000000010000000000100100001000000010000000000000001000000000110100000000100000001
00000000000000000000110000000000000000000000000000000000000000000000000000010001000000001010000010000000010001000000000000000000000001000000000001100000000000000000000010000000001000000000000000000100101000000000000000000000001000000000000100000001000000010100000110100010000000001000001000
00101000010000100000000000000000000000010000000000100000000000010000000000000000100000000000000000000000100000000001000000000000000110100000000000000001000000000000010000000000100001000000000000000000000000001000000001000000000000000000100100001000000100111000010000000000000100010000100000
01000000000000000000100001100000000000000000000000000000000001000010100001000100000100000000000100000000010000000000000010000000000000100000000000000000000000000100000000000011000000000000000100000000000000000000000000000000000100100010000000110000000010000000000000000100000000000000000000
00000000000000010010000000000000000000000000000000000000000000000000000000000000001001001000001000000010000001000000000000000000000000000000000000000101000100000100000000100000000000000000100100000000000000000000000100101100000000001100000010000100000000000000000000000000001010010000001000
00000000000000001000000000010100000000000001000000000100000001000000000000000100001000010000000000000000011010000000000010001000000000001010000000001000000000000010010000000000000001010000000000000000100001000000100000000000000000010000100100000000010000000000000100010000000001100000000110
00000000000100010000000000001100001000010000000000100000000000001000000000000000000000000101000001000100010000000000000000000000000000000000100000110000000000000000000000000000000000000000000000000100000000000000000000100100000010000000000000000000000000100001001000000000000000000000000100
00000000000000000000100000000000000001000000000000000000000000000100000000000000000010000000000000000010000000000000001000000000000001000000100000010000000001000000000000000100000010000000000000011000000000000010010000001000000010000000000000000000000000000011000000010000100010010000000010
00000000000010100000100000000000000000001000000000000000000000000001000000000001000001000000000010000001000000010000000000000000010000000000000000000110000000001101000100000000000000000000001100001000000000000000000000000000000000100100010000000001000000000000000100000000001000000110000100
01000000010000000000000000000010100000000010100000000000000100000010000000000000000000000100100000001010000000000000000100000001001001000000000001000100000001000000000000000000000000000100000000000000000000000000000100000000000000000000010010000100000000000000000010100000000010000000000000
00000001000000000100010000100001000000000110101001001000000101000000010000000000000000000000000000000001000000000101000000000001100010001000000100000101000000000000001000001000000000000000000000101001001000000000010000000000000000000001000100000100000000000000000000010010000010000000000000
11010000000000000000000000001001000000000100000000000000000000000000000000000001000101000000000100000000000000000000000000000101011000000100000000010000000000000000001000000000000010001000001000000000000000100000100000000001000010010010000000000000000000010000010000000000011000000000000000
00000000010000000000000000000000000000000000000010001110001110100000000001000000000000000000000101000000000000001000000000100010000010100000010001000000000000000001000000000000000000000010010000000010001100000000000000001000000010000000000000000010000000000101000000001001001100100000000100
00001000010000000000001000000000000000000010000000000000000000000000001000010010000100000000010000000000100000000000000010000000000100100000000000000000000000000000000001000000110000000000001000000000000100100000001001000000100001000000000000000000000000000000010000000010000000000000001000
00100000010011000000000010000100000000000100000000000001110000000100000010000000001000000000000000001000000010100000001001100010000000010000000000000000000000000100000001000000000001000001100000100100000000001001010000000000001000000000100000000000100001110000000000100000000001001000001000
00000100101000000000000000000000000000000000010000010000000000000000001000000000000000010000000000000000000101010000000010000000000000010000000000010000000000010000000000000001110000101000010000000000000100000000000000000000000000101000000000000000010110000000000100000100000000100010000000
00000000000010000000010010000000000010000001000010000000100000000000000000001000000000000000000000000001000000000000000000000000000000000010000000000000000000000000100000000000000000000000000000100000000110000000000000000000100001010000000100000010001000000000000000000001010000000000000000
00000000000000001000000000000000000000000010000000000001000000000000000000000001000000000001000001000000001100010001000001001100000001000000010100000000000000000001001000100100000000101000000000000100000000100010000000000000000000000001000000010010000000000010000100000000010000010000100000
00000000000000000000001100000000000100000001000000100000010000000000000001000000010000000000000001000000000110000100000000000000100000000000000001100000000001000010000000000000000010000010100000000000000100001000000011001000000000000000000001010000100011000000000000000000000000000000001000
00000000000000000000000000000000010010100000000000000100000000001000000000010000000000001000000000001010000001011010000001000100000000100100010010000000000000000000000010000000000000000000000000001000000001000000000100000100000000001000100000100000011000001000000000100010000000100001000000
00000000000000000000000000000000000010100000001000000000000000000000110000000000001000100000000000100000000001000001000000000100100000000001000000010100000000000001000000000000000000000000000100100000011000100000000000000000000000000100100000000000000001100000110000000010000010010010000110
00000001000100000001000000000011000001011000000000000000000000000000001000000000001000000010000100000000000100100000000100100000000101011001000000000000000000000000100000000100000000000000000000000000001101000001000000000000000000000001001000001000000010000000000000000100000000001000000000
01000000000000000000000001000010010000100000000000100000000000000000010000000000000000000001000000000010000000000000000000001000100000101000000000001000010000000100010000000000000000000000000010000100000000000000000001000000000000000000000000000000001011000000000000100001000000000001000000
00000000000000010000000000000000000000000001000000000001010001000000000100000000100001000000010000001000011010000000000000000000000010000010000000000000001001000000000000000000000000000000000000000000001000010001010101000100000000000100000000000001000000000001000000000000001000000000010000
00000000000000000000000000000000100010000000000000000000000000110001000001000010000000000000000000000000000000110100000110000000000000000000000010000000000000000000000000010000000000000000100000000100000000000000000000000001010001000000000000000000000000001000000100100001000000000000000000
00010001000000000000010010000100000000010010000000000100000010000011000000000000000001000000000001100000000001001001000000000000001111000000000000000000000001000000000000000000000000000000001000001000000000000000000001000000000000000100000010000100000001001000000010000000000000000100000110
00100010000100000000000000010000000000010000000000000000000000000010000000000000100000000100000010000000000000100000101000000000000000000000100000000100100010100000000001000100000000000000000010000000100000000001000000100000000000000000011000010000000000000000001011010000000000000010000000
00000100000000000010000100000000000000000000100000000000101000000000000000000000000000000000000000000000000000000010000000000100011110101000000010001000100100000000000000000000000000000100000000000000000000000000000010000000000000000010001000000100000000001000000000000000000000000000000000
00000000100000000000000000100000000000000010000010000001000000000000000000000000000000000000100000010100000000100010100000000010100000000000001000001001000000100000000000000000000000001000000000000000010000000010000000100000000100100000010000000001000000000000000001000000000000000001000010
00100000000000000000000000001001000010000000000000000000000000000000000000000100100001011000010000000100010000000000000010100010000010000000000000000010000000000000000000000000000010100000000000000000000001000000000010000000000010001000010000000000100010000000101000000010000000000000100000
00000000101001000000000000000000000010000000000000000001000000000000000000000100000000010000000000001001000000000000000100000000000000000000000010000000000000001000000000001000000000000010000001000100000010000000000100000000100100000000000000011000000001000010000100000010000000000000000100
00100000000000001000001001000010000000010011000000000000000000000010000000000000001010000000000000000001000000000000000000000000000000000000110000000000000000111000001000000000100000001001000000100000100000000000010000000000000010100000100000001000000001000100100000000001010000000000000000
00000001000000000000000001001100100000000000010000000000000000001000000001000000010000010000000000000100000100100001000100000001100000000000100000000000100000000000010010000000001000100000000000001000000001001000000010100000000000000000000100000100000000000000010000001100000000010000000000
00100000100000100000000001000000000000010100000000000000000000010000000000000000000000000000010000100000000001110001000000000010000000000000000010000000000000000000100000000000001000000000000100000000011000000001000000000000000000000010000000000100000000000000000000000000001000000000000000
00000000100000000000000000000000000000000000000000000000000000100000000001001000001000011000011001000000010000000001011000000000000000001000010000010000000000010000000100000000000000000000000010000010101000000000000000000000000000000000000010000000000100000101110100000100000000000100000000
00000000001000000000000000000000000000101000000000100100001000000000000000000000000000000000000000001000000000000000000000010000000000000010000101010000001100000100100000010000001000000000010010000000000010100000000000100000100000000000000010010100000000100010000000000000000100010000000000
00010000010011000000000000000100000000000000000000011000000000000000000000010000100000000000000011000100000000100000000000000100000010000000101000000000000110010000000000000011001000001000000000000011000000000100000000000011000000100000000101000000000000000000000000000000001010000000100000
01000000000000000001000000000000000000010000000000000000000000000000000000000000110000000000000000000010100000100000000000000000100000001000100000001100000000001000000000000010000000000001001000000000000000000000000000000000100001000000000000000000000000010001000000010000000000000001100100
00101000000000000000000000000000010000100000100000001000010000010000001000001001100100000000000000001100010000010000000000100011000000000000100100000000010000000000010000000000000000000000001100100000000000011100010000001000100000000100000010000000000000000000000000000000000100000000000000
00000010100000000000100000000100000000001000001000000000001000010000000001000000000000000000001010010000100000000000000000110010000010000000000000110000010000000000010000010000000000000000000000100000010000100100000000000000000000001000000000010001001000000000000000000010000000000100000000
00000000000000000000001010011000000000010000000000000000000100000001000000000000000100000010000000000010001000000000000000000000000010000000100000000000000001001000000000000000000000000000000000000001000000000000000001000000100000000000000000000000000000001000000000010000000010000000000000
10000000000000000000000000010000000000000000000000010000000100000000000000000000001000000100001000000001100000000000000000100001000000100100000010000000100000000100010000000000000000000000000000010000000000000000000010100100000101000000000000000000000001110000001000010000000000100000000000
00001000000000000000000000010000000100000000000001000100010000000000000000000000010000001000000000000000100000001000000000000000100001000000000100000110000000000000000000000000100000010000000000000000000000000000100000000000001000000000000000010000001010000000000000000001010010000000000001
00010000011000000000000000000000000000000000000000000010000000010000000000000000000000001010100000000000000000010000000000000000001000000001001000000000000000000000000000000110000000100000000000000001000000000000000000110000000000000000000000000000000000000100000000000000000000010000000000
10000000001100000010001000000000000001000001000000001000000010000000000000000000000000000000000000000000010001010000100000110000000010000000000000000000000000000000000000000000000001000000000000010000000000000000000000000000001000001001000000000000100010010010000000000010000000000000000000
00000010001000000000000000000001000100100000000000000000000011000000010000010000010000000000000000000000000100000000000010000001000000000000000000000000010000000000100000000000000100000000000000000000000010000000000000000000000000000000000000100000000000001110000000000100001010000010000000
00000000000000000000000000100000110010000010000100000001000100010001010000000000000000000000000000010000000000001010000001000000000010000000000000000000000001000000000000000000000000000000000000000000000011000000100000000000000000000000000001000100000000000000000100000000010010000000000000
00000000000010000000100000000000000000010000000000000000000001000001010000000100000000000000100010000000000001000000000000100000000000000000000000000000000000000000000000000100000001000000010000100000000000100000000001000000001000000000000000000100000000010001000000000000000000000001100000
00000000000000000000100000000000010010000000000000000000110000000001000000000011000000000000000000000001000001001000000000001000000000000100001000000000001000000000000100000000000000001000001000001000000000000000010000000000000000000000000000000000100000000000000000000000000000000000000001
10000000000000001100000000000000000000000000000000010000000000000000000000000000000000000000000100000010100000000000010000000000000000001001000000000000000000000010000000000000000001000000000000000000000000010000000000000010000000000000110000000000000100000000000000100000001000000000000000
00000000100000010000000000000000001100000000000000010000000000000000000000000000000000000001000000000000100000000000000000000010000000000010000000000000000000000000000000000011000000000100000100000000001000000001000000000000000000000000000000000000000000000010000000001001000000000000000000
00000010001000000000000010000000000000000000000000000000000000000000000000000000100000000000000100000000000000000000000000001000000000000000000000000000010000100001000000000000000110110001000000011001000000000001000000000000000000000001000100101100000000000000000000000000000010000000100000
00010000000000000000100000010000000000000000000000000000000000000000001000000011100000000000001000001000000101000000000000000000001000000000001001000100000110000000101000000010001100000101000000000000100001101000000000001000000001100000000000001000000100000000101000000000010000000000000001
10000100000000000000100000000100000010000000000000000000000001000100001000100000000001000100010010100000100000001000000000100000010000000000100000000000000000000000000001000000100000000000000000100110010000000000000010000000000000000000000000000000000000100000000001010000100000000010000000
00000000000000000001000000000010000000001000000000000000100000001000000000000001100000000000000000000000000000100000010000000000010000011000010000100000000000000110000000010000000000010000000000000000010000000100000000000000010000000000000010000000010000000000100000000110000100000000000000
10001110000000100000000000010000000000000000000000001100000001010000000000010000000001010000000011110000010000000010010000101100000100100100010000000000000100000000000000000000001010000000000000000000100100000000000000000100000010000000001000100000000000100000000000000000000000000100000110
00100000000000000100000010000100000000010000100000001100000000000100010000000010000000000000000000000000001001000000000101000000000000010000000000010000000000000000000100000000000000000000000000001000010000000010000000000000000100000001000000000000000000000100001000000000000000000000000000
00000000101000010000110000000000000000000000000000000000100000000001010000000000101000001000000000000000100000000001000000000100101000000000100000000000010000000010000000000000000000000000000000100000000010000000001000000000000000000000000100000000000010100110000000000000001000110000000000
00000000001000000000000110000000000000010000000000010000000000001100000000010000000000000001010000000000000000100000000000001000000001000000100000000010000100000000000000000000000000000000000000000000000000000001100000010000001000000000000000000000000001000000000000000000000000000000000000
00000000000001000001000000000000100010001010001000000000001100001000100100100010010001000000000000000000100000010110011000000000000000000000000000010010000000010010000010100000000000000000000000000000000000000000100000001000000000000000000010100000000000000000010001000000001000000000000000
00000000000001000000000000000000010000000001000000000000100000000000000000000001000000001000000000000001000000000000000000000000000100100001000000000000000000010000001100000100000000000001010000000000000000010000001000000100000010000000000000000000001100000000000000110000000000000001000100
00000000100000000010010000000001000000000000000000000000001001000000001010000001001000000100000000000000000000000000001000000000000001000000000000001000010101010000000000001000000000001010000000000010010010001100000000100000000000000000000000000100000010000000000000000010000000001000100010
00000000000000010000000000000101100000100000000000001000000100000000100000100000010000000000000110000000010000000100000000000000000001000001000001000000000000010100000000000000000000000100000000001000100000000001000001000000000001000001100000000000010000011000000000000000000000001110000000
01000000100000000100000100000000000000000000010000001000000000000000010000001000000000000000000000100001000000000000000000000000000000010000000000100010000000000100000001100010000000100000000000000000001000000000000000000000001000000000000000001000000000100100000000000011010010100000000000
00000000000100000000000000000000000000000100000000101000100000000000001000000010000010000000100000000100110000000100000100100000000000000000000000010000000001000000000000000000001000000000000000010000000010000010000000010101000000010001010000000000000000000000000010000000000000000001000100
00000000000000000000000000000000011000000000000000000001000000000000000000000001000000000000000000000000100000000000000000000000100010000010000000010100000000000000000100010001100100000001000100000100001010000000000000010000000000001000000000000000001100000000000110000000000000000000000000
00000000000100000000000000000001000000000000000000010000000000001000001000100000000000000100010000000010000001100000000001000000000000010000000000000000011000001000100000000000000000100100000000001000000000100010000100000000010010000000000000000000000000000000000000000101000001000000010000
00000010000001000000000000000000000000000100000000000000000000000000000100000000000000000010000000000000000000001000000000000000000000000100000000010000000001000000000010000000000000000001001100000000000000100000000000000000000000000000000000000000000001000100100000000100000000000000000000
00000000000000000001000000000000010001100000000000000000000000000000000000000000100000000011000000000000000000000000000000100001000000000000000000100000011000000000000000000100100001100000000000010000000000001000000001100000000000000000000000000000000011000000001000000000000000000000000000
00000001000000010000000010100000100000100000000000000000000000000000000000000000010010000000001001000000000011000001001000001000000000000000000000011001100000000000000000000000100000000001000000000000000000010000000000000000000000000000000000000000000010000100100010000001000000010000100010
00000000001000000000000000000000001100000000000000000100000000000000000000000000000000001000000001000000000000001000000000000100000000100000100000010000001000001001000000010010000001000101000000000000000000001100000000000001001000000000000000001000000000101110000000010001011000000000000000
10010000000000100100000000000000000000000000010000000100000000000000000000010000010000000000000001000000000000000000000000000000000000000000000000000010000000000000001000000000001000000001010000000000000000000000000000000000010000010010000000000000001000100000010000010001000100001000000000
11000000000001000010000000000000000010100001010000000100000000000000000000000100000100000000000000000010000100000000000001000000001000000000000000000000000000100000000000100000000010010000010000000001000000000000000100010000001100000000000100000000000000000000000000000000000000100000000000
00010000000000000011001000000000000000000100000111000000010000000000000000001000000000000010000000000000000000001010010100000000000000000000000000000010000000000000000000010100000000000001001000000010000000001000000100000100000000000001000000010000000000000000000000000000100000010010010000
00000000010000100000000000000000001001010000000001000010010000000000000000000000000000000010000000000100000001000000100000000000000100110000000001000000000000000000000100010001000000000000000000010000000000000000000000000000000000000000100000000000000000000001101000001000000000000000000000
00010101000000000000000000000100000000100000000000000000000000000010000000000000000000000000000000000000001000000000000000010000000001001000000010000000000000000110000000000000000000000000000000000010000001000001000000010000000000000000000100000000010000000000000000000000000000000000000000
00000010000000000000100010000000000000100000000000000000010000000000000100000000000000000000000001000000000000000000001100000000001000000000000000100000000100000000100000000000000001001000100000010000000000001010000000010000000000101000000001000000000000000000000000000010100000001001000001
00000000100001100000111100010000000000001000000001000000000000000000000001000000100000100000000100000000100000100100000000000000000100000000000000000000000110000000100000011000000000100010000000001100000000000000001000000001000000010000000000010000000000000000000000000000001000001000000100
10010000100010010000000100000010000000000000000000000001000000000000000000000000000000000010000000000000000001000000001000000100000010000100001000001000000000000000000001100000100000000000010000000100000100000100000000000101000000101000000000000000000110000000000000000001001000000000000000
10010000010000000110000010000010000000000000000100100000000100000000000010000000000000000000000000000010000000000000000000100000100000000000000000000000000000000000000000001000000000100000000000100100000000000000000100000000001000100000000000000000000010010001010000000000000000000000001000
00000001000000100000000000000010000000000000000100100000000000000000001000000010100000000000000000000001000010000010000000000000000000000000101001000000000000011000100001000000000000001000000000000000000001000001000000000000000100000000000010000000000000000000000000100000000000000000000001
11000000010100100000000010000000000000010000100001001000000000000100001000000000000000000000001100000100000000100000100000000000010010001000000010000010000000000010000101000000110000000000000000000000000000000010000000100001000000100001000100101000000000100000100000000000100000000001000000
01010000100000000000010110000000100001000010000010001000000000010000000000000000011000000000010000000010000000000010100000000000101100000010100000101000000100000001000000000000000000000000000000000000000000000000000000000000000000000100010000000000000001000011001000000000000000001100101010
00010100100000000010000000001000000000000000000000010000110000000000000001000000100000000000000000000000000000100000000000000000000000000000000001000010000000000000000001000000000000000000000010000000000000000010000000001000000001000000100001000000000100001010000000000000000000000000010000
10000001100000000100000000000000100000010000000000001000100000000010000000000000000000000000000100000001000100000000001110100000000000101000000000000000000000010000000000000000000000000000000000000000010000000000000000000010010000000000100000101001001000010000001000100010000001100100100010
10000000010011000010000000000000000000000000001010000000100000000010000000000000000000000000000001010000010001000010000000000000000000101000100000000000000000000000010000000110000000000000001000001000001001010100000000001001000000000011000000000000010000001000100000101000000010000000000000
00000000000100000000000000001000000000000000000000000000000000110000000010000000000010000000010000100000000000000101000001001001010000000000000000000010000000000000000000000001000000001011000000000000011000000010000000000000001001000000000000010000000010000000010000100001000000000000000010
10001000000011000000000000010000000000000000000000000000000001000010001000000110000000000000000000000000000000000010100000000000000000000000100000000000000000000000000000000000000000100000000000001000100000000001000000000000000000000000000000000000000000100000000000010000000000000001010000
01000000001000000001000001000000000010000001000000010001000000000000000010000000000000010000000000101000000000000000001000000000000001000101000000010000000000000100010010000000001000000000000000000000000000000010000000000000000000110000000000000000000010000000000000000000000100000000000000
00000000001000000000000001000000000000001000000000010100000000000010000000000000000000000000010000000000000110000000000000000000100100001000000000000100010000000000000000000001000000100000000000000000000000000000000000000000000000000001000000100000000000000010001010010000000010000100100100
00000000010000000000000000000000000000000000000000111000000000000000000000000000000000000010000100000000100000000000100000000000000101000100000001000000010010000000000000001000000000010000000000000000100000000000000001010000010000000000000000001000000000000000000000011000001000001001000001
00000000000000010010010000000000000001011000010000000000000000000001010000000100001000000000000000000000000000010000000000000000000000000000000000000010001000100100000000000000000011000000001000000000000000000000000010100000001000000000000000001000000000000000000010000000001000000000000000
00001000101000000000000100001010010000000010001000000000000001000010000000001000000000000000000000000000000000000000000001010001000000000000000000000000000000000000000000100000000000000110000000000000000000000000000000000000000001000000000000000000000000000100100000001001000000000101000000
00000000000000000000101000010100000000000000000100000000010000001000011000000010100000000000000000000000000000001100000000100000000010000000000100000000001001100000000010100000000000100000010000001000010000000100000000000000000000000000001000000001000000100000000000010000000000001000000000
10100100000000010001001000000000000000000000000000000000000000001000000000000100000000110101000010000010001000000000000000000001000000000000000000000000000000000000000000000000000001000000010000000010010100000000000000000000000000000000000000000100000001010000000100000000100011000000000000
10000010001010010000010000000000000000000000000000010000000000000000000001000000001000100000100000000000000000000000110001000000100000001000100000000001010000000000100000100000000001000010000000000010000010000000110000000000100100000000000100001000000000000000000010000100000010000010010100
00000000000010000000000100010000000100000000000000000000000000000010000110000000101000000010000000011000000100000001100000000001100000000000000000000000001100000110000000000000000000000000000100000000000000001100000000000100010000010101000000000000000000000000000001000000000000100000001000
00000100000000000100100100010000100001000001000100000000000000000000010100010000011010000000000001000000000000000000000000000000000000000000000000000000000010001000100001100001100000010000000000000001000000100100000000000001000000001000010000000000000000000100000010000000000000010010000000
00000000000100000000000000000001001000000100000001000010010000000001000000000000000010100000000001000110001000001000000000000000001001100011000001000000000000000000100000000000000000100000001000000100001011001000000000000010001100000000001000000000100100000000010000001001001000000000000000
00000000100100010000001000010000010000100000000000000000000000000100010000000000100000000001000000001000000000101000001000010000000000000000010010000000000000000000001001000000000000000000000000000101000000000000010000000000000000000000000000010000010000000011010000000000000000000100000000
00000000001000001000010000000000010100000000000000000000100101001000000000100011000000001000000010001000100101000001000000000000000000010101000000000000000010000001000000000000011000000100000000100000010000000000000000000000101000000001110000000000001000001000000000000001000000000000000000
00110100000101000000000000000000000000000001100001000000100010000000000100000100000000001000000000000000100000001000000000000000000000001000010000110100000000000000000010000000000000000000000000100000000000101000000000110000010000000100000000000000000001000000000000000000001000000000000000
00000000000001000000001000000000000000000000000000000001010000011000000000000000000000000001000000000010000010100000000100000100000000100010000000100000000001000000000000100000000010000010000000010010000000000000100000000000000100000001000000000000000000000000000000000000000000000000001000
00000000000000010010000000000000100010000000001000100010001000000000000011010000000000000000000000000000000000100000000110100000000000000000000000000000100000000000000000100000000000000000000010010000000100001000000000100000000000000000000000000000000000000000010000000000000000000010000100
00000000000000000100000000000000000100000000000100000010100000100000000000000000001000000000000000010100000000100000001000001000000000000100100000001001000000000000001001000000000000000000001000000010001100000000000000000000001100000000000100000000000000000110001000000010000010100000000000
11000110000010010010000000000000001100000001100000000000000000000000100000010000000100110010000000000000000100000000010000000000000000000110000000000000000000000000000000010000000000000000010010000000000100000000000000000000000001000000000000000000000000000000000000000000100000000010100100
10000100101000000000010000000010000000000000000110000000000000000101000000101000000000000000000000000000000000000001000000000000001010000001000000000011000000000000000101000000000000001000000000001000000000000001000000010000001000000000000000000000000000011000100100000000000000000000000101
00000001000001000000000000000000000000000000000000000000000000010000000000000000100100000000010010000000000000000000000000000000000000100001000000000000000001000001000000000000001000000001000000001010000000000000000000000010000000010000000010000001000000100000100000000100100000000100000000
00001000010000000000000000000001010000001000000000000000000001000000000000000000000000100001000101001000000110010000000000000000100000001000000000000000010000000010100000000100000000000000000000000000000000010000000000100000001000001000110000000110000000000000000000001000000000000000001000
10000000010010000001000000000000000000000000100000000000000000100000000010000000000010000100000100000000001000000000000000000100000110000000000000000000000000000010001000000000100000000000000101000000000000000100100010010010000000000000000000000000000001000000000000000001000000000000000000
00010000001000000010000000000010000000000000001000010000000000000000000000000000000000000000010000000001110000000100000000010001000000001000000100000000001000000101100000000000000000000001000001001000010000000100000000000000000000000000001010000000000000010000000100001100000001000000000001
00000000000000000000000000000000000000010000000000000101100000000100000000000100000000000000000100000000000001000100000000000000001000000000000000010000001010000000000000100000010000101100100000001010010000000000010000000000001000000000000100000101000000000000000000000000000000000000000001
00000000000001000000000000000000001000110100000000001000001000000000000000000000000000000000000000000000000000101100000000100000100000000000000000000000000000000000000000000000000000000000000100000000000001010000000100001000000000100000100000000000000000000000000001000000000001000000000000
00000000000000000100000100001000000000000000000100010000000000000010001100000000000001000000110100001010000000000000001100000000000001100000001100000100000000001000000000000000000000000000000000000001000000001000000000000100000000000000000000010000000000000000000000000000000000000010000000
00000000001000000000000000011000000001001000000100000000000000001000000000000000000000100100100000000000000001010000000010001000000000000000000000000000000000100000000000000000000000000110000010100010000010000001000000010000000000100000000010000000000100000001000000000000000100000000000000
00010010000000010001000000000000000000000000100000000101000010000000000000000001001000000000000000000010000000100000100000000000100100010000000001000000000000000000000010000000000000001000001010000000000000000000000000000000000010000000000000000000010110100010100001000000000000000000001000
00000000000101000011000000000100001000000001000011010000000000000000001000100000000000100000000000000000001010000010000000100100000000000000000000000000000000000000000101000000010000000000000000000100010000000001000000010100000000000000000100000000000000000000010001000000001000000000000000
00000000000000110010000000000000000000000001000000000000000000001000000000011000000000010000100100000010000000000000010100010000010000000000000000000000000100000010000000000011000000000000010000010000001000000000000000000010010000000000000100000000100000000000100010100000000010000000000000
00000000000000100000000000100100000000000000000100000010000000100000000010000100010000000000000010000000000000000010000000001000000100000000000000010000000000000000000000000000000110100000000000000000000000000010100000001000100000000000000000000000000000000010000001110110101000000000000001
00000000000100010000010000000000000000000001010000000000000000001010000000000100000000010000000000000000000000000000000011000010000000000000001010000000000000000000000100000000001000001001000000100000010000000011001000000001000000000000001000000001000000000000001000010000000001010000000001
00010000010000000100100010000000000000001000010000000101000000000000000000000000000010000001000000000000000000010110010100000000100001001000001000000000001000000000101001100000100101000000000100110100001000000000100010000000110000010000000100001000010010000000000100000000100000000000000000
00000000000000000000001000000010000000000000011000000000000000000000000000100000001001100000000010100000000000000010000000000000000000100000001000000000000000000000000000000000000100000000000000000000000000000000000001000000110000100010000000000000000000000000000100000100000001000000000000
00000100001100001000000000000010100010000000100000000010000000000000010000100000010000000000000000000000000000010000010000000000011001000100000000000100000000000000001100000010010011000010001000000000000000011000000000001000000000100100000000000000001000000000000000010000000001001000100000
00010000000100000010000001000000000000000000000010000000001100000000000010000001000000001000000000100000000000001000000000000000000000000000000000000100001000011000001000000001000010000010000000000100000100001000000000000000000000000110000000000000000000000000000010000000010101000001001000
00100000000000000000001010100000010000010000000000000000000100000000000000001000000000100100000011000000000000000000000000000000000000000000000010000000100000100010000000000000100000000000000000000000001000101000000000100000001000001000000000000000000000000010000100000000000000000100000000
00000000000000000010000000000000000000000000000000100000001000000000000000000000000100000000010000000000010000000101100000001000110000100000000001000010100000000000001100000001000000000000010000100000000000000010100000000010000000000000000000011000000010000000000000000000000100000000001000
00100000000000000000000000000010010000000000001010000000000000000000010000000000100000000010110000000000010000000000001011100000100000000001000100000000000000010000000001000000000100000100000000000000000000000000010000000000000000010000000100000000000000100000000001001000000100000000000010
00000000000000000000000000000000000000000000000000000000000000000000000000000000000010000101000001000000000000000000000001000010001001000000001100000000000110000001000100000000000100000000000001000100000101000000000000000000001000000000000010000000000000000010000001000000000100000000000000
00000000000000000000000000000000001000000000100100000000000001000000000001000000000000000100010000000010000000000000000000000000000000000000000000001100000100000000000000010000001000000000000000101000000000000101000000100100000000010000000000100000000000000000000000000000000001001000010001
10000000000000100000000100010000000000101000000001000000000000000100000000000000000000010000000000000000000000000000000000000000000000001100000000000000000010000000000000000100010000001010000000000000001000000000000000000000000000000000000000100000000000000000000000000000000000000000001000
00000000000000100100011000010000000000000000010000000000000000001000001000010000000000100000000000000000010110000001000000000000000000000000011000001000000000000011000100000000001000010000000000100100000000000000000000000010000000000100000010010000000000000010000000000100000000000000000000
00010000000000000100000000000000000010000000000000000000000000111000000000110110000100000000000000101010010000000101000010010001000000000000000001000100100000000000000001000000100000000010000000000000000000010001000010101000000100000100000000000010000010000000000000001000000000000001000010
00000000100010001000000000000000000000000000000000100000000000001010000001000000010001010000001000000000000000000000000000010100010010000000000011000000000000010000001000101000010000000000000000100000000000010000000000010000000000000000000000000100000000100000000000000000000101000000000000
10000000000110001000000000000001001001000000000000010000000000100010000001000010100000000000000000101000100000000010000011000010000000100100000100001000000000100000011000000000010010000000001010000000001000000010000000001001000000011000001000000010000000001000000000000000100000000000000000
00000000000001000000000000010000000000000000000000000000000000000000000000000000000001000000000001000000000100100000010000000000000000011000000000000010100000000000100000000000000000000000000000000001000000000010000000000000100000000000000000001010000010000000000001000000000001000000000000
00010010000000000000110000000000000010000000000000000000101000000000010000000100000000001000000000000010001000000000000000000000000100111000000010001000000000000000000000000000100000001000000000000000001000000000010000000100000001010000100000000100100000000010000000000000000010000000000000
00000000010000000110000000001000001110100001000000000000000000000000100000001010000001000010000000010000000000000000000000000000000000000000000000111000000000000000010001001000010010000000000000000000000000010000000001000000100000000100100000000100000000001000000000101000000100000000000000
00000010000000010000000000010100000000000000100000100000000000000001000000010000000000000000000100000000000000000001000100000000000000100000001000000000000000001000000000000000000000000000000000000000000000000000000000001000000000000000000000000010000000000100000000000001000010100000100100
00000000000000001000100001000000000000000000000000000010000000000000000000000000000001010000000010000010000001000001001100000000000100000000000000001000000010000001000001000010000000010010000000000000000000000000000100000000100000010000000000000000000000000110000100010000000000000000000001
01100000000110000000000000000010000010100000000000000100100000000000000000100000000000000000000001000000000000000001001001010000000000000000001000000000000000010000000000000000000000000000000000011000010000100001000001000010000010000000000000010000000000000011000011000000000000000000001000
00000000011001000000010001000000000100001000000001000000000001100000000000001000000000001010010000000000000000000000010010000000000000000001000000000011010001001000000000000000000000000100000000000000000000000000000100000000010000000010000000000000000000000000010000000000011100000000000000
00000000000100000000000000000000110000000000000000000000000000000000000000000000000000100000001100000000010000001101010010000000001001000000000000000000100100100000100010000000001000000000010000010000000000000001100001000000001000000000001000000010000000000000000110000000001000010000000001
00000000000100000000000000000001100100000010000000000000001000000000001001001000000000000000000010000000100110000000000000100000000000010000000000000000001000100010100001000000000001100000010000000011000000000000000000000000000000001000001000000000000000000000100000000010000010010000000000
00000000000001000000000000000000000001100000000000000011010000000010010000000100000000000011000000000000000000000000000000000000000001010000000000000000000100000000000000000000101000000000100000000000100000000000000000100010000000100000000000001010001000000000000000000010000000000001010000
01100000110010000000000000000001110000000000000000010000000000000000000000001011011000100000001000000010000001000000000000000000000001010001000000000000000001000000000011100000000000000000000101000000000000000001110000000000000000010100000000000000000010100000000000000000000000000000000000
11100000000000000000000000000000000000000011000000001000000000001000000000000000000000000000000000000001000000011000010000001000010000000000000100001000000000000000010000000000000001000100000000101000000000000010100000000000100000000000000000010001000100010000000001000001001000100000000100
10000001000000000000110001000000000000000000000010000000000000000000000000011000010000000000000000000000000001000000000001000000000000110000000000010000000000100000000000100000000000000100000000000000000000000000000000000000100000000000000000000000010000000000000000000000000000010000000000
00000000000000000000000000000000000000000000001000000000000000100000000000100000000000000000000000000000000100000010000000000001000000000000000000000010000000000010000010000000000000000000000000000000000101100000100100000000000000000000000001110000000000000000000000000010000100000000100000
10000000101010000000000000010001000000000000010100000010000100000100001000000000000000000000000011000000010100000000000000100000000000000000000001001000000000000000000001000001000000000000000100000000000000000000000000100000000010000000000000000001001000000000000000000000000000010000010001
00001000010000100010000000001100101001010000100000100000100100000001010000000010000000000000000000010000000000000010000001000000000010010000010000000000000000100001000001000000000001000000000001000000000000010000110000000000000010000000000010000000000000000001000000100101000001000010000000
00010010000100000000011000001001000000000000000000000000000000000100010000000000000000000001000011000000100100000100000100100100000000000011001000010000001000000000000100000000000000000000000000000000010000000000000100000000000100000001000000000000000001000000001000000000000000000000000101
00011000000000000000000000100000100000000000000110010000000000000011000000000100000000000000001000000000000000000000000000000100000010100010001000000100010000001000000000100000000101000000010000000000011000000000000001000100000000000001000100000000000000000010100010000000000010000010001000
00000000110000000000000000000000000000010000000000000000000100000010100100000000101000000000000000000001000010000000100000000000000000000000000000100010000100000001000000001000100000000010000000000001010000000001000010000000001000000010000000010000000000000010000000000000000100010000000000
00000000010000000000010100000000000000000000000000010000000000000010000000000000000000000000000000000000000000000010001000010000000000000000000001100000000100000000010000000000100000010000000010001000000000000000100000000000000000000000000000000000000000000000000000010000110000000000100010
00001000001011010010000000000000000000000000101000000000000000001000000100010000000000000101000000000000000000010000001000000000000000000000000000001000100000000000100000100000001010000001001010010001000000000010000000000000000101000000000000000100001001000000000000000000000001000100000000
00000010000000001100000000001000000000001100000000100000000000000000001000000000000000000001000100100100000010000000010101000000100000010000000000000000000001000000000001000101010000001000000000000000011000000000000000000000000000000001000000000000000000000000000000000000100000000010000001
00000000000000000000001000000000000000000000010001000110000000010000000100010000001001101011000011000000000000010001000000100000000001000000000001000000000010001000000000000000000000000000000000000010000000010000000000000000000000000000000000000000000100000000000100000000000000000100000000
00000000010100000000000000000000100000000110001000000000000000010010000000000000100000000000000000000000000000000010000000000100000001100000000000000000000000000001100000001000000000001000000000000000000000010000010000000000000001000100000000000000000001000000000000000000000110000000001000
00010000000000001000000000000100000001010000000000000000000000000000001001001000010000000000010000100100000000000000000000101100000000000000000000000000000000010000000000000000000000000000000000010000010010001000000000000000000001100001000000100100000000000000100000000001000000010000000000
10000000000000000000010000000000000100000000000000000000000100000000000101000000000000000000000000000000010000000000000000000000000000000000110000000100000100000000000000000000000010000000000000000001001000000000000000000000000000000000001000000010010000000100000000100000000000010000000000
00010000000000000000000100000000010000000000000100000000000000000010100000000000000000000000000010000100000100000000000000100010000100001000000000000000001000000000000000000000000000000000000000000000000000000001000000000000000010000000000000001000000100010001000000000000000000010000000000
00000010000000000010000101000000000001000000000000000000000010000000000000000101100100000000000000000000000000001000000100100000001000000000100100010001010000000000000101001000000000001000000010010000000000100000000000000100000000000000000110000000000100001000100000000000010000000100000000
10101000000000000000000010000000010000000000100000001000000000000010001000010000000000001000000000010001000010000000010100000000010011000010000000001000000000100010010000000000000000000000000001000000000000000000000000000000100011101000000100010010000000001000000000000000000000000001000000
00000000000000010000000000000000000001000000000000000000000000000000000010000000000000100000001000000000000000000000000010000001010000000000000000000000000000000000001000000000000000000000000011000001010000001000100000000000000000100010000000000000000000010000000000000000011000110000000100
00000000001000000000000001100000001000000000000000000000000000000000000000000001000000100000000010001000000000000010000100000010001100000000000000001000000000100010000000000000000000000000000100010000100000101100100000100001000010000001010111000000000100000000000000000000000000000001011000
01001000000001000000000010000000000000000000000000000000000100010000001000000000010000000000000000000000010000000000000000000000000000000001000000010000000000000000000000000000001100001000000000000001000100000001000000000000100010000000000000000010000000000100100000000000011000000000001000
10000000000010000000001000000000000000000010000000000000000000000000000010000001010100001100010000000000000000000000010000000000000000000000000000000000010010000010000100000010000000100000001000001000000001000000000000000000000000000000001000000000000000000000000010000010000000000000000010
00000100000000000000000000000000010000000000001100000101000100000100001100000000000010000000000000100000000010010000000000000000010000000000000000000000000000100000000110000111100100000000000000010000000000000000000011000000000000000000000000000000000000000000000000001000000001000001101000
00000000000000000000000000000000000000000000000000000000000001001000000010000000000000100000000100000000100000000100000000001000000000000100000000000000011000010000101000100000000100000000000000001000010000000000011010000000100000100000000000000000100110000000000100000000000000010000000000
00000100000101000001000000110000000000010000000000000010001000000000001000000000000100010000000000000100000001000000000000000000100010010000000000100001000010000000000011000000000000000000000000010000000000000000000000000000000000000010000010000000000000000001001010000000000000000000000100
00000000000000000100000000000000000001000000000000000000000100010000000000110000000000000000010010000010000110000100000000000000010010100000000000010000000010000100010100000000000010000000000100000010000000000100000000000000000000001001000000000000001000011000000010000001100000000000000000
00000000000000000000001000000000000001100000000000000010000000000000000010000000000000000010000000000000010000001000100000011000010000000000000000000100000010100000000000100000000000000000000000000000010000001000100000011000000000001100000000000001000000000000100000000000000000000000001100
00001000000000010000000100000000000000000010000000000000000000000000000000000000100000000100010000000000000001000000010000000000001000000000000000000000000000000000010000000000000000000000000000001000000001000000000000100111000000000000000000100011000000000000001000000000000000000000000000
00001100000000000000000000000000000000000000000000000000000100000000000000001000000000000100100010000100000000000000000000000000000000010000101000010110000010000000000000000000000000100000000000000000010000010000101000000000000000100000000000000000000000000000000000000000000010000000000000
00000000001000100000001000000000000000000000000000000000000000000000000000010000010000100000000000000000000011000000000000000000000000000000000000000000000000010000010000000000000000000000000000000000000000000000000010000000100100000000100000000000000000100100000100000000010000000100100001
10000000010000000000000000100000000000000000000000000001000000000000000000110000000000000000000000000010000000000000100000000000000010000001000000000000000000000000010010000001000000000100000100000000000000010100000000000001000000000010100000000001001000000000000000000001000000000000100001
00000000100000000000000000000001000000000000000000000000000001010000001000000000000000000000000000001000000000001000000000001000000000000010000100010000000001000000000000001001001000000000000000000000000000100000001000000000000000000000000000000000000000100001000000000001000000000000010000
00000001000010000001000000000000010000000000100100010000000100100000000000000000111000000010000000000001000000000000100001000000000000000000000000000000000000000000000001010000000000000010000000000000000000001001010000000101000000000001001000000000000000100000000001010000000000000000000000
00010010000000000000000010011000000000001000000010100000100100000100000000000001000000000001000010000000001000100000001000010010000000000000010000001011000000000000000000000100000000000000100000000000000000100000000000101000000000000000000000100000010000000100000000010010000010000000000000
00000000000000101000000000010000000000000000000000000000010000000000101110000000000010011001100100101010010000010000000010000000000000000000000000000000000000000010000000000010000000000000000000000000000000000000000000000011000000000000100000000000100010001010000001000000000001000000000000
00000000001000010010000000000000000000001010000000000000000010100000000010000000000100100000000000000000000001000000000000010000000000100000000100000000000000100001000000000000000000010010000000000000000110000001000000000000000000000000010000000000000000000000000000000000000100010000000000
00110010000000000000000010000001100000000000000000001000000001000000001001000000000000000000001000000000001000000000010000000000001010000000100100000000000000000000010000000000000010000010100001000000000001000100000000000000000100000010000000000000001010000100000100000000010000000000000000
00100000000000000000000000000100000110010000000100000000000000000000000001001000000001000000000000000000000000010100000000000000011000100000001000100010000000001101000000000000000000001000000000001100000000100000000010010000000010000100010000000000100000000001000000000100000000000010000001
10001101001010000000100000000000000001000000000101000001001000001000000000000100010010000000001000000000000000000000000000010000001001001000000000000000000000000000000000000000000100000000000000000000000000001000100011000000000010000100000010000000000001000000000000000011000000000010000000
11001000101100000000010101010001000000000100000000000100000000000000000000000000000000000000000010000000000100000000001000000010000000010000000000000000000000000100000000000100000100010000000000000000000001000000000000000001000100001000000000000000000000000100001100100000000000010000000000
01000000000001000001100000000001000000000000000000000100001000000001100001001100000000000100000010000001000101100000000000000010001000000000001000000000000000101000001001001000000000000000000000000000000000000000000000000100000000000000000000000011000000000000000000000010000010000001000000
00000100001000000000000010000001000000001100000001000001001000000000000000010000000000000000000100000100100000000000100000000000000000000000100000000000000100000000011000000000000000000100000110000000000000001000001000000000000001000000000000000000000000101000000000000000000000100000100000
00000101000100100000000000000000000000000000000000001000000010000010000000000000000000000000000000100000000000000000010000000000000001010000000000000000000000001000100000000000010000000000000000000000000001000001000000000000000000000000000000001010000000101010000000000000000000110000001000
00000000000000001000000001000000000000000100000000001000000001000100000000100000010100000000000000010000110000000000000000000100000000000001010000000000001001000000000000000000000100110001000000000000000000000000000111100000000100000000000000000000000000000100000000100100001001000000000000
00001010000000000010000100000000000100000100010000000110000100000000000000011010010000100000100000001000000000000000000001100000000000000000000000000000000000010000010100010000001000000000000000000000000000000100000000000000100000100000001000100000000000000001100000000000000000000010000000
00000000000000000000000001000000000000000000000000000000000000000100000000000010010000000000000000001000010101000001000000000000100000010000110000000000000000000001000000000000000000000001000000000000000100000000000000000000001000000000000000000010010000000000000000000000000100000000101100
00010000000000000000000000000000000000010000000000000100000000100010010000100000000000000000000010000100000000100001100000000010000000100000000000001000000000010000000000000000000011000000100101001000000100000000000000000000010000100000010000100000000000000000000001000000000000000000100101
00000000000000011000001001110000000000010001000100000000000001000000100100000000000000001000000000000010000000110000000100000000000000000000000000000000000010010100000000000000000000000000000000000000000000000000000000001000000000100000000000000000000000000000000000000000000001000000000000
10100001100000000000000000000000000000000000000000001000010000000000010000110001100010000000000000000000000000010100000000000000100000000110100000000000000000100000000000001000000000000100000000100000101000000000001000000100010000001000011001010000010000000000000000000000010000000000000000
10000000010000001000000000100110000010000000000000000000000000000000000010000000000100000000011100000000000000100000001000001000000010000010001000000000010000000000000000000001100011100000010100000010101001100010000000000000000000010000000000010110000100000010100000000010000000000000000000
00000000000000001010000010000000000000000000000000000010000010000010001000000000000010000100001000001000000001010000100000000000000000000000000000010000000000101100000000000000000000000010010000000010000000011000000000000000000000000000000010000000000000100000000100000001000001000000000010
10010000101000000000000010010001000000000000000010000000000000000000000000001001000000011000000000000001000000000000010000000000000001100000000000001010000000100010001000010000000000000000000000000000010000000000000000000000000000000000010000010000100000010000000000101010000001000000000001
00000000000000000000000000010000000000000001000000010010000000000000001010000000100000000000000000000000000000000010000000000100100000000000001000000000000000000001100000001000000000001010000000000000000000000000100000001000000000001000000000000010001001000000010000110000000001000001000000
00000000000000010000000000000001000000000100000010000000000100000000100001000000001000000001000000000000100010000000010000010000001000000000000000000000000010000000000000010000000000000000000000000100000000000000000000000001000000000100000000000000000000000000100000000010000000000000000000
10000000000000000000001001010000000000001000000000000000000000001000000100010000000000000000011010000100000010001100100110000000000000000110000000001000001000000000000100100000001000000000000000000000010000011000000000100100000000100000101100000000000000000010000000000000000000000001000000
00010000000000000000000001000000011000100100000000000000000000000000000000000000000000000000000100100010100101000000000000000000000000000000001000000000100000000000001000000000000000000000000000100000000000000000000000000000000000000000100000010000000001000000001000000000000000000000001000
00000100000100010100000000000000000001001000000000000100000010000000000100001000000000000000000000000000000000000000000000000001000000010000000000111000000000000001000000100000000001000000000000000100001000000000000100000000000100000000000000000101000000000000010000100000000100000010100000
00100000000000000000000000000000001000000001000000000000100000000100010000101000000000000010001000000000011101001000000000000000000000000000000000100000101000000000000000000000000010001000000000000010000000000000100000000000000010000010000000000100000101000000100000000000000000000100000000
00000000001000010000000000000010000001000000000000000000011000000010000000000000000001000000010000000000000000000000100110110000000000101000010010001000000110100000000000000000000001001000000010000000000010010100000000000000000100000000000000000000010000001000000000000000001100000000000000
00000001000000010000000000011000110001010001110010000000000000010000000000000000000000000000010110000000000010011000000001000000000001000000000000000000000001000000000110000000000000000101000010000000000000001000001010011000010000000100000000000000000000010000000000000000001100000000100000
00000100010000000000000000000000000000000010010000000000000000000000000000000000000000000000000000000000000000000000000010010000000010000000000010010000000000000000000100010000000000010000000000001000000000000000000000000001000000001100001000000000000000000100000000100000000001010000000000
00000000010000000100000000000000010010000010000010000000100000000000100000100000001000000000000000000010000010000000010000000010100100000000000100000000000000000000000000000000000000000000000000010000000000000000000000000101000001000000000000000000000000000000001000000001001000000000010000
00000000011000001000000110000000000001000000000000000000010000000001000000000000000000000000000001000000000000000000000000000000000000000000000000000000100001001001000001010100000000001000000101000001000000001000100000000000000110010010001000100010001000001000001000000010000000000100010000
01000000000000000000100000000001000000000000000000000000000000010000000000001000000000001000010000000000000000000010000100000000000000000010001000000000000000001000000001000010000000101001000000000000000000000000000000000010000000000000000000000000000000000000011000000000000000010100000000
00000000000000110000000000000000000100000000100000000000000000000000000010001000000000000000111000001001000000000000011000100000001001000010011000000100000000000000000001000010100101000000001101000001000010000010000000000000000100000000000000000000000001000100000100000000000001010010000000
01010010000000000000000000100000000000000000000000000101010000000010000000000000000111000000000000000000000000000101000000000001110000100000000000000000000101001100000001000000000011010010000000000000000001000000001000000000000000000100100000100000000000000000001000000000000000000000000000
00000000010001000000000000000001010000100000000000000000000100001010000001000100000100000011010000000001001000000000000000100000001000001100000000000000000000010000000000000101000100000000000000010000000000011000100010000000001010000000001000001000000100000001000000000100000010000000000101
00001010000000000000100000000000000011000000000000000000001000100010010010000000000000011000100000100000000000000010001010000000101001000000000000010001000000000000001000100000000000000001000000000000000000010010000010000010000000000000000011000010000000000000010100000000000000000000000010
00000001000100000010000000000000000000000000000000000000000000001000101000000000010100000000000000000010100000000000000000000000010010100001000000000000000000000001000000000000000010000001000000000001000000100000000000000010000000000000000001010001000000000000000001000000010000000000100100
00000000000000000000001000001000000000100000000000000100000000000001000000000000100001000000000000000000000100000000010000000010000000010000000000100000000000000000000000000000000000000000000000100000000000000010000010000000000000000001110000000010000100000000010000000000000000000000000000
00000000000001000100001100000000000000001000001000010000000000000000011000000110100000000000000000000110000000000010010000000000000111000001000000000000000000000000100000000100000110010000000000000000001000000000100001000001000000000000000001000000000000000001000000001000000000011001000000
01001010000001000000000000000000000000000000000000000000000000010000000001000101011000000000000000000000000010000001000010000010100000001100000000000000000110100001010000000000000000000000000000000000000100000000100000000000000100000000000000000100000000000000000100000001000001000000100000
00000001000000000000000000100010000000000100000100000000000000010100000000000000100000010000000010000000000000110001000100010000001000000010000000000010000000000000100000000000100000000101000010000000000000000000000000000000000000000000000100000000000000010000000010000000000100000000100000
00000000000011000000000001000000000000000010000000010000010001000001000001000000000000000000001000000000000010010101000000000000000010000000001000000000000100000000000000100100000000000000000000000010001000000000100000000000100000000000000000000010000000000100000000101000000000010001000001
10001000000000000000010000000000000100100100000011100000000000000001000101000000000000000001000000000000000000000000000000000110000001000000000010000000000000000010000000000000000000010000000000000000000000000000010000000000100000000000000100000100000000001001000000001001000000001000000000
00000100000001000001000000000000000001000000000000000000010000000010000001000100000000010000000000000000000100001000000000100000000010001001000000010000000000000000000000001000000000000000000000000000000001000000000100000010000100000100000100000000000000000000100000000000010000000000000000
00000000000000000000000000000000000000010000000000000000000000000100000000000000000000000000001000000000000100000000000001000000001000000010000000000000000000100000001000000000000000000000010000000000000000010001000000001000100000100001000000001000000000010000100000000010000000000000000000
01000000000010000000000000000010000000000100000100000000000001000000000000100110011000000001000000010000100000000010000010001000000010000000000000010000001000000000000000000010000000000000000000010000000000010000010000000000000000000010000000000010001000100000000000100000100001000001000000
0 0
289 289
