24 29
00001100000011001000011010000
00100001001010010010000000000
00000001001000000101001000010
10010000000001010010001000011
00000100001000000000001000100
10000010100100000001000111000
01000000000000000100110000100
00100000000000000000100000000
01100000001000000010000000100
01000001000000000010000010010
00100100000110100010011010011
01010000010000000100010010000
01100001000000000101000000001
00010010000001000000001001000
00000000000001000000010001100
00000000000110000000000001100
00100100010000000100001000000
01010110100010000000000000000
00001001000000010000101000000
00000000100000000000000010000
00000010010001010010100000100
00010000000001100100100001010
01011100010001100010010001010
00000010100000000000000000100
9 25
15 0
