29 29
00000010010010000100000100010
00001010100110001001010000001
00000000000000001100000001101
00000000100000001010000000000
10110000000000000000000000010
01000000000000000001000000000
00000000101000100000010000000
00001001100010000000000000010
10001000000010100000001000100
00000000000000000100000000000
10000000000000100100000100000
11000010000000001000000001000
00010000000000001010000000001
00000001000000010000100000001
00111000000100000100010001100
00000001010000000000000000000
00000000000000110000100000000
00000000000000010011001011000
00100110000000011000000000000
00100000000001000000000000000
01001000000000000000100010000
01000000000100101000010000100
00000111011000000000000010000
00111000000000000000000001100
00000000000000101100000010000
01100100000101011000000000000
00001000011000000000001110001
00010010000101000000000001000
00000001000000000000000010000
0 0
28 28
