300 300
000000100100000000000010001100000000000000001000001000000000000100000000000000100001000000000001000010000000000000000100000000000000000000000100000000000010000100010000000100000010001000000000000000000000000100000011000000101000000000000000000000010000000110001000001000000000011100001100000000000001
000000001000000001000000000000010000000001000000000000100000000100000011000001000010000000000001000000100000000000000000000000000011000001000000000000000000000000000000000000100000000010001100000110000000000010001000000001000000010100010000000000000001000000001000100000000000000101000000000000000000
000000000000000000000010000000010001000000100000000000000000000000100000010000001000100001000000000000000000000000000000010001001000000010010000010000000000000000000000000000010010100010000000000000000000100100100000000011000000010110000100000001000000000000000000000000010010010001000010000000000000
110000000000001000000000001001000000000000000000001000000001010000000000000000010010000000000000000101100000000000000000000000000000000000011000000001000000000110001000000100010000110010010000000100000000000000000010010000000000000101000000000000001100000000001100000000000000000000001000100100110000
000000001000010000000000001000000000000000001001000000000000100000001001000100000000000000100000000100000001000010000011100000100000000000000000100000001000001000000000000000000000000000000000010000010000000001011000100010010000000000101000000000000000000000010000000000000000100000000000000100000000
000000000001000000100000000010000000000000000000001000000010010000000010000110000000000000000100000000000000010000000001000000000010001000000010001000000100000000000000000010000000000010000000000000000000100000010100011000000000000000000000000000000000001010000000000100000000000000000000110000010000
000000110000001000000001000000000000010001101000000000000110000000000101100000000100000000000000000000000000000000000000000000000000010000000000000001000001000000000000000000100001001000000000000100000010000000000100100000000000000100000000010001000100110100000100000000001000100000000010100000000000
100000000000000000000000000000000000000100000000010010000000000000000010000000000000000000010000000000000000100000100000000000000010011100010001000000001000000001000000000001000001000001001010000100000000000000000000000000000000000000011010010010000000000000100000000010001000000010000000010000000001
000000000100100101000100000000100100000100101001010000001000001011000000000001000000010000000000000000001011000001000000000000000000000000000010010010000000000000001000000001001000000000000000000001000000000000000010000000000000000010000010000100000000000000000000010010000000010000000000000000010000
000000000000100010000000010000000000000000000000000010000000000010000100000010000000000001100000000000000100001010000000010101000000000000001100000000000000000001000100000100000001000000010000000100001000000000000000010100000000010000000000000000000000001000100000100000001100010000000000000000000000
000000000000001001000000000000000000000001000000000000010000010000000000000000000000000000000010000000000000100000000000011000000000000000000100100100000000000000000000000000000000000001001100000100001100000000000010000000000000100000010000010100100001000100000000000000000000000000000000000000010001
000101100000000000000001000000100000000000100001000000000000000000000000100000000010000000010100000000000000000000010000000100000000000000000000000000000100000000000000000100000001100001010000000000010000000010000000000001000100000000010000000000000000000000000000010000000000100000010000000000000000
000001100001000000100000010000000010000000110000000001000000000000000000000000010000000010000100001000000000000100000000000000000000000000001000000011000011000010100100000000000000000000100001000000000001000000000000000000000000010000000000000000000000000000001000100000000000000001010101100001000100
000000000000000000000000000000000000000000000100000100001000000000000010000000000100000000001001000000000001000000100000000000001000100000001000000000100010000000000000000010001000000010000000000000100000100000000000000000000000000000000000000000100000100100000010000000100100000000100010000000000000
100000000000000000100000000000010010011000000000000100100000000000001000001000100000000000100000100000000000000000000000011010000000000100010000000000000000000001000100000000110000000100000001000000000000000000000000000000000000000000000000000000010000000000000001000000001001000000001000100001000000
000000000000000000000000000000000000000000010000000001000000000000000000000000100000000000000000000000000000000000000000000000000000000000000100000001000001000001001000000001010000000000000000000000000000000000010000000000000000010000000100000000000000100000000000000000000000000000010100000000000100
000001000000000000000000000000000001000000000000010000100000000010000000000100111100010010000000000000000101000000000000000000000000000000100000000000000000000000000000000001100000000000000000000000000000001000100000000010000000110100000000000000000101000000000000000000100000100000100000000000000100
000000000000000000000000000000000001100000000000000000011000000000000001000000000000100101010000000100001101000000000000000000000000000000000000000000000000000000000000000001000000000101010000001000000000000000000000000000010000010000000000000000100000001001000000000000000000000000000000000000010000
000000000000000110000100100000000010000000100000100000100000100000000001000000010100000000001000000000101001000001000000000101000000000010010000000010100000000000000100000000100000000001000000100010000100100000000000000000000000000000010000000000100000000000000000000000010000010010000000001001010000
010000100000000000100110000000000000000000000100010000000100000000000100000100000010000000010101011000010000000010000000010000001000010000000000000000000000010000000010000100010001000000101000100100001000001000000000000110000000000010000100000000000100000110010000000000100100000000000000000100010000
000000000000001000000000001101010000000001000001001000100000000000000000000100000000000000000000001000001000010000001010010000000100000000000000000010000000000000000000100000000000000010000000000000000100000000000000000001110000000000000000000000000000010100000000000000000000001000000000000000000100
000000010000010001100000000000000001001000000001000000010000000100000000000000100000000101000000100000000000110000000000011000000000000001000000000000000000001000000100000000000000000010000000000000100000000000000000010000000001001000000100000010000000001000000000001000000000000001000000010000000000
010000000000100000000010000000000000000100100000000001010001000000001000001000010000010000000000000000100000000000000000100001000000000000000001000000100100000010001000100000000000000010000010000000000100000000000001100000000010000000001000000010000000000001000100000000000000000000000010000000010010
100000000100000001000000001001000000000000000000000000000011000000001000010000010001000100000000000000000000000000000001000000000000000000000000000000001000000000000000100000000000000100000000000000000100010000000000001000000000000000000000000100010000010000000000000000100000100001100000100000000011
100000000000000000000000000000000000000000001000010010000000110000000000000100000000010010001000010000000000000000000000000000100000000000000010000000000000001100000000000000010000010000000000000000000000000000000000000000000000100000000000000100000000000001000000000000100000000001110100000000100000
000000000000000000100100000000000000000010000000000000000000000000000010000000000000000000000000000000000000000000100000000010000001000000000000100001100100000000000000100000000000000000001001000000000000100000000000000000000000000000001000010000100000100000000100000000011001000000010000010000000000
100000000000000000100000000000001000010000010010010000000000100101000000100000000000000100000000000000000000000010000000000000000000000000100000000000000000000000000000000000010000100010100000100000000000000100000001000101000000100000000000100100000000000000100000000000000100000100000000000000000000
000000000101000001000000010100000000000000000100000000000000000010000001000000000000000000110000000110000000000000000000000000001000000000000010000000000000000000000000000000000000000000010010000000000000000010001000010000000000000000000000000000000000000000000100000000000000000100000000010000001010
000000000100000000000010000000100000100000000101000010000000000000011000000000100000100000000000000010000000000000000000000000010101000000000010000000000000000100000000010001000000000001100000000000000000000000000000000100000000110000000010000000100000100000000000000100000000001000001110110000100000
000100001000000100000001000001010000000000000000000100000000000000000000000000000000000000000000000100000001000100000000000010000001000000000000000000000000000100010000000000000000000100001000000000000000000000000000001000001100000010000000010000000000000000000000000000000000000100000000000000000000
110000000000001010000000000000000000000000000000010010000001000000000000000000000010000000000010000000100001000000000000000000000000000010110000000100000000100000000000000000100000000010000100000000000000000000100000000000000000001010000010010000000000001100000000100000000000000000100100000000000000
000000001000000001000110000100000000010001010010000010001000001001100001101000000000001000010000000000100000010000010000000100000000000000000100000000000100000000000001000000000000000000010000011000000000000000000000000010000001000000000000001000000000100100010000000000000001000000000000000010000000
000000000000000100000000000010000000000100000000000000000100000000000110000000010010000000000000010100000010000000000100000000000010000000100000000001000000000000000000000100000000000000000000000000000010000000100000000000000010000000110000001000010000000000001000000000000000000000100000000000010000
000001000000010000000000000000000000000001000000000000010110000000000000010010010000000000000000000000000000000010000000000100000000000000000000000000000000100000000001000000000000000000000001000000001000000000000000000000000000000000000000000000010100000000000000000000000001010001000000100000010001
101000000001100100000000100000000000000000001000100000000000000000000000000000100000000000000000000000000000000000000000000000000000000000001000010010100000000000000000100000001000010100001000000010000000001000000000000000000000101100000000000000000000000000001000001000000001000000000000100001001000
000000000000000000000000100000000000000000000100000000100000010000001000010011010000000000000000100000000000000010001110000001000000110000100010010000000000000000100001010110000100000000000000000001000000000000110000000000000001000000100000000000010100100010100000000001000010001000000000000010000000
000000100000000000000100000001000000101000010000000000000000000000000000001010001000000000100000100000000000000000000000000001000000000000000100000001000000010000000001000001000000000001100100000000000000100000000000000000100000000000000101100000000000010100000001000000000000000000000000000000100000
000010000000000000100000000000000000000000000000000000000000000010000000010000000000001010000000000000000000000001010100001000000000100000000001000000000010000010000000000001000000000000000001000000000000001100000100000000000100100000000100000000000000000000000000000000001000000000000000000000000000
100000000010001000100000010000000000000110000000000000000000000000100001000000000000000000001000000000000100000000100000000010000000000000000000100000000100100000000010000100001000000000000000100000000000000001001000000100001010000001101000000000000001100000010001010000000100000001000000000000000000
000000001000000010100000000000000000000010000010000010100000000000001000000000000000000010000010001000000000000100000000000010010000110000100000000000001000000000000000001000000000000000000000100000000000000000001001000000010000000000000000000000000100010100000000000000000000000000000110100000001000
010001010000000000100000000000000000000000000000000000000101000100000010000100000000010000000000000000000000100000000000000010000000000000000000000000000000101000000110000000000000000000000010000010100000000000000001000000010000001000001100000000000000000000000010000001100000000000000000000000000000
000000000000000100000000100000000000000000000010000000000000000001000000100000110110011000000000000000000001010000000000000010000000000001000000000000000001000000000000000100000000000100000000100000000000000000000100000000000000000000001000000000000000000010100100000000000000000000000000000000010100
001000100000000000000110000011000000000000000000000000000000000000000000100001000000000110000010000000000000010000000011110011000011000101001000000000000010000000000000010001000000000000000100000001001000000000000000110000000100000000000000000000000000000000001000000010000000000000100100000000000000
000001000100000100000011000001000000000000000001000000000000100000000000000000000000000010000000000000010000010000000000000000000000000000000000000000001000000000000000000000101000000000001011000000000010000000000001000000001000000000001010000000000000000000001000010000010000000000100001000010000000
000000000000001000000000000000110000000000010000000000000000000000010010000000000000000000100100000000000100010000000000110000000000000000000010000000001000000000000000000001000100000100011000001000000000000000000010000010000000000000000100000000010000000000101001001000000000001100000100000100000100
000001010000000000000100000000000000010000010000011000000000000000000100000000000000000000000100000000001000000100000000010000000000000000000000001010000000001000000010000100000000001100000000000001000000000000000000000000000000000000000000000000000000000000000000000000000000000000000010000000011000
100000000100000000000000000000001000000000000001000000010000100000000000000000010000010001000000100000010000000110000100000000000000000000000000000000000000001001000001000000000000001000000000100000000000000000000000000010001000010000000001000000000101000100000000000000000000000000100000000100000000
000000000110000000000000000000000001010000000000000000001010000100010001000000000000011000000000110001000001000000000000000100000000000000001000010000100000000000000000000010000000000100000000000000011000000000000100011000000000000010000000000010100000100000001000000000000000000000000001010000000010
010010000000000001000000100000000000000000001000000000000100000001000010000000000000000000000000000001001000000010101000001000100000000000000001000100000000000100000000000100000000000000000000010000000000010000000000000010000000000000000000010000000000000000001011000000000000000000000010100000000001
000000000000000000000000000000000000001000000001000000000000010010000000000000000000000000100000000000010000010001000000000000000101000000000000000000000000010010000000000100000000100000010000000000000000010010000001000000000000000000000000000000000000000100000000000000010000000000100000000000000000
000001000000001000000000100000000000000000000001000100000100000000000000000001100010000000000000000010001100001000000000100000000000000000000000000000000000000010000000000001000100001010000000010100000000000000000000000001000000000000000000000000100001000100000000000000000000000000000000000000100000
110000000001000000011000000010100001000000000000000110001000000000000000000000101000000000000000000100000000000001000100001000100000010000000000000000000000000000000000010000000000010000000000000000001001000000010100000001000000010010000000010000000000000000000000000010010000000000000110000100010000
011000000000000000000000000000000000000001000000000000000000000100000000010000000010010000000100000000000000010000100000000000000000001000000101001000000000000000000000000100001000000000000100100000000000000000000010001100000000000000000100010000000000000000000100000000100001011000100000000000000000
000000000000000000000000100010000000000000010000000000000011000000010000001000000000000000100000000000000010000000000000100010000000000000000000000001000000000001011010100000000000000000000001000000010000010000000000011000000010000000000000000000000000000000001000000000000000000000100000000000000000
000000010000000100010000100000000000000000100000000000000000100000010010000000010100000000000100000000000000001000000001000010100000000100000001000000010000000000001100000000000011000100000000000100000000010000010000010000000000000000010001000000000010001000100100000100000100000100000000000010000000
010000000000000000000000000000000000000000000000000000000000010000000000000000000000000000000000000000001000001000000000010000000000100000100000000000000010000000000000000000000000000010000000010000000000010000000000000010000000001000000000100100000100000000000000000000001000000000000000000000000000
000000100000000000000000000000000000000000000000000000000000010010000000010000000000100000000001000000000010000100000101000001000100100000000000000100000000000000000000000000000000000100000000011000000000000000000000000000010101000110000000000001000000110000000000000100000000000000000000000010000000
000000010000000100000000000000010100000000000000000100000000001000000000000010000000000000100000000000000000000000000001000000001000001000100000000101000000000000100101000001000000000000000001000000000000000000000000000000000000000000010001010000000010000000010000000001000000000000000001000000000000
000000000000000000000000000100000000010000000010000000100100010000000000000100000001000000010000100000000000000000000000000000000100000100000000000011101000010100000000010000100000001000000000000000000000000000001001000000010000000000000000000000010000000000010000000000000000010000000000000100000000
000000000000100000000000000000000000000000000000000000000100100000100000000000000000000100010000000000000100000000000000000000000000000000000000000100000000000000000000001000000100000010000000000010010000000000010000001000001000000100000000000000001000000000000000000000000000000000000000000000100000
001100001000001000000000000000001000000000000000000001000100000010000000000010000100000000010000000000000010000000001000000000000000000010000010000010000011000000000000000001000000010000000000000000000000000000000001100000000000000000010000000001000000000000000000000010000000000000110000000000000100
000000000000010110000010000000000000000110010001100000100000000010100000000000000000000000000000010000010000000000000000001000000000000000000000010101000000000000000100000100000000100001000010000010000000000000000000101100000000000000000000100010010000000000000000001000001000000000000000000000000000
000000000000000000000000000000001101000000110000010000000000010001000000011000100000001000000001100000000000000000100001000000000000100000000000000000000000000000010000000000000000000000000000100000000000100000000000000101000000001000001100000000000000000100010000000100010010000000000000000000000001
000000000000000010010000000010000000000000000000000000000000001000000000000000010000000000000000000110000000000000000010000000100000000000001000000000000000000000000000000000000000000000000000000000000010010000000000000010000010010000000000010100010000000000000001000000100010000001100000000000001000
000010001000000000001000000100100001000000000010010000000000000000100000000000001000000000000000001000001000001000000000000000100001000000000000000000100000011000000000000000000000000000000000000000000000000100000000110000000000100000000010000000000000000000000001010101000010000000000000000000100000
000101000000001000000000010000010000000001000000100000011000000000000000000000100000000000000000000000000000010000010000010001100000100001000001010000100000000000000000000000000000000000110000000000000000001000100000000100010000000100000000000000000000000000000000000000000010000000000001110100000010
000000000000001000000000010000001000000010000000000101001010100000100100100100000000000000000000100100010000000000000000100000000000100000000000000000000000010000000000000000000000000000001000000000001010100000100000111001000000001000000000000010000100000110000100000101000001000101100000100010000000
010000000000000001000000000000000110100000000100000000001000000000000000000000000000000000000000010000000000001001100000100000000001000000000000000000000000100000010000000010000000101000000000000001000000000000000000000000010001000000000000000000000010000000000001001000001000000001000000000010000000
000110000010000000000000100000000000000000100001001010010000000001000000000000000001000000000010010000000000010000000010001000010001000000000000001000000000000100000001100000000000010001001000100000000000000001000000000010110000001000000001000000000000000010000000100000010000000000010000100000000101
000001000000000000000000101000111000010000000000000000100000000000100000000000000000000100000001000000001000000000000000000000010000000000000001100000000100000010000100000000000000000010100000010010001010001000000000000010100000000010000000000000000000100000010001000010100000000010000000000000010000
010000000000000000000000000000000010110000000000010000100001000000000000000000100000000010000010000000100100000000000000000000000000000000000000010000100000000000000111000000010000000010000000000010000000000100010000000000000100000100000000000000000000000000000001000000000000000000001000000000010000
000000000000000000000000010000000000000100000000000000000000000000000000001000000000000000000000010000000000000000000001000010010000000000000000000000110000000000110000000000000000100000000000000000101100000100000000000000000000100010100000100000100100000001000000001000000000000100010000000000000000
000100010010100000010000000000000000001000000000000000000001000000000000000001000000000000001000110000010001000100000000001000000100000000000001000100000000000000000000001000000000000000000010000000001000001000010011000000000000000101001100000000000100010000000000000010000000000000000100000001101100
010000100000000000000000000000000000000000000100000000000010100000000000001000000000000000000000000000000000000000001000000001000001000000100000100010010110110010001000000010000000100000000000000100000000000010000000000000000001101000000000001010000000000010000000000000000000000000000000110010001100
000000000000000000000010000000000001000100000000010000011100001000000000000000000100000001010000100000000000000010001000000001000000000000001000000100111000001000000000000010000011000001000000000000000000000000000000000000000000000000000000010010100100110000001001001000000010000000000000000000000000
000010010000000000000000000000000001000000000000000000000000000000000000010000000000100000100000000000000000000000000001000000000000000000000000000000000000010000100000000010000000000000000000010100000000100011000000000000000001000010000000000000000100000000000000000000000010000000000000000010000000
100001000000000000001000100000000000000000000000010000001000000000000000000000100001001000000000000000000000000000000000000000000100000000010000000000000000000000000000000000100000000000000000000010000000010100000100000010011000000000000101100000000001000000000000000000000000010100101000000000000000
000000000000000000000000000010000011000000010000000000000100100111000000000000000001100001000000001010000000000000000000000010000010100000000000000000010000000000001000000000001000000000000000010000000010010010001100000000000001100000000000000000100000000000000000100000000000010010010001000000000001
100000000001001000000000000100010000000000000000000000010000000001000000010100000010001000000000001010000010000000010000010000000010000100000010000000011000000001000000001000000000000100000000000100000000100000000000000000000100000000000000000000000010000000100000000000010000000000000000000001000001
000000010000000000000001100000001000000000000001000000000000000000000000000000000000000000001000010000000001000000000000001010000001000000000000000000000000010000000000000000100000000000000000000000100100000000000100000000000000010000010000000000100010000000000000000000001010001000000000000000011011
000000000000000010000000000000100000001000000001100100000000000000000100001010000000100000100000000000000000000000100010001000000011000000000100000000000000000000101010000100100000010000000010000000001000000010000000110000000100000000010000000010000000000000000000001100000000000000001000000000000000
000000001000000000000000000000000000010100000000010000100000000000100000000000000000101000001000000001010000000000000100000000000011100000000000100000010000000010000000010110000000000000000000001000000000000000000000010001000000000000000000000000000000000000001010000000000000000000000000000000100001
000000100100111100000000000000000010000000000000000000000000000011001100000000000010101100000000000000100010000100001000001000000000001000100000000110000000000000000000000000000000001000000000001000000000000000000000000000000000000000000000000000000000000010000000000010000000000000000000000000010000
100000000000000000000000000000100000000000000000000000000011000010000000000000100000000000000000000010000000000000000001100000000000000000000000000000011100000000000000000000000100000100100000001000000001000000001001000000000001000000000010010000000000000010001000000110000000000000000000000000000000
000001000100010000000000000100000000000000001000000100000000000000000001000000000000000000000101000000000000000000000000000100000010000010000000010000000000000000000000000000000000000010000001000010100011100000000000010000000000000000000000000000000100100001010100000000000000000000000000000001000001
000000010000000001100001000000011000000100001000000000000000100000000101000000000100000000000010000000000000000010000010001000000000100000000001000000000000000000000011000000011001010000000100010000000000000000001000000001000010000000000001001000000000000100000000000000000100010011100000000000000100
000000000000000000000000000001001000001000000100000000001000000010000000010000000000000000001000010001000000000010000000000000000000000000000000000000000000000000000000000000000000000000000000000010000100010010000000000000001101000000000000000000000010000000000000000001011100000000000000010000000100
000000000001000000010000000000000100000001000101000000000000000000000000110000101100001000101001110000001000000001100000010100000011000000000000000000000000000000000000010010000100000000010000000001000000000000000000000000000010001010010000110000000000100000000001000100000000100000000000001000000000
000000000100000000000000000000001000000000001001000000011000000010100000000000000000000000010000000010100000000000000001001000000000000000000000001000000010000000100000000000000000000000000000000000100000000000000000000000100000000001001000000001000000010000000010101010000000001000010000000001000101
010000010000000100000000100000000101000000000000100000000000000000100000000000000100000010000000000000010000000000000000001001000000000001000000010000000000000000000000000010000000100000000000100000000100000000000000000010000000000001010000000000000011000000000000000001010000000000010000001001000000
001000000000000000000010000000000001000000000000110000000001000000000100000000000000000000010110001010100000010000000000000000000000000011001000000000000000000000000000100010000000000010000000000000000000000000001000010000000000000000000000000000000100100000000000000010100100000000001100000000000100
000000000000000000000000000000010000000000011000000000000000000100100000000000000000000000000000000100010000000000011010010000000000000000000000000000000000000000000000000000000000000000000000000000000000000001000000000001000000000000000000000000001000000100000010000000000000000000100000000000000000
010000001000000001010000001100000000000000000000000000010000000000001001000000000100000000000000000000000000000100000000000000000000000000000000001000000000000000000000000000001000000000000001001000000000000110000000110010000000000000000000000100000100000000100000000000000000010000010000000000000000
000000000010000100000100000000000000000100001000000000000100001000000000010011010000000100000010000000000100000101000000100000000000001000000000000000000000000010001000000000000000101000000000000000100000000000000000000000010000000101010000000000000000000000000100111000000000100000000001000010000000
000000000100000100010000000101000011000000010000100000000000000010000010000000000000000000000001000001010001000001100100001000000000100000001000000000000000001000000000000000000010100001000010001000000000000000000000000000000000000100000000000000000000000000000000000000011000000000010000101000000000
000000001000011000000000000100000001000010000010000000000000001000000000000000001010000010000000100100000110100000010000000000000000001000000000110010000000000000000000010000000100000001100000001000010010010000000000000000000000000000000000000000000001000000001000000000000000001000000000000011000000
001110000000100000000010000000000000000010000000010000000010001010000000000010000100000000000100000001000100001000000000000000000010001000000000001000000000000000000000110100010100000000100000000000001010000000000000010000000000100000001000000000000000000100000000000000000001100000000100000001000000
000000000000001000000000000000000100000000001010000000000000000010000100100000000000110000000010000000000000010000000000001000000010000000000000000010001000000000000000000000000000000000001000010000000000001000000000000000000000000000000000100000000001000000000000000000000000000000000000000000100100
000000001000000010000000000100010001011000000000000000000000000000010000000000000000000000000000000100000000010000010000000000000001000010010000000010000000000010000000000000000000000000010000000000000010100000000000000000000010100000010000000000010000000000001000100000000100101001001000000000000000
000000000000000000100101000001000000110000000001100000010000000000010000000000000000001001000000100000000000000001000000000100000000000010000000000000000000011000100000000000000000000000000000000010000100100000000000000000000000000000000000100000000000110000000000000000100001000000001000000000000110
000000000000000100000010000000000100000000001001110100000000001000000000000000001000000000010000000000010000000000000010100000000000010011000100000000000000000000010000000000000000011000001000000000000100000000001000000000000000000000000000000000010001000000000000000000000000000000000000000100010001
000000000010000000010000000000010000000000000110010000010000000000000000000000000001000110010000000000000000000000010000000010001000000000000010000000000100100100000010000000100000000100000000100000000000000000100000000000000000000000010000000001000000000000000000000000000000100000000000100000001000
000100000000000000001000000000000010001000000010000000000000000000000000001000000000100001000100001000000010010010010000100000000000000000000000000000000000000000010000000000000000000010010000000000000000100000110001000000010000000000000001001000000000000001000000000000000100100000000100000010001100
011000000100011000000000000100100000000000000000000100010000000000000000000100000001000000010011001000000000000001000000010011000000000000000000000000000000000000000000000000100000000010000000000000000010000000000000000100000000010000000000000000011100000000000100000000000000010010000010000000100000
001000000001000000000000000000100001000000100000000000000000000000000000000000000010000000000000000000000000000100100010000010100000101001000000000000000000000000000000000000000100100000000000010000010000000000001000000000100000000001000000000001000000000000001000000000000000000000000100000000000000
000000000000110000100010001000001000001010000000000000000000100100010000000000000010000100000000000000100000000000000000110000000000000000000000000000000000000000000001001000000000001000000000001000011000000000000001000000000000000000000001001000000000110000110000010000001000000000000011000001000000
000000000000000000010000000000000000000001000010000000001000001010000000001000000000000000100000110000000000000110000000000000001000000000000011000000000000100000000010100000000100100000010000000000000000000100000000000000001000000000000010000000000000000000000000000000001000000011000000110001000000
100000000000100000000000000000000000010000000000000000000000001000000100000000000000000000000000000100000000000000000000000000100000100000000100100101110000000011101000010000001000010000000000000001010000000000000000010000001000000000100010000000000000001000000000000100100000000000000000000100000100
000000000000001000000000101001000000000000001001001000000000000000000000000010101000000000100000000000000000000100100000100000000100000001000000000000000000000000000000000000000100000000000000110000010000000000000010001001000000000000000000000001001000100000110000000001000000000000010000000000000000
000000000000000000000000000000001000000001000000100001001000000100101110000010000000000000000000000000001000110001000000000000000000100000010000000010000000000000000000000001000000000000000000101100000000000000000000000000000000000001010000000010000000000001000000000100100000000000000000100000000100
000000000000000000000000000000000100000000000000000000000010100000000010000000000101110000010100000000000000000000001011000000000100000000001110000000000000000011000000000000000001000000000010000000000100000000101100000000100000001000000000100000000000000110000010010000000100100000000000000000001001
000000000000000010100000000100010000000000000000000000000000000000000010000001000000000001000000000000000000000010000100000000000000000000000000000000000000000000000001000010000000000000000000000000000101000000000000100000000000000100000000000000000000000100000001000000000000000000000000000001100000
010000000100001110000010010010000000000000000000000000000000100000101000000000000100000000000000010000000000000000001000000000011000000000000000100100000000000000001000000000000000101000000010000000000000000010000000000000000000000000001000000100000100000000000100000000101000000000010000000000000000
000000000000000100000110000000100000000010000001001100000000000000100000000010000000000000001000000000000000000000000000000001101000000000000000000000000000000000000010000000000000001000000001000000000000100001000000000000010000000000000010000000000000000000000000000000000100000000000000100000000000
000000000000010100000110100000000000000000000000000100000000000001001001001100000001000000000000000000000000000000000000000001000000000001000000011100001000000000001000100000000000000001000000000000000010000001000000000100000000000000001000000000000101000000000001000000000000100000000010000000000000
000000000100000000000000000100000000000100000000101000110100000001000001000001000000000000000100000000000001000000000000010000100001110000000010000000000000000000100000000000000000000000000010010000000000000000000000000010000000100000000000000010000000000000000000000100000000000000100000000000000000
000100000000000010000001000000010100000000100000000000001000000011000000000000000000100001000110000010000000000000010001010000001000011100000000000000000100001000000000100000000000010000100000000010001000000000100000000000000000000100000000000000111100000000001001000100001000000000000000000010000000
000000000000000010100001001001000110010100010000000000000001000000000000000000001000001000000000000000000000100000000000000000000100001010000000000000000000000100000000000000000100100000000000000001000010001000000000010000000000000011000000000001000000110000100000010100001000000000000000001000000000
000100010001000100000000000000000011000000000001000001000001000000000000001000000000101100001000000000000000000010001000000000000000000001000010001001000000000100000000100010000000000000000000000000010000000000010000100000000000000100001101001000000000000000001000000100100000000000000000000000000000
000000000000100000000010000000000000000101000011000001000000000000000000000000000000000000000000000000000000100000000000000000000000000001000000000100000100000001000000100000000100001000000100000000000000000000000000000010001000000000000010000000000000000100000010000000000000000000000000001100010000
000000000000000000000000000000000000010000000000000001010000000001000000000000000001000000000000000000000010100000011010001001100000000000100000000000000000000010010000000000000000000000100000000000010000000000101000010000010000000000000000000010000000000000000000000100000000000000000000011000000000
000010010010100001000000100000000011010000000000000000000000000000000000000000000000100000000000010100000000010100000000000000000000000000000000001000000000000000010000000000000000000010000000000000000010001000000000000000010100000000000000000000100000000000010000000000011100000000000000000000000000
001000000000000000000001010000000100000000010000010100000000000000000010000000000010010001001000000000000001000100000000000000000000110101000000000000010000000000000000000000001000010000000000000000000000100000100000010000100000101000000000000010000000000000000000000000000000000010000000000010010000
000000000000000010000000000000000000000000100000000000000000000000000001000010000000000010000000000000100000010000000000100000000000000110000000000000000010000000100001001000000001000000010000000000000000000000000100011000000001000000000000000000000000000000000000100000100000000000000000000000000000
000100000000001000000000010000000000001011100000100010000000001000001000000000000000000000000000010000000000010000001000101001100000000000000000000000000010000000000010000010000001100000001000000010000000000000000000010000110000000000000101000010000000000001000000000000000001000000000000000000000000
100110000000000000001000110001000000000000010000000100000000000000000000000000000010000000010010000000000000000010000000000000000000000000000010100000000000000001000000010000000000000000000100001100000000000000000000000000000000100010000000000000000000000000010000000000100000000000000001001000000000
010000000000010010000000001000000000000000000000000000000000000100000000010010000000001000000000000000000000000000010000000000000000100000000000000000000000010000000000100000000000000000000010010000000000000000000000000000100000010000000001010100000000000000000000000001000100000000000000010000000000
001000000000000000000000000000000100110000000000100001100001000000000000000010000000000101000000000000000000000010100000000000000001000100000000100000000011000000000000000001000010000001010000000100000000000000000000000001000000000000000000000110000000000000000000000000000000000000010000100000000000
000000000001010000000000000000101000010110000000010000000000000000000000000100000100000100000011000000010100000000000000000000000000000000010100001000000000000011010000001000000000000001000000000000000001100000000000100000000000000000001000000001000000000000000011000000000000000000101100000001000000
010000000000000000000000000000000010100000000000000000000000000010000000000000000001101000000000000000000000000000100100000101000010011000000000010000100000000000100000000000000000001010001000010100001000010000000001000000000000000000000000000001011000001000000000010001000000010000000000000000000100
000001000000000100010000100000000001000000100100000000000000000000000000000010000000000000000010000001110101010000010000000000000000010000000100100000000000010000100000000000000000000000001000000010010000000000000000000000000000000000001000100000000000010000000000000000000000000000000000000100100000
010001100000000010000000000000100000000000000010001000000010100000000000100100000000000010000000000000000000000000000000000000000001010001000000000001000000010000001100000000000100000000000010000000000010000000110000000000000010000001001010000000000000000001000001000000000000000100000100100000000000
010000000001000000000000100100000010000000000000000000000000000000000000000100000000000000000100001100001000000000000000000000010000100100110100000000000000000000000000000000001000000001000011001000000100000000000000000000000000000000000000010000001000000010000100000100010010000100000000001000000000
000000000000010000000110000001000000000010000100000001000000000000010100000000000000010000000000000100000000000000001000000010000000000100001000001100010000000000101010001000100000000010000000000000000100000000100000100000000100000000000000100000000001100000000100000000000000000000000000000011000000
000000000000000001000000000001000000000000000000000000000000010100001000000000000100000000000000000001010000000000010000000000000000000001000000010001010100000000000000010011000000000100000001100001000000000000000000000000100110000000001010000010000000000010000000000000000000000100000010100000001000
101000000000000100000000000100000010000000000000000000001000010010111010000100010000000000000000000001010000101000000000000000000000000000000010000000000000000000100000000000000010000110000010000000010100010000000000000000000000000000000000000001000000000000001000000000110010001000100010000000011000
000000001000000100001000000000000100000000000010100000000000001000000000000000000100000000001000000000010101000000000000100000000100000000100000001000001001000000000010000010000000000000001000000011010000011000000010000100000000000000000000001000000000000101000000000010101000000000100010100000000000
001000001000000000000000000000000000000100000001100000110000101000000000000000001000000000000101000000000000000000010000001000000000100001010010000000100000000000101100100000000000000000000000000010001000010000000000000000000000000100000000100000000010000110000100000000000000000010000000101000000000
000000010000000000000000010000010000000000000000000000000000000000010000000000000000000000000000000000000000001000010000000000000000000000001000100000010000010000001000000000000001000000000000010000100100000000001000000000000101011100000000010000000000000000000000001010000000001100100000000001110000
000000000000000000000000000000010000000000010000001000101000001000001000000001100000000000010010000000000000000010000000001000000000100000000000000000000000000000000000000000000000000100000001000000000000000000000100010000000000000000000000010000010000000000000010000000000000000000010000000000000000
010000100000000010000000000000000100100000011011000110000010000000000000110010000000001000010010000000000010000000010000000000000000010000010000000000000000001100000000000000000010000000000000000000000100000100000000010100000000000000000000000000000000000000000000000000000000000000110000100100000000
000010000000100000000000000001000000100000000000000100011000000100000000000010000010010000000010000000000000000000010000100000010000000000011000000000100001000000001000000000111000000100001000010000000100000010000000000000000000000000000000000000000110000001000100001000011000010000001100100000000000
000000000000010100100010000000000000000000000000001010000000000110000010000000000100000001000100000000000000000000000001000000010000000000001100000000000000000000000000001000100000000100010000100000100001001000000000000000000010000000000000000000000000000000001000000000000000000100000000000100000000
000011000010000100001000100010000000000000000001001000000000010000001000000000000000000000000000000010000010000000001000000000000000000000000000000010001100001101000110000000110000011010000001010000000000100000000000010000000000000000000100010100000010000000000000000000011000000000000001100000001000
000001000000000100000001000000000000000000001000000000000000010000000000100010000000000000000000000000000000000110101000000000000000000000000110001010000000000001000000000000000000000000000000010000000010000000000000000001001000001000000000000000000000000000000010000000000000100000110000000010100000
000000000000000000000100000000011000100000010101000000000100000000000000000011000100000000010000000000010001000000000001000000001000000000000101000000100000000010010000100000000000000000000000000100000001010000000000000100000000000000001000000000000000000000000101010000000000001000000100000000100000
000010001000000001000000000000000001000001001000000010000000000000000000000000011000000000000000001001000000001000000000000000000010011001000000011000000100000000110010000001000000000000100000001000100000000000010000100000000000000000000000000000000000000000000000000000000011000000000000000000000000
001000010010010000001100000000000001011001000001100001010010000000000000000000000000000000000000000011000000000000001110000000000000000010000000010000000000000000000000001000000000000000000000010000010000001011000000000000000000001000000000010001000000010000000100000000100000000000000000000000100000
000100000000000100000000000000000000000000100000000000000010000000110001010000000000010001000000000000010000000000000000000000100000000010010000100000000100001000000000000000000000000000000000000010000010000010000000000000000000000000000000000000000000000100000000000000000000000000000000000011000000
000000000000000100100001000000000000100111000000000110000000010000000000000000000000000010000000000000000000000000000000000000000000100000000000000000100000000000000000000100000000010000101001000001000010000000000000010000000000001100000000000001000000000000000000000000010100000010000000000001000000
000010000100001000010000000000001000100000100000000100000010000100000000000000000000000000000001001000000000000001000000000000000000000000000000010000010000000000000000100000000000010100000001000000010000000000000000000000000000100000000000000010000000001000001000000000000001001000000001000000000000
000000000000000010000000000000000000000000000000010000000000000001000000000010000001000000000000000000000000110010001101001000000000010000000000000001000000000000001001000000000000000000000000000000000000000000000010000000000100001000000000000000000100000000000000001000000000010100000000010001000000
000010000000001110000000000000000000001000000010000000000000000011000000000010100101000001000100000100000000010010000000000100000000000000000010000010000000000000000100000001000010000000000000000000000110000000000001000000000100000000000100000000010000000000000000000000000000100000000100001000000100
000001010000000000010000100000000010000000000000010000000101000000000000000000100000000100000000000000000000000000000000100000100100000000000010000000000000000000001000000000000000000000000000000000000000010000000000000000010001001000000000000000000000000000000000001000000000100000000000000000000001
000000111000000000000000000000000000010000000000010100010110010000011100000100000000000000000000000000000000000000100000010000000000100000000000100000001100101000000000000010100000000000000000000001101010010000000000000000000000000100010000000000000010000000000000000100000000000000000000000000100000
000000000100000000101000000000100000001001000000000000000000000100000000001000000000000000000000001000100000000000000000000100000000000000000000000000000000010000001000010000000100000000000000000000010000000000010100001000010000000000001000001000000000000100010001001000000000000100000100000000001000
000000100001000000001000000000010010000101000001000000100000000000000000000000000001000000000010000110100000000000000010000000000010000000000000000000000000000000000000000000000111000001000000001001000000000100001000000000000000000000000000101000100000000010000000110000010000000000000000000001100000
100000000000000100000001000000000000000000000000000000000000100000010100000000000101000000000000010001000000000000000100000000000010010100001000000010000010001011000100001000000100010100010000010000010010000010001000010000000000000000000100100010000100000000001001000000100000000100001000100000100000
000100000001000100000000010000000000111000000000000000000000001000010000100000100000001010000000000000000000010000000000000000000000100000000001100000000100000000100001000000001010010100000000000010000000001000010000001000000000010000000000000000000000110000000000001010110000000000000000101100001000
000000000000000000000000000000000000001001000000100000000000101000000000000000000000000100001000000000001000000000000100100110001000010000000000000010100001000000000000000000001000000000100000000000000000000000001000011000000000000000000000010000000000000101000000010001000000000000000000000000000000
000000000010000000000000000000000100000010000000000000100000010000000000000000000000000010000010000000100000000000000000010000000000100000000000001100000000000000100000000001000000000101000000000000100000000000100000000000000010010000000000000000000000110000001000000000000000010000000000000000010000
000000000000000000000000000000010000000000100010010000010000011000000000000000100000000000000000000100000000000000000000000010000000001000000000000000000000010000000010000000000100000110001001000100100000000000000110000000000000001000000000110000000000000010000101000000000000000000000000100000100001
000100000010000000010000000000000000000000000100000001000000110001001010000000000000100000000000010000100000000000000100000000000100011010001011000000000000000000000001000000000000000000000000001000000000001000000000000010100000000000000000000000000000000000000000000001100000000100000001000000100000
000000000000000000000000000000000000000000000000000000000001000000000010000000000010000000000000000000000000010000101000000000000000100100000000000000000010000000000000000000000000100000001000000000000001000000000000000000010000000001000010000010000000000000001001000000000000000000000000010100000000
000000010100000101000000000000001000001101000000100100000000000000000010010001000001000000010010010011000000000000100000000000000000000001000001000000000000000000000000001000000000010000010000000000000000000000000000010000100000000001000000001100000000000000000011110000010000000000010000100000000100
001010000000100000000110010000110000010000000000100000000010000000000000000000000000011000001000000010000000010001000000000000001010000001000000000010000000000000010000000000010010001100000000000000000000100001000000010000000010000000100000000000010000000010000100000000000000000100000000000000000000
000001010000000000000010000000000000000100001000000000000000000000000000000000000100000010000000001000000000000001010100000011000000000100000010000010000000000000010001000000000000010100000000000000000000000000010000000001000000000000001000000000000000000010010010000000000000000000100000000000001000
000000000100000000001000110001000101010000000000000000000000000010000000000000000010000000000000100000000000010100000010000000001000010000001000000000100000100000000000000010100000000010000000000000100000000000000000000000010010000000000100000000000000010000000100000001000000000100010000000100000000
000000100000011000100000000000000000000000000001000000000000000000100001100100001010000001000000010000000000000010010001000010000000000000000000000000001010000001000000000000000100000000000000000000000010000000000000000000000000000000000000100000000000001000000000100010000010000000000000000000001000
001000000101000001000000000000000000010000101000000100000100000000000000001010000100000000000000000000010100100000001000000000000000100000000000001000000001100010010000000000000000000000000000000000000000000010100000000000000100000000000000000001001000101000000000010000001000000000100010000100000001
010100001000000100010100000000000000000100000000100100000110000000000000000000010000000000000001000000000010001000000000001000000001110000010000000000000000100100000000101000000000100000001000000000000000000000000000001000000001000000000000001000000000000000100000000000000000000100000000001000000000
100000101000000001000100110010000000000000001001010000000000010000000000000000010000000000100000000000010000100000000100000000010100000001000000001000000010000000000001000000000010000000000000000000110000010000000000000000000000000000000000010010000000000000000000000000000000010001000000010000000100
001000000000000000000000000000000000000001100000000000000000000000000000000010010000000010000000000001000001000000001010000000000000000110011000000000000000000000000000100000010000000111000000000001100000000000000000000000000000000000010001000110000000000000000010000001000000000100010000000000110000
000000000000001000000000001000000000101000001000000000000010000000110000000000000000000000000100000010010000000010000000000000000000000010000000000000000000000000000010000000000100000100000000000000000000000000001000000000000010100100000000000100001000000001001000000011000001000011000000000000001000
011000000000000000000000000000000010000000100001000000000000000000000000000001000000000000001000000000010000010000000000000010000000001000000111000000000000000000001100000100100000000000000000000011100000000000000000000000000100000000000100001000100000010000000000000001000010000000000010010000000100
001000010100000000000110000000000000011000010000000110001000000000000000000011000000000000000000000000110000000000100010000000000000000000000000001000000000100100000010000000000000000000100000000001111000010000000000010000000100001000000000000000000000101000000000000000000001000000000000010011001000
001000000000000000000001000000000000000000000000000000100000000000000000000000001100000000000010000000000001000000000001000110000000000010010000000100000000000000010000000100001001010000000000000000000000000000000000000000000000101110000000000000010000000100000000000000000000000000001000000000000001
000000100000000100001000000000010000000010000000000000110000000100000100000000000000000000010000000000000100000000000000010000000000000100010000010001000000010000000000000000000000000000000001000000000101000000000000010000011000000000000100000001000000000000000000000000100000000000000000000000000000
000000000000000000000000000000000010000000000000100000000100010000000000010000000000000000000100010000000000111000100100001000100000000000000000000000001010001000100000000000000000000000000000000000001000000001001010001000000000001001000000000000011000000001001000000110000000000000000100000000000000
000001000000001000100000000000000000000000001000000000010000000000010000001000000001000000000000000000000000010000000010000000000000001100000000010000000000001000000100000000000001100000100000000000001010000000000000000000000000100000100000000001000000000000001000000000001000010000100000000010000000
010000000000000000000100000000001010011000000000000011000010000000100000000000001000100000000100100000100000000000000000000000000000000000000000000000000011000000010000000000000000000000000000000000001000000100010000000000000000000000001010000010011000101000000010000000000000000000001100000000000000
000000110000010000000000010010100000000000000000001000000000000000101001000000100010000000000010000000010000101000000000000000000000010000000000011000010000000000000000010000000000000100100101100000000000000000010000000000100100000000000000000000000000000000000000000000001000000000101000000000000001
000000000000000000000000000000001001000000001000001010000000000001000000100000000000010000000000000000000000000000000000010000000000000000000000000010000000000100000000000000010100100101000000000000000001000000000000000000000000000001010010000000000010000000001000000000000100000001000010000100000000
000010010000000000000000000000010000000000000000000100000000000000000010000001000000000000000001001000000000100100100010010001000100000000000000000000000000000000000001010000000000000000010000000010000000000000000100001000000000000000000000000000000000000010101000000010001010001000000000000001000000
000000100000000000000000000010000000000000000000000000000000000000010000000000000000000000100010000001000000000000000001000000000010101000000100000000000001000000000000001000000010000000000100000100000101000010000000000001000000000001001000100000000000000100000000000000000000000000000000000000000000
000000000100000000000000001000100010001000100010000100000000000000000000000000100100000000001000000010000000000000000000100000100000000000000000010000010001000000010010001000000011010000000000000010000000000000000000000011000000000000000000000000000000010000001001000000100000000010001100010000000000
100000010000000000000100000000000000100000000001000000110000011000010000000000000000000011000100010001000000000000000010000000000101000001000001000000000100010010000000000010010000000000010010000010010000000000000000000000000000000000000000100000001000000000000000000000000000000000001000000000000000
000000000010000100000000001000000000000000000100010000000000000000100001010000110000000000100000010000000001000000000010000100000100010000000000000010000000100000000010000100000000000100001000010001100000100000000000000000100000000000000000000000001000000110000000000100010100101000000000000100000000
010000000000000000100000000011000001000000000000000101000000001000000000010100000000000000000010010000000000001010000000000010010000000000000000011000001010000000100000011000000000100000000011001001000000010000010000000000000100000000000001000000011000000000000101000000011000000000000000000000000000
000000000000000000000010000100000000000000110000000001000001011001100000001010000000000000000000000000000100000000000000000000001000001000000000010000010000000010000100000010000000000000000000000000000001000000000000000000000000100000000000000000000001100000010011000000000000000001000000000000001000
000000000000001000000000100000001000000000010000001000000000000000000000010000000000000101010000100100000000000000000100001000000010000000000100000000000000000000000000110000110000000000000100000000000001000000000001010000000000000000100000000000000001000000000000000000000000001100000001000000000010
000100000000000000101000000000001000000000000000001000000000000000100000000000000000000010000000000100000000000100100000000000000000000100000000000000010000000000000000000000000000000000100100000000001100010000011010100101000000000000000000010000010100001000000000000000000010000000100000001000010000
000000010010000000000010000000000000000000000000010000000000000000000000000000000000000100000001000010000000000010000000000001000001100000000100000010101000000000000001000000000100000010000000000000000000000000000000011010000000000111000000000000001000000000000000000001000000000000000101000000000000
000000000000000000000010010000000000000000000000000000010000000000010000000000000000000100000100001010100000010000000010010011000001010010000000000000000000001001000000000010000001010000000000010000000010001000000100000110000000000000000000000010000000010000100000000001000000010000001000000000000010
100000010000000000000000000100000001100000000000000000000000000000100010000101000000000000000000000010000010000000000000000000000000000001000001001000010000000000000000000000000000000100000000001000000000000000000000000000000001000010000000001100000000010100000000000000000001000000000001000000000010
000100000000000010110000100000000000000000000100000000000000100100000001000001000000000000100000000000001000000000010000001000000000100010000001000000000000001000000000000000001000000000000001000000010000100100000000000000000000010100000000001000000001000000000000000000001010001000000001001000100000
000010000000001000000000001000000010000000010000000000100000000010000100000000100000000000010011000110000000001000000000000000000000000000000000000100000101000000000000000000010000010000000011000001000001000000100010000000000000000000000101000101000000000000011000000000000000000000001100000000001000
000100000100110000001000000000000000000000010010101011000000000000000100100000100000000000000010000000000001011000000000000000010000000100000000010010000010000100000000000100000000000001000000100000000000000001000100000000000000000010000001000000010000000010000000000001000000001010000001010001010100
000000000000000100000001000000000000000000001000000000000001000000000000000010010001000000010000000000000000110000000000000000010001010000000000000000000000000010001000000000000010100000000011000000010000000000100000000000110100000000000010001000010000010000000010000000000010000000000001000010010000
000110010000000000000101000000000000000000010000000000000000000000000101000000000000000000000000000000100000001000000000000000000000000000000000000000000000001000000000000000000000000000000000000001000100000000000100000000000000010000000000000001000000000000000000000001000000000000000100010000000000
000000000000000010000000000000000000000001000000000000000000010000000000000101000000000010000000000000000000000001100000000100100000001000000010001000001000010000000000000000000000000000100000000000001001000000001010000000000000000000100000000000000010000000100000000000010000000000000000000000000000
000000000000100000001001000000100000000000000000000000000000000000100000000000100000000000000000010000010000000000000000010001011000001000100000100000000000100000000000000000000010100000000000000000000100000110000100000100000000001000000000010001101000000000101000000000100000000100001010000000001100
000000001100000010001000000000000010000000000000100001000000000000100001000000000000001000000010000000001000000000000000100010000000000010011000000000000000000100000000000000001010000000000010010001000101000000000000000100000000000000000000000000000000000000000000010100000000000000000000000000000000
000100000100000001000000000000000001000000010000000000101000000000000000000000010000010100000000000001001010000010100000001000000000010000001000000000000010001100000001000000010000000000001000001000000000000000101000000100000100000100001000000100010000000100000000000000000000001000100000100001000100
000000101001000000000000000000000000001000001000000000000001000000000001000000000010010000100000000000000000000010000001001000000000000101000010000000000101001000000000000000000000000001000000000000000000000000010000000000010000010100000000000100000000100000000000000001011000000000000000001000010000
000000100000000101001000000010000011001000000000000000000100001000100000010000000000000000000000000101000000000000000000000000000010000000000100000110001000000001000000000000001000110000000000100000000000110000000000000000000000000000000000000000100000100000000000000000010000000000000010000110000000
000010000000000010100000000000000000000000010000000000000000000000000000000000000000010000000000000000000000000010000001000000000000000000000000100000001000000000001001010010000001000010000100000001011000001000000000010000000000100000000000000010000000001000000000000100100000001000000000100100001000
000000001000010000000100001000000000000000000001100000001000000000000000000001000010000000000000000000000000010001000000000000000000000000000000010010000000001000000100000000000000000000000001000000000000000000010000000010000000000010000110101100000000000000001100000000001000000100001100010000100010
000000001000000000000000001000000010001100000000000000000110000000001000000000000000010000000010000000100010000000000000000000000000100100000000000000001000000000000000100000001000000000000000000001010000000100000011000000000010000000000000011000000000001000000000100000101000000010000100001100000010
000000000010000000000000000000000000000000000000010000000000000000100000000000000001000000000001010000000001000000000000100000000000000000000000001000000000000000000001010000000000000000101010000000000000000000000000000000000000000000000000000000010000100000000001000101000001000000000000000000000000
000011000001000000000000000000000000000000000000000000000000100000000000000000001000000000100000000000000010000000010010000100100010000000000100000000000000010000010100001000000000000000000001000000000000000000000001000110000100000000000101001011000000001000000000000000000000100001000100001110001001
000000100000000001001000010000000100000000010000000011000000010100100000000000010100000010000000000000011000000000000000010000000000100000000000000000000000000100000000000000000000000000100000000000000000000000000000010000110001000000100000011000000000001000000000001000000000100000000000000000010000
000000000000000100000001000000000000001001100100000001000000000100000000000000000000000000000000000100010000000000000000001000100000000011000000010000001000000100010000000000100001000000000000000000000000000010000000000000000001000000000001001000000000000010000000000000100000000000000010000010000000
001000010001010001000010000100100000010100001000000010000000100000000100000001001000000001000100100000000000000000000000000000000000000000000011000010000001100000000000000001000001100000100000000000010000000000000010000000010000000000000010000000000000001010000000000000000000100000000000000000001000
000000000000000000000000000000000000010000001000000000001000000000000000000000000010000001000010000000001010000000000001000000000000000000010000000000000100100000100010000000010001000000001000101010000000000000000010000000000000000000000000000000000000010100000100000000001010010000000000000110000000
000000010000010000000000000000011000000000000000000000101000000000000001000100000000000000000000000000000001000000000000100000000000001000000000000010100001000010000100000000000000000000000100000000000010000001000000000000000000100001001000000000000000000010000000100000000000000010000000010010000010
010000000010000000000000100100010000000000000000000100001000101000000000000000001000001000001000010010000000000000000000000000000000000000000001001000010001000000000001000010000100000000000000000000000000000000010000001000000011000000000000000000000000000000100000010000000000010000001000000000000001
000101100000001000000000000000000000001010000000001000100000000000000000000000000000000000001000101100000000000000000001011000000000000101001001000100000001100100000000100000000000000001010011000000000000000000000000000000000000000000000000000100010000110000000000011000010010001000100000000000100000
000000000001000010001000001000000100000000000000000000000000000000001000010000000000000000000001000000000000000000001000000000000000000000000000000000100000000010000000000000000000001000001001100000000000000000010000000010000000000000000000100000000000000110000000000000000000000000100010000000000000
001000010000000000000000000001000010100010000000010001001010000000000000000000000001010100001100101001000000001000000010000000000000000010010000000100000000010000100000000000000000000000000010000000000000001000001000100000001000000000000000000000000000110000000000000000001000011010000000010000000000
000011000000000001000000000000001000000010000000100000000100000000000001100000000000000000010000100000000100000010000000000001000010000100000001000000110000000000000010100100000000000000100000000000110000000000000000000100000000010000000001000000000000000000000000000000000010001000000000000101000001
000000000000000000000000100000000010001000000000000000000000000000000000000010000000000000001100000001010000000000010000100000000100000000000000010000000000000001000100000000000000000000000001010000001000000000000000000000000000000000000000000000000000100000000000000100000000101000010000001010100001
000100000000110010000000011000000000000100000000000010100000000000000000101010000000000000010000001000010000000000000000100000001000000000001000000000010000000000000010001000000001001000000000000000101000000000000000000000000000100000000000010000010000000000000100000000000000000100000000000010000000
000000010000000001001000000110000101001000000000000000000000000001000000000000000001000101000010000000000000000000001001001000000100000000000000001000010000000000000000000000100000100000100000000000000000000000010100000000010010000100000000000000000001100000000000000000000001000010000100001000000000
001001000000000100000011011010000101000000000010000000000000110000000000001000000000000010000000000000000000100001000000001000000000010000000000010000000000000000000000000000000000000000000000001000000000000100001001000000100000000000000000000000000000000000000000000000000001100000011100000000100000
000000001000000100000000010001100010000100000000100000000000000010000000000000000000001101000010000000010000011000010110000000100000000100000000000000000000000000000000100010000010001000000010000000000000000000000000000000001000100000000000000101001000000001100010000100000101001000000000001010001000
000010000000000000001000000000000100000010000000001000000000000000000001000000000001001000000000000000000000000000011010000101001001000000000000000000000000000010000100000000000011000000000000000000000000000000000000000011000001000100000000000000001100000000000000000000001001000000101000000100001000
010001000000000000000000000100000000000011000100000000000000010010100000010000100000100000000000000001000000001000001100000000001000001000000010000000000000010000100110000000100000000000000000000100000100001000000000100000000000000000001111000010000000000000100000000000100000000000001000000000000000
001011000001010000010000100100000000001100000000000000001001001000001001000000000000000000000000000100000000000000000100000000000100100010000000000000000000000000000010000100010010000100000000000100100010000000000010110000000000000000000000000000000100100000100001000000000001100000000010001000100000
000000101000100000001000000001010001000000000000000100000100000100000000110000000000000001000000000110000010000000000000000000000000100000000000000000000000000000000000000000100000000000001000100000001001000000000010010000000010000001001000000000000000000000000000000000000010001010000000000000000000
000000000000101100100000000000000000000000000000011000100000000000001000000000100100010000000000000001000000000000000000000000000000000000000000000010000000000000000000000000000001000001000000100000000000001000000000000000000001000000000000000001000000000100000000000000000000000011001010000000010000
001000000000000000000000000000000000000000000000000000000000000000000100000000000000000000000000100000010000000000000000001000000000000101000000010100000000000001000010000000000000000000000100010001000000000000000000000000000000100000000000000000010000100010000000000000000000010000000000000000010000
010000010000100000000000000000100000000000000000001000000000101000000000000000000000000001000000000000000010010000000000000000000000000000000000011000000001001000000000000000000000000001001000000000000000000000000000000000000010010010000000000001100001001000001001000100010010000000010100110000000000
000000000010000000000000000000000000100000000100000000000000100000100000000000000000000000000000000100000000001000000000000000000111000000000000000001000000000000011000000001110000000000100100000000000000000100000000000000000000100000100010000000000000000000000000101000000000000001100100000000000000
000000000000000000000000000000010010000100010000000001000000001000010000000000100001010100000001000001100000100010000010000000000000000000000000001000000001100000000000000011000001000001000000000000000000000000000000000000010000001000000000000000000000000001000000000001000000010000000000000000000000
010000000010000011000001000000000000000000000000000000000000000010000000000000010000000001000000000000000000000001010000000000001000000010001000001101000000000000000000000000000000000000000000000000010000000100100000000100001000001000000000000001000010000010000000000000000000100000010000000100001000
000000000000110000000000100000000100000000000000000000000000000000001000000100000000001100000000000000000000000000001000000000000000110000000000000000010000010000011000001000100000000100000101000100000000000000000000010010000000000000000000000001000000000000000000000000000010000000000000101000000001
100000000100000000000000000000000000110000000010000000000000000010000000000000000000000000100100000000000000000000001000000001001000000000010000010000000000001000000000000000000000010000000000000000010101000000011010000000000000010010000000001000001000000000000000000100000000000010000010000000000000
000100000010000000100110000000000010000000000000000100000000000001000000000000011100010001000000000000001000110000000010001001100000000000000000010000000000000000001000000000000001001000001000000000000010000000000000000100000000000000000000000000000000001000000000010000000000000000010000000000000000
100000100000000000000010000000000000000000000000100000010010000100000000001000100100000000101000000000101000000000100100000001000000100000010000101000000000100000000001010000001000000000100100000000001000000101000000000010000000001011000000000001000000000000000000010000000000000000000000100000110000
000000000001100000000000000001000010100101110000010000000000000000100000000000100000001100000000000000000000001101000000000001000000000000101000000000000000000100000101001000000001111000000000000100001100100000000000000000000000100000000001100000100100011000000000000000100010000011000010000000000000
000000000000000000010000000100000000100000100000000000100000000000000000000001000000100100000000100000000000000000000010010000000100000010000000000000000000010000000000000000000000100000000000100000000000000000000000000000000000000000000000000000000000000000000000000010000000000000010000000000000000
000000010000000000100000000000000000000000000000000010000100000100101000000001000100000000000000010000001000000000001001000000101000000000000000000001000000000000010000000011001000001101000000001000010001000000011000000000100011001000000000100000000000100000000000000000001010000000000000000001010000
000000000000000000000000000000000000100000000000000000000010000000010000000000000000010000001000000100111010000000011110000000000011000000101000000001010010001010000000001001100000000000100000100010000000000001001000001000000001000000100000000000000000000000000000010100000000000000000000000000010100
000000000000000100000000000001000000001000000000000000001000000000000000000000000001000000000000000000001001000000000000000000000000000000010000000000000010101100000000011100000000000000000010000100000100000000001001000001000010000000000001000100000000000000000000000000100000000000000000000000010000
000000000000000000101010000000000000000000000000000000000000100000010000000000010100000000000000000010000000000000000000000100100000000001000000000000000000000101100000000010100000000100000000000000000000000000010000000001000000000000001000000000000010000000000001000000100100001010000000000000001001
000000000000000000010000000010000001000000000000000000000000001000000000100000000010000010000001000000000000000010001010000000000000000001000100000000000000001000000000010000000000000000000000000000010000001000001000000000000000000001000000000000010001000010000000000000100000000000001010000000000000
000010010000001000010000010000000000000000000001000000000000000000000000000000000100100001000000000011000000000000010000000000000000000000000010000000000000010000000001000100000000000000000000100100000000000000000000001000000000000100110000000010111000000101000000000000000000000000000000000000001000
000001000010000000100000000000000001000000000010100011000000000010000100000010000000001000000000000000001000010001100000000001000000000010001000000001000001000000001000000010000000000000100001001000000001000000010001000000100010000000000000000100010000001000000001000010011000000000011000010000000000
010000000100000100010010000000001000010001000000000000000000100001000000000000000000000000000000000000000100000000010000000000000100101000000000000000000100000000000000000100000000000000000000001010000110001001000000000000000000000000100000000000000001000000000000000001000001000001000000100000001000
000000000000000010000000001000000000000000000000000001000000010000000001000000100000000100000000000000000001110000001000000000000000000000000100000100000000000000100000000000000000000000000000001010000000000000000000001000000000000100100001010000000000000000000000001000110000010000000010001000000000
000001001100000010000000000000000000000110000100000000110011000011000001000011000000100000011100000001000001000000000001000000000000000000000000010000000100000000010001000100000000001000000001000010010100101010000000000010100010000000000000000000000100000000000010000000000000000000001000010000001000
001000000000000100100010000001000001000010000000000001100000010000000000010000000000001100000000000000000000000110000000000000011000000001000000001000000000000000010100101001000000000000000000101100100000000000000010000000000000000000000000000000000001000000010001000000001001000010000000100000000000
000010100000100000000000000000000000010000000000001000000010000000000000010000010000000000000000100000000000000101000000001000010101000000000000010000010000000000000100000000000000000000000000000000001000001100001000000000001000000000010000000000000000000000000001001000000000000000000000000101000000
100000000000000000000000000000000000000000100010000000000000000000000000000000000000000010000010100001001110001000000001000000000000000000000000000001000000000000000001000000100000000000010000000000000000000000000000100001000100000000000000110000000000010000000000000000000000000001001000100000000100
001001000000000001000000000000000000001000000010000000100000000010000000001010010100000000001000001000100000000000000000000000000000010000000001000000001000100000000100010000000000000011000000000000000000000100000000100000000000000000000010000100110000000100000100001000000001100001000000000000000000
000000000000101000000000010000000010000000100011000100000000000000000000000000000000010000000100001000000000000000010000010000000010000001000000000000001000000000000000100010000000000001011000000000000000000000000000000000000001000000000000000000000011011100000000000000000000000000000000000000000100
000100000010010000000000000001000000000000000000000000000000000010000000000000000000000000000000000001100000000100000100000000000000000001000000000100000000000000000000000000000000000000110000000000000000000010000000011000000000000000000000001000000001000000000000000000100000000000000000000001000000
000100000000000000000000000000101000100000100000000000000000000000000000000000000000000000000100000000000000100000000000000000000010000000000000000000000010000000100000000000001000000010000100000000000000000000000000001100000000000000000000000000000000000100000000000000000000000010000000000000010001
000000000000000000010001000000000000100000001000000000001000000000100000000000000010000100000001000000000000000000000000000100100000000000000100001000101000010000000000100000000000000001000010000000000000010001000001001000000000000010000000000100000000000000000000000000000001000100000000010010011000
000000000000001000000001000100000000000000000000000000001000000000100000000000000000000000101000000001010000000000001000010000000000100000000001000000000101000000000000000000000000000001000000100000000000010000100000000000001000000000000100001000000100000000100000000000000000000000000001000000000000
000000000000000010010000000000000001100000010000000000000000100000010010000011000000110000000010010001000000010000000000000000010000000000000000000001000000000000000000000001000000010010000000000000000000000000011001011001000100000011000011100000000000000001000000000000000000001000000001010000100010
000010000010000010001100000000101001000000000000010000000000000010000000000000000100000000100010010000000000000000000000000000000000000001000000000010000000010100110000000000000000000000000000000100000000001000010000000101000000000001000001100000010000010000000100000010010000000000000000000001000000
000000000000000000000000000000000000000010000000000000000100010000000000000100000000000000000000010000000000100000000001000000000010000010000000000000010000000000000000010000000000000000000000000000100000000100001000000000100000000101000000000001000010010010000000100000001000000110010000000000000001
001000000000000000000000000000000000000000000000000000000000010000000000000000000010010000000000010000000000000000000100000010000000000000000010001000010000001000000000000100000000000000000011100000000000000010000000001111000000000001000000000000000000000000000000000000100000000000000110000000000000
000000000000000000000000000000000000000000000000000001000000000000000010000010000000000000011010000000000000000100100000000000010000000000010010000000000000000000000001000001100000000000000010000000000000000000001000100000000001000110000100001000010001000000000000001000000001000000000000001000000000
000001000000001000000000000000000000000000100010010000000000000000000000000010000000000100000000000011001000001000000000000000000000000100100000000000000010100000010000000000000000000000000001000000000010000000000000000000100100000000100100100100000000000000000000000000000000000000000000000001000001
000011000000010000001000000000000000001000000000000110001000000000000101000000000000000001000001000001001000000010110001001000100000000010000000000000000000000000010000001000000000100000001000100000000000000000000000100000000000000000000001000000000100000000100000000000000000001100000001010000000100
000000000000000000000000000000001100000001000000000000100000000001001000000000100000001000000000000010000000000000000000000010100000000000001000010000000000000001000000010000000001010000000000000010000000010000000001000000000000000000000000000000000000001011000000100000000010001000101000000000000000
001000001000010000010100000001001000000000011011000000101000000000110000000000001000000000101000000110100000000000000000000010001000010000000100000010000000000100010000000000000100100010000000000100000000001000100000000000000000000000000000000010000000001001000000000000000000000000011000100000100000
000010010010100010000000000000000000000000000000000000000000000100000010000000100000000010000100000000000000000000100100001000000001000000000000000100000000001000000000010000100000000100000001100000000000000000000000100000000000000000110000000000010000000000000000000000000000000000000000000010100100
010000000011000000001000001000000000010000010000000001100000000100000000000000000000000000000000000000000000001000100000010000001000001000100001000000000010010000000000000000001000100010000000110000000000000001000000100000010010100000000000000000000001110000100010000100100011000011000000000001000000
001111000000000000000100000000100000001000000000000001000000001010010000000000000000000010000100001000000001101000001000100000000100011000000010000001000000000000000010100001000000000000000000000010000000000000000000000000100000001000000010000100000000000000000000000000000100000000000000000000000000
000000100000100000010010000000000001000000001000001000010000000000000000000000001000000001000000000000001000000000000000000000000000000001000000001000000000000010000100000000000000010000010000000100000000000010100011000000000000000000000100010000000000000100000000000001011000000000000010000010001000
000000010000001011000001100000000000000000100000110000001000000000000000001000000001000000000000000000000000100100000000000000000000100000000010000000000000000000000000000000110100000000000000000000000000000000000000000000110100001000000000000000100000000000000000000000000000000010100100010100000000
000100000000000000000000000000000000001000000000000000000000000000010010010000000100010000000000000100000000000010001000010000000011000000000000000000000001000000000100001000000000010000000000100100000000000001000001000000000000010000000000010000010000000000000010000000000000010100001000001000001000
000100000010001000010000000000000000100000100000000000000000001000000100000000000000000100000000000000000000000000000000000010000000000001000100000000110000000000000000000000000001000000010000000000100000000000000000000100000000000000000000100000000000000011000000000000000000000001000100000000100000
000000001001000000000000000000000000000000000000000011000100010000000001000000000000010000010000000000000000000000000000001000000001010000010000001000000000100000000000000000000000000000000100000000000000000000000000000000000000101000000000000000000100000000000000001000000000010000000011000000000000
000000100000000000010010000000000000000000100000100000000000110000000100000000000000000000000000000100000000000001010000000100000000000000000000000000000000000000010000001000001000000000000000000001010010010000000000000000000000000000000001001000001000000000010000000000000000000110000000000001001000
000000000000000010100000000000000010000000010000000000000000000000000000000000000001000000100000000000000000000000001000010000101000000111010000000000000000000010000111010001000000010010000000000000001000000000000010101000000000000000000000010001100010000000000000001001100001000000000000000000000000
000000000000100000001010000100000000000100000000000000010000011000000000000000000000000001001000000010000000000000001000000000010000000000101001000100100000000000000000000001000000000001000000000000000000000000010001000000101000100000001000010000000000000000100000001000000000000000000011010000000001
010010100000000000000000001000000001000000000000000000100100000000000010000000101010100001000000000000000000000010000000000000000000100010000000000000001000000000000000000010000000000000100000100000100000100000001000000000000001000000000000000110000100000000000000010000000000000000000000000001001000
000100000000000000000000001000000000000000000000001000000000100000000000000010000000000000000001000010010000000000001001000000001000100000100000000000000000000010000000001000001000000100000110000000000000001000000100000000000000000000000100000000000000000000000100000000000001100000001000010001000000
000000000000100010000000000000001000010000000000001100000000000000000000010000000100000000000000000000000000000000001000000000000100000000000000000000000001001000000010000000000000000000010000000010001000000000000000000000100001010000100000001000101000000000000000000100000010000000101000000001000000
000000100000000100000000001000000000000000000000000000000000100000010000000011010000000000001000100000000000000000000000000000000010110000000000000010000000000000000000000001000000000100000000000000010000000000000000000001000000000000000011001010000000000000000000001000000000000000000000000000000000
000010000010001001000000010000010000100000001000000000001100000000000000000000000000000000000000000000000000000000000000000000000000000001000000010000000000100000000001000000100000101000001000000000100000000000000000000001000000000000010000000000000000000000000000000001100010100000000000000000000001
001000010000000000000000000010010000000000000000000000001010001000000010000110000000100000000000000000000010100000100000000001001100010001100000000000000000000010000100000000000010010000010000000000000001000000000001000000000000000000000010100000000000000000001000000010000000000000000000000000000010
001001000000000000000000000100000000000000001000000010000000000000100100010010000100000000000000001000000000000000100000000000000000000001001000000000000000100000000000001000000101100001000000000000000000000000000000000000000000110101100000000000000000000100010000000100000100100000000000000000001100
100000000000001000000100001000001000000000001000000000000000000000000010001000000000000000000000000000000000000000000010000000000000000010001000001000000000000001000000000000000000000000000001000001100000001100101000000000001000000001000000000000000000000100101010010000000100000000000000001000000000
000000000000000000001000000000000000000000000000000010000000000001000000000000000000000000000000000000000000000000000000010000100001000001100000100000000000000000000000000000000000001000100000000000000000000010001000000000000000000000000000000000100000000000000000000000100000000000000000000000001000
000000000000000001000000000000000100000000000100000001000000100000100000001000000000000000000000000010100000000010000000000000000000000010000000000000000000000001000100000000000000100000000100100110000000000001000000000000000000000000000001000000000000000000000000010000000000000000000000000000000000
000000000010000000000001000010100000000000000000000100000000000000000000000000010000000000000100100100000100000001000000000000100000001000000000000000000000000000000000000000000000000000011000010000010000000010110000001100000000000000000000000000000100000010100000000100000000010001000000000001000000
001001000000000000000000001010000000000000000001000000000000000001000000000000000000100000100000000000000000000101000000000000000000100010100001000000000100001000110000000000000000000000000000001001000000000000000000000100010000000100000000000000000001000010000000000000001101000000000000000000000001
000011000000000100011000001000000000000100000000100000000000001000000000000100000000000001100010000000000010100100000000001100001100000100100000001001000000000000000000000000000000000000000000000000000010000000010000000000001000010000100000000000000000000100000000000010000001000000000000000000000001
101000000000010000001000001100000000000000010100000000000000001000000000000001000110000000000001001100000000000000000000000001100000000100000000000000000000000010010000000010000000000001000010000000000000100100000000000010100001010000000000000000000000000000100000000000011000000000000000000001000000
010000000010000000011000000000000000010000000000100001000000000000000000100000000000000000000001000000000000000000000000000000000000000000000000000000000000000000000000000110001100000000100000010100000000000100000000000000000000000000000000000000000000000001000010100000001000000000000000001000000000
001000000010000000000100000000100010100001000010010011000000000000010001001000000010001000001000000001000010010000100001000000000000010000000000001000000000000001000000000000000000010000100000000000100000000100100101000000000000000000000000000000001000000000110000000000010000000000001000000100010000
000000000000000000110000000100000000001000000000000000000000000001010000010000000000000100000000000101000000010000000000000000100000000000000000010000000100100000100000000000000000000001000000000000000000000000000010001000010000000000010000000000100000000000010000000000010000000000000000000000000000
010000000000000000100000000010000000001000000000000000001010000000101000000000100000000001000111010010000000000100000100000000000000000000000000000000000000100000010000101010100000000001000000000100000000000000000000000000001000010000000110100100000100000001000010100000000000000010001000000100001000
000000000000010000100000000000000000000000010000000000010010000000000000000100010000000000000000001000010000000000000100000000000000000000000000100001000000001100000000000001001000001010010001000000000010000100000000000001000000000000000100000000000000000000111000001010000100001000000000000000000100
0 0
299 299
