25 30
010000000000100100010100010000
001110000100100000000000000000
000000010110110000100010001000
000100001010100000010111000011
010000100000000001000000000000
000000000000000000000110000100
000010000001000000101101000100
010011100010001001000110000000
000010010011000000000000011000
110100000000000010001000100101
010000001000000010010000000001
000000100000000001000110000000
001000100000001000000000010001
000000000000110111000000000000
101110000001000010001001000100
001101000000000000000100000010
100001100001001000100101010000
001000010001000000000010000001
000001010010000001000000000100
000000001000000100001000000000
000000001000100000111000000000
000100010000010000010101000000
001101000000010010111000000001
000000001000000011010000000000
000000001100100000001000100001
13 6
4 29
