30 30
000001000000000000000000100000
000000010000000000000100001000
000000000001000010000000000100
000000100010000010000001010000
010000000000010100100101000100
000000000010000001001000101000
101000100000000000000000000010
000000000001011000011000010010
000000001001100000110000000000
000000000000000101000000000000
111010000000000000000000100001
000000000000000000000000001000
000100000100000010000010000101
000000110001000000100010000100
010000000000000001000000100000
000000000000010100000000000000
000011000010100000000000000000
000100000000000101000000100000
000010000111100000000011000000
000000100001000000000100001100
000100001000001000000000100000
010000000000001000100100001000
000000000011001001001000010000
001000000010001100000000000000
000011001000000001100000001000
000000000000000000010110000000
001000001000000100000000000011
010001000000000000000000001001
100100001000000001000000011000
000000000000100000001000100000
0 0
29 29
