26 31
0101000000010000010010000011000
0000001101100100000000000000001
0000000000100010010010000000000
0100110000010000100000000000000
0000100000001000001000110000000
0010110001000000010000010001000
0001100010001011001000010010000
1010000000000100000000000010010
0001010000000110010000010100000
0010000010000000001001000000000
0101001100001111000110000010100
0000000000001000000001100000001
0000111000100001000000000100000
0000100000000000000000010000001
0000000000000010010001001000100
0001000001001110000000000001000
1000000000100000000000001000000
1010000101110000000000000000110
1010100101100001000001000000001
0000000101000010100000100000100
0100111100000000010000000011000
0000000001000010000000110000000
0101010101010010100000000010000
0000000001000000000010101000011
0000000100001010100100010010010
0001000000000010001100100000000
2 4
24 24
