31 31
0000100000000000000000000000000
0000001000100001001010100001000
0000001000000100010000000000000
0000000000000000000000000010010
0000000000000000001000001101000
1100000000000000000000000100000
1100000000001000000000100000000
0001000001011000000000000000100
0000000001000100000001000000000
1000000100000001000001000100100
0000000000100010000000000000010
0000000000000001000000000100000
0000001100000010000000000000010
0000000000000100000000000000001
0000100000000001000101000000000
0000011000000000000000010000100
0010100010001000000000000010000
1010000000000000010110100110100
0000100000100101000000000000000
0001010100010000010000000000000
1011010001000001000000000000000
0000100100100000000001001000000
0000010000000000000000000100110
1100000001010000000000000001100
0010010100010000001000000000000
0000000000000000110010000000000
0010000000000000000000000000001
1000010000010000000000000010000
0001010000000011100000000000000
1000000000001000000000001110000
0001000000000000001000010000000
0 0
30 30
