27 32
01000000101110000000001100000001
01000000100000000100000000000010
00000010000110000011000100000000
10000000110001100110000010100010
10110100101001001000011000000110
00001000000000010001000001100001
00100100100000001000001001010000
01100000000000100100101000000000
01001000010000000000000011000000
10000000100000000100110000000100
01000010011101000000010010010000
00001000000000000100000001000001
00000000000000000000000000010000
00100010000000000100000010000001
00000000010100010000100100100010
10000000110110100010000011011010
00000010000001000110100000000011
00000001010100000100000000000101
00101000011101000010101000000010
00101000000001000000000000000000
00010010010010100001100000010000
01000000000000000101000110000000
10000000101000000000000000000010
00000000000100010000000001000000
10000000000000010000100100010100
00000000100000100000000000110001
00000000010100000001100100001100
13 27
6 1
