32 32
00000000000001000110000100100000
01000100100100000001000010000000
00000000000010000001001001000000
00000000011000000000000000000000
01000100110000000000001010000000
00000100000100100000000100000000
10101101000000000000100111000000
10100001010100000000100100000000
00100001000000000000000000000100
11001000000000001000000100000000
00000000000000000100000000001000
01000000110000000000000010101000
01000000101000001100100100000000
00001100001011100001000100010000
10000100001000000000100000000000
00000100000000000001000000000100
00000000000010100000010010000001
00100010111100000000000000000110
00100010000100000000001000010000
00000000000001000010000000001000
10100001000000000001010000000100
00000000001000000000000000011010
00001100110000000100000000000110
00000001000001011001001000001000
00000010001010100010000010000001
00100011000100000000001000001000
00010000000000000010000000000001
00000000000000000000000100101000
00001000001100000000000101001000
01001100001010001000000000000100
01000001000001000000000000100000
00000010100000001001010100000010
0 0
31 31
