28 33
100000000110000100100010000001000
010001001000000100010000000000000
100000001010000000101000100001011
101010110000010000000000010000010
010001000010000100010010000010100
011001110000000000000000010100001
010001001010001000010100000000010
000000000011000001000010101000000
011010010001000100010100010000010
000001010100010000000100000010001
011000100000110010000010011000001
110000000001001000000001000100000
001011000000000010000010000000000
100100000010010000000100000000000
000000000000000001000000001000010
001000000000010000000100000000000
110000000000000000000100000100000
000011000110011000100001010001000
000001001000000000010000000000000
000000000101010000001111001100000
001100000000000100101011000001100
000000000101000000100000000111000
001010010000000110100000100000000
010000000000000101000000001000000
000000000000000000000000000100000
000000000000000000100100011000010
000000100000100000110000101100110
000000010001001000101100100010100
4 21
24 1
