33 33
000000000000101000000100100010000
000010000000100000000011100000000
010000000000000001100000000000110
001001000000000000010000100000100
000110000000000000000000000000010
000000000010000010000010001000000
001000000000000000000001000010000
000000000010000100010011000000001
110000100000000000000000000100000
000000110000010000000001000010000
010000110000000011000001000000010
000000000001000010000000000000101
000000000000100000000000000100001
000001000000000000000000000010100
001000000000100000000100000000010
000011010000010100000110100000000
001000001000000000001100000000001
000001110000001000000010100110011
100000000010101000110000000000000
000000100000000000000000000000000
010110000000000000000000000000000
000000000010000000000000001000000
101111010000010000101001000110010
000100010000010000010000001010000
000000001001010000000000000000000
000000000000000100000010000000000
000001000000011110001100000010000
000000000010000000100000010000000
000001100000100000010110000000100
010010000000000001000010000000010
010000100000100100000010000000000
000000000000000000110000000000010
000000000000000010000000000000000
0 0
32 32
