29 34
1010101000010001101011000100010101
0100100000000111001100000000010101
0000000110000001000100010000100001
1001001011011000000000000100010000
0000000000000000000001000010000010
0000010000000100010100000000000000
0000001000000100010000000000001001
1000100001001000100000011000000000
0010000000000000010000000100000000
0010001000100001100000010000000000
1000011010010000000001100010100001
0000100010000010001001000101100000
0101100000000000010000100000110000
0001001100010001001000100001010000
0000110001011000010011001000000000
0000010001100000000000000000000001
0000000000100000001011010010000000
0100000010000100000000001110010000
0000000100000001000000000000100001
1010010000001010001000011000100100
0001001000000001000000000000100011
1000000000000000010000000000010000
1100000100000000000100010010001000
1000010000010000001000010100010000
0000100100000010010001000010000000
0000000001001100000000010010000000
1000001000010100000000100010000001
0000011000010000100000000110000001
1000110001010000000000100010000000
8 1
21 33
