34 34
0000000101000110000000000010000000
0000010000010000001000000010000000
0000000110000000000000001010000000
0110100010000100010001010100100000
0000000000010100110100000000000000
0000000000100010001000000000001010
1000000100000000000001000101001000
0000001001000100000000010000010001
0000000010000001000010100001000010
0000000011000100001001000000001000
0000000000000010110100000000011000
0010011000000000000000000000100000
0011001000000001001001000100000100
0000000100000000100000000010000000
0010000010000000101000000000100000
0000000000000000010100000000000100
0000000000001000000000101001000001
0001001001000000100100000000001001
0100000010001000000001001000010000
0000000101000001000000100001000000
0000000010010000000010111001000100
1100000000000001010000000001000000
0010000000000001000000010100000000
0000000000100100010100100000110001
0001100000011001000000010000000000
0000000010000000101000100000100000
0000000100000000000001000100100000
1100000000001000000000010001000000
0001000000000100000000100001000101
0000010000000001000000000000000000
1110101001001000000000000100010100
0100000000000000010110000000010000
0000000000100000000100000000000010
1000000010100000000000000010100000
0 0
33 33
