30 35
00000110000001000010000100000000000
00010101000010000000010010000010000
00010000000100000001000010110100000
01101000000010000110010000110000000
01010000100000000000100000000000000
01101000000000011001000010000000010
01001001100000001000000000000000000
00000101101110000000100000110001000
00000000000100010010100100000001000
10000000110100100000000100000101010
00100000000100010000000110000110000
10001000000000011100000000000100000
00000000000001000001000000000000010
01000010000001010000000000110001000
10100000000000001001010101000000011
00100000100110000011000000101101010
00001010000000000010000000100101011
01010001000000010010000101010100010
00010000101000011001101000000000000
00001000000000001000000000000000000
00010000000000000010000000000000000
00000000000100000001100000010000100
10000000000101000000010001100100000
01010010000010001000000000000000000
00000000011100101010100100000110110
10100000001110001000000010000001010
11000100011000000000000000000010000
00000011011000100100000000000100000
00011000001111001000000000000000000
01100000001000000000100001101101000
23 22
5 0
