35 35
00000000001110000001000100000000101
00000001000010010000000100000000000
10110000100000010000000001110000100
01000000000010100000001000000001000
00000000100000100100010000000000000
00110001000000000010000000100000000
00000001100000001000000000000000010
00001100010000010000010000100000000
00000010000000000000000000000000100
01000000001000011000100000100001000
10000000000000000000100000000000100
00110000000000000000000101000100000
00100000000000010000000000000010100
00001100000100001000000000001001000
10011010000001000000000001010000001
00010000000010000000000000000000001
00000110000100000001010001000000010
00000000000000000001001000000000000
01000000000000100001000000011000000
00001000100000000000110100010010000
00000000000100000000100000100000000
00000000001000000000100001100000000
00000001000000001000000000010000011
00001100000000100000000000000010000
00001000001000000000010010000000000
00000000000000001000000001000100000
00001000000100011000000010000100000
01100000000000000100010000100000010
01110100000010000001000001000001100
00000000000011001000100000000000000
00001000010000000000000000001000000
00010000001010010000000000100000000
00001000000000100000000000000000000
00001000000000000010000000010000000
00001000110000010000000010000000000
0 0
34 34
