36 36
000000000000001000000010000100000000
001000000001000100111010010000000000
001001000000101000000000011100000000
100010000001000000000000000000000000
001000001000000000000000000000000010
000000011001101111010000000000000101
001000000000010001000000011000100001
000000001000100010000000001100000000
001110000010000000001000000000010010
001001000000000000001000010100100010
000010000000000001000000010000000100
000000000000000000000000000000000000
010001010000000000000100000000101000
100000000000010000000000000000000000
000000000000000000000100010000000000
110001000110000100010000000000000000
000000000010000000000001000100000000
001000000001000001110000000000000000
001000010000000000100000000000100001
010010100100000000000000000000000000
100010000000011100010001000000000000
000010001000000000000000000100000000
000000010000000000000000000010000000
000000100000001000001100000000000000
000000000000010000000001010010001100
000100100000000000000010010010000000
001110000000000111000100000110000000
000000010000100000000000100011000000
000000000000000000100100000000000000
000000000000000001001000110001000110
000000000100100000010000000101000000
000001000000000000000010000000000011
000000001010000001010010000000000000
000000000000001000100100010000000010
000000001000000010000000000010000000
010000000000000000100000000000000000
0 0
35 35
