31 36
111001000100010000001000001000000000
001000000000001000000100000000011000
001000001011000010111000111100100000
000110000110001010010000100000000000
000001100000001000000001000110110000
000000000000000001100001000000000100
001100010000000010001001000000000000
100000001110110000000100100000000001
011011000000000000000100100110110000
000010000000000000000000000010000000
100011001010010000010100000000000001
000000000001010100001100000000001000
000010110110011000100000000000000100
001000001011110110100001000000001000
010000000000110100110000000000000010
000111000000000010100001000100000010
100000000101000000100000000000101010
000000000101000000010000010000100000
100010000000010010000010000000001110
000100000000000101110000110000000100
010000100010000001010100001100000001
010000001001000010000000000000011101
000000010010010100000100100001010000
100000010001000000110000100010000000
100000000100000000000000010100000100
101100000100000100110000010000000000
010001001001011000000000000010010000
000000101010000010000000000100010000
001000000001000000100000000000100010
000000000100000000100000000101010000
001010000000000000000100000000000000
3 30
26 4
