32 37
0000010100000000010111000001000001000
0001100001010000010010000001010000000
0010111000000100000010001001000000000
0100011000100000100100000000010000001
0110000001001000000001000001010000000
0000001000000000000000010000000000100
0100100000000000100000000000000000001
0000000000010100110000101000010000010
1000000000000000000000000000100000000
0000011000100111010000010000000000000
0000001000010010000000000001001000010
1001000000011000000000100000000000000
0000000110000000000010000100000001000
0000000010101100010000010000000000101
0010010000001000100000110000010100011
1010000000100100101010010000000111000
1101010110000000000000010000000000000
1010000000010000000000100010100000001
0000000001000010001000110110011000010
0000001100000000000010001000000000000
0000011000101000010000000000001100000
0000001000010011000100110000000000000
0000000000100000011000010011011000000
0000000001000010000010001000001100000
0000000000000000000001000010110101001
0100101010100001000000101100000000101
1000000000000000010100101010010000100
0011000100100000000010100000000010000
0110000101110000000010000000100101000
1000010011001000000100101000110001000
0001000000010001000010001001001100001
0000011000000000010010100000011001000
18 13
4 36
