37 37
0000100000000001000000010000000000010
0001000000000000101100010000011001000
0000010100000010000000100000000010010
0000000000000100000001000001000000000
0011010001000000000000000000001100001
0001000010000010001000000000000010100
0000000000000001001010000000010000000
0110010000000000111100001010000000000
1000000011000000000000100001010100000
0010000100100000001000100000000000100
0000000000000000000000000000000000000
0000111001000010000000100000000000000
0000000000000001000001000010000101010
0000000001000000100010101000001000100
0000001101000010000100000011000010100
0000000000100000000000010100001000001
0100100000000001000101010000000100100
0000000001000000000000010000011001000
0000000000010000000000010000011000001
1000001010001000000000000010000000101
1100000100100100010000000010100000000
0000000100001001101000000100111000000
0000101000000000000000100000000000110
0010000100000000010000000000010010001
0000000000000000000000100000000100000
0000000001000010001000000000010010000
1000000000100000000001000001000100001
0000010100000001000100000000000001100
0000000000000000000001000000000000010
0100000000100000000010000000000000000
0000010010000100000000100000000100000
0000000100000000110000000010000010000
0000000000000000000100001000000000000
0000000000001001001011000000000100100
0000100000000100000000001000001010000
0000010000000000000100000000000000010
0000101000100000001001000000000000000
0 0
36 36
