38 38
00000000001100100000000000100100010000
00100000000000010000000000000000000000
01000000000001100100000000100001100000
01100100001000000010000000000100000100
00000000000000000000001000001000100101
00000000000000000000000101000000000000
00000000010000001100000000000010010000
00001000010000000000000001000000001000
00000100101000000011000100000100000000
01100000000000000000001010100000110000
00111010010000001010000001100000000000
00110000000000011000000000000101000000
10001000010000000001000000000100000011
00001010000100100000001000000010000000
00000100000000010000000000010000000000
00010000000000000011001100100000000000
00011000001010110010000101100000110100
10000100000001000000100100001000100000
01100100000001000000010100000000000000
00001010000001000000010000100100000000
10000011000110101001000000000000000000
00000000100000101000010100100100000000
00000000000101000000000000100000110110
00000110000000000011010001000000000000
10000000100000000000000100110000000100
10000000000001000001000010010000000100
01000010100000010000100010001100000000
00010110000001100100000000000010000000
11000000000000000000001000000000001000
00000010000000000000001000001110000100
00000000000000000001001100010010000000
00000000000000000000100011000010100001
00010011010000000000000000000000000000
00000000000001000001101000001010000000
00000000001000001000011000000000010000
00000000000100000001000000000010000000
00100000000000000000000000000000000000
00011000000100000100000010100000010000
0 0
37 37
