33 38
00100000101100000000100000101000010011
01000100010000010000000010001000010000
00001000000010000101000000000010110000
01001011000001001000000010000000010010
11001000001000111000000000000000000010
00000001001011000000000000000100001000
01000000100000000011100110000000000011
00001001001000010000110000000110101100
10010000000000000001000011001000000000
00000001010000100000100100001000001101
00001110100111000101000000110000000000
00000000000000001001000000001100000001
10010000000000000000001000000000000000
00000100000001000000111100100000000010
00000011100001000000000000001000000000
00000000000000001000000000001000100000
00110100101001000000000000000000010000
01000000100000100100010001100000000001
00000000000011000011000001101011100010
00000001010010000000010100000100000000
01000001000000000100010011000000010001
11001000000000000000000001000010000000
00000000000100001101000100100000000001
00110100000011010000110100000000100001
10000010001010010100100000000100000000
00000001100100011001110001000000000110
01000000101001000010010000000000000000
01000000000000000001011011000100100000
00000000000110000010000010100000000000
01110001000010100101001000000110011000
00100011110000000001000001000000000000
01011000000000000001000000001000001000
01000000001000000001001000100000000010
11 32
28 3
