34 39
000100000000001000001000000010000000001
100010000010000000000000000000000100000
000100100101010000010000010000000000000
010001000000000011000011010001001000000
000110010000000100100000100000000000010
000000010000000010010000100000001110100
000101000000001001010000000010000000110
000001000000100100100010100000100001001
001001000000001100011010001110000010000
000010011000000000001110110000001000010
100000010010110000011011111000000000000
000000000000010000010110000010010010001
101001100000000010000000000100100000000
100000000000000000001000100000010001000
000000000100000001000000000000010100000
000001010000000000010000001100001010000
000100000110100000001000011001100001001
000001010010000111010000100000000000000
000000010000000000100000000010011000001
010000100110000100000001110000000000011
000101001000000000000000000001010000000
010001000000000000000000001010010000110
000000101000011010000000010000000000001
000000000110001100000000010001010000110
001000001000100000000000001010000100110
000000001100010100001100100001000100000
110101001000100101000011100000010001000
100100000000001000000000000001000000000
000000000000100000011010001000000001011
000001000000001101000000000000000011011
000001011101001010010100100000100000000
000000011010000100010000000000100001000
001000100000100000001000000100001000000
000000001101010100000001000010000000000
19 34
5 1
