39 39
001000000000000100000100001010000001001
000000100010000010000000000000000000000
000010000000000000100000000000000100000
010000000101000010000100000100000011100
000000000000000000100001000001100100001
000000000010010000000000000000000000001
101011000001000000000000100000000000010
010000000001010000000100100000001000000
000110100000110000000010001000001000100
100100000000000000000000100000100000000
100000000000000000000101000000011000010
000000010000000000001000000100100000000
000000000001010000000100011101001100000
000000000001000000100000000001000010000
000010000101000000000000001000100000000
000000000000000000110001100000000101000
000010000000000000001000000000000000000
100000001000000001000000101001000000100
000000001001000000000100000000000000000
000000001000000000001000000110000000100
110000000000000000000010000001000001100
100000000000001000001000010000000100000
000100000001010101010000000101000100010
010100010000000100000010000100001000000
000001000000001000000000000000010000000
001001000000001010000001100010100000010
000101000000010010000000000000100000000
000001000000000000000000000000000010100
000001000000000100001001000000001000000
000000000000000000000001000100000010000
000000000011000000000000000000000010000
000000000010000000000000100100000000000
010010000100010010011101000100000000000
001000010001000000101000100100010000100
000001010000010101000001000000100000001
000000000100000010000000000000001000000
100000000000000110101010001000000000000
000000000100000000000000000000001000000
000000001011100000100100100000100010000
0 0
38 38
