35 40
1000000110011000010000000000011100100000
0100000001010000000011000000000001001000
0100110000100000001000000100000000010001
0000000011000000110000010101000100100001
0001001100010100001101000000010000000000
1001000100000010000000101001100010000010
0000000000000110000010100001100000010001
0100000100010000000000001000010000100000
0010101010010010011000000010000000001100
0100001000000100001110000000000000000000
0001000000001000000001000000011011000000
0000001010001100010001000000000100010000
0000000000100110000011000000000000010000
0000100000001001011001100000000000000000
0001010010100001000100001001010010100000
1011000000000001001000001000100000100100
0000000101000010000000000001010001100000
1000001000000100000000001000010000000000
0000001001010000000110000100000000100010
0001000100100010001010100100001100000000
0000001000000000000000000100011010100000
0000100000110110000000000000010000000000
1000000000101000100000000010000011000001
0000000000000101001010001000100000010000
0010011001001000000110011000010100100100
0000000000010010010100010100000001100010
0100000001000000000000100001100000001101
0010000000010000000000000000001000000001
0000100100000000100001000000100100100001
0000011000111010000000000110000000000000
0000010000001001001000000000001010100000
0010000001010001000100000000010000001100
0000010010000000000100000000001100001000
0000010011101001110010000000000001000000
0010001000000001000001101000011000001000
18 28
5 1
