40 40
0001000010010000000000000000000000010000
0000000100000000000001100000000101000000
0000000010000001001000000000000000000000
0000000000000001000000010000000000000000
0000010000000000001000001000000000000100
0000000000010000010000000000010000000001
1000100000100000010000000100001000000000
0010000100000000000001010100000000000010
0001000000000000010000000000000000000000
0000000000001000000000000000001000011000
0000000010000000000000000000000000010000
1000000000000000001000000001000000100000
0000001110000000000000100000001100000000
1000000000000000001001000000000000000000
0000000000000001000100000001000000000001
0000100000000000000000000000100010000000
0000000000000000000000000000000000000100
0000000000000000000100000000000000000000
0010000000001000001000000000000000000001
0000000000000000000000010010000000000000
0000000000000000000000010000000100000000
1000110010100000000000000000000100000001
0000000000000100000000000000100000000000
0000000000001000100000100000000100001100
1100000000000001000000000000100000000000
0000000000001000000000000000000001100001
0000010000000000000000010000000000100000
0100001000000000000001000000000000010000
0000000000010001000001001000000000000000
0001000000000000001100000011001000001000
1000001000001000000000000000100100010001
0000000000000001000000001000000100000000
1000000011000000010001010000000000000000
0000000100000100000000000000000011100000
0000000000000000000000000000000000011000
0000000000000000000000100000000010000000
0000000100100000001000000000000000000000
0100000100000001000100100000000000001000
0010011010100000001000000000000000000000
1000000000100001000000000000100100000000
0 0
39 39
