36 41
10110001000000010000000100001000000110101
01001000000000000010000000000000000001000
00000000000001000000000000000010101101000
00100000010110000100000000000001010000100
00000000000000000100100010000000000000000
00000001100010000101000000010000100101000
10001100000000000010000000011000000001000
01001000001001000010011000000000111001000
01010000010000001001000000000010010111010
00010000010000000001000011000010010000000
00011001110000001100000000001000100110100
10000000011100000000010001000001100000000
00000000011010010001100001000001000001000
00000000010000101011001000010001000010000
00000000110110000000100000011000010101001
00000010000000000000000000001000010100000
00000000101000000000100001000100000000000
01000000000000100000110000000000000100000
10010010000000000000010010010001100000100
00100000000001001000010000001000000110000
00010001010000000011000011001000000001000
00000000100000100000101001000001100000100
11111010001000010100010000100000000000011
00000001000001000000000100000000000000010
00100000101000110000000000111000001001010
00000001000010010000000000000000000000101
00000000100001110000010000010001100001010
00000000001000010001000010100001000100001
00000000010110000001000001010010001101000
00101000010110000000000001010010010000001
01001000010100000100100000000100000110001
00000001110010000010000000100000000010001
00000110000000100011100000000000100011000
01000110000000001000000000011000001011001
10010000100001010110000001000000000000001
00010001000000000000000000010000001010000
11 6
28 40
