41 41
00000001000000010000001010001000000001001
00001000110000000000000000000101000000000
00000000000100000000000010000010000000000
10000000000100000000000000000100010000000
00000000000100000000010000000000000000000
00110010000000000000001001000000111000000
10000010000000001000000000000000001000001
01001000001000001010000000000000100100001
00000100101101001000100000000000000001000
00000001000011000000000000000000000000001
10101100110110100000100000000000000100010
00001101000000000000000000010100000000000
00010011000100000000011001100000000010101
00000000000100000000000000001010000000101
01000000000001000000000000010000000000000
00000010001100000000010000000000100000000
01000000000000000010000010000001100000000
01001000000010100000000000000100010000000
00000000000000000011000000000000100000000
00000100011000000000010000010000000001000
01011000100000000110000000000010010010000
01000000010000000000001100000000000000001
01000010000001000100010000000100000000000
01000000001010000100000100000000100000000
00010000010000000100001100000100000010000
00001100100000010010000000100000000000101
00000000000101000000000000010000000100000
00100001000000010000010000010000000000000
00000000000100000000011000100001000000000
00100000000001000000000000100000000110000
00000000000001001000100000010000100001011
00001000000000000000100000010010000000000
10001000010000000000110000000000000010010
00010000010000100000000010000000000010100
10000000011001010100000010010000000000000
00000000000000000000001101000100000000000
00000000001000000000000001000000000010010
00000000000000000000000001000000100000000
00000000001000000000100000000000000000001
01000000110000000100000100000000001010000
00100000001100000101000000001100000010100
0 0
40 40
