37 42
011000000000000000000000100000001010000011
000101100010000000000000010000010000101010
110000010100001000000010001000000000000110
000010010010000000000100000110000000001000
000100000100011010010010000000001000011100
100000000000011000000011101101000010000110
110000010000000111010000001100000001001000
000000010000000000001010000000001000000000
100000010000010000010000000100000100010000
011100001000010000001100000100010001000000
101001000001000000000101001000110000000000
000010001000000000000000010000000100000100
010000000000010000100000000101000000010101
000010000000100000000000000100000011000001
000100000000000001010011000000001000110001
001000100000001000000000000000000000000001
000101000000000000010100000100000010000100
000100010100000100110001101000000000000001
000000010010110000100000100000000101000000
001000000000000100101101001000000010011000
100000000000000110000000010110100010000000
100100100100000000000100000000000000010000
001001011000000000000001000000100000010000
000011000000000000000011000001010101010000
000010000010101100001001000000011000000000
001010010000000001010000000100011000001100
000100010100010001010000000000000000000001
100000010110000010000000000010000000110001
100000001000000010010100000101000000010000
000000000010001001000000000010001100010000
100001000001100010100111000001100101101001
100000110000010010000010000000000001100000
000001011000001010101011000100000100000101
000010000100000100010000000000000000011000
000000001000000011000000001000100001000000
100000000011101000010110011000000100001000
000000000011000001001000000010000001000000
24 25
1 4
