42 42
001000000000000001000001000000000000010000
000000000000000000000010001000000000000000
000000000100000000000000100000000000100100
010100000100000101000000000000000010011000
000000100001100000000001000000000100000000
000000010000000000010010100000000100100100
000100000000000100100001010100000000001000
000000100000100000000100000001010000000000
000000100000001000010000000000000000000001
000000001000000000100001000000000000000110
000001100000000100001001001000100000001000
000000000000000000001000000000000100000010
100000000010000000000000001100011100000000
000000011010000110001001010000000100000100
001000000000000000010000000000000000100010
000010000010001000100110000011000000000000
000100001100001010000000000000000000000000
000000000100000000000000001000010000000000
000000011100100000001000000010000001010000
100100000000001100100001000000000000000001
000010010001000000000100100000000011001000
101000000000001000000000000100000000010101
000000000000000100000000000000000000001011
000000000010010000101000000000000000010000
000000000000000000000000000000000000110000
100010000010000010000000011001100000000000
001001000000010000100000000000000000000000
000110000000110000000000001000000000000000
000100000000000000010101000011000000001000
000001100010000000001000010010000000000100
001001000000000000100000000001110000000000
000010001000100001101000000010100000000001
000000011000100000100000001000000010010010
000000101000000000000001000000000000000000
011000100000000000100000000000010100000000
000100000000000100000000010000000010000000
100000000000011000000101000001001000000000
000010000000000000000100000000000000000000
010000000110001000100100000001110000000000
100000000000001000010101100010000100001000
000010000000000010000010001000000100000000
000001000000000000010000000010001001000000
0 0
41 41
