38 43
0000000000001100100010000010000101000000000
0100000000000100000000000010100000001001000
0100010000100000010001010000000000000000010
1000000100000000000000001100000101000100001
1000100000001001010000001000101001000000000
1000010010000000000010000010001100000001000
0000000000110001010010000001000000001001000
1101010010100000110000000100000000000000001
1100000000000010000000000100000001000100000
0100100000000000100000010000000001010000001
0101000000000000011101001000101100100000100
0000000000000000101000000010100000000000100
0000000000100000000000000000000010000001001
0000000001010000000000000000010000001010101
0100110010000010000000010000001000000010001
0000000001111000010000000010100110000000001
0000101000010011000000001100100001001001001
0101101000010101000100110000100111000110000
0010010000001000001000000000000000100000000
1000001000100001010000000010000001000101000
0010000000000001001000000100000110000010000
0000000000100000010010010100100000000001000
0100000100000000110100100011001100100000000
0010000000001000100001000000100000000000000
0000010000000101000100100000000000000001101
0000000001000101011100011000000100001000010
0000000000101000000001101000100000000000100
0000100000010001001001010010010001110100000
1000010000000000010000000000010000000110100
0010010000100010000000100100110000000000101
1001000000100011001100010111100000000000000
0011000000000001000100000100000000101000000
0000000101100000000000000101100000000000000
1000000000111100110000000000000010000000000
1010100000110100001101100110000000000100001
0001101011010000011001001000011100000110001
0000000000000101000000000001001000010000000
0000011101011000000010000000010000000000000
4 35
37 0
