43 43
0000000000000000000000001100000000110010001
0000000110000000000000001000001000000010000
0000000100000000001000001010010000100101100
0000000001010011101000000000000000010000000
0001001000100000000000000000100010000010001
0000100000001000000100000000000000000000100
0100100000001000000000100010000010000000000
0000001000010000011001101000100000000000100
0000000000010000000000000000000000000000000
0000100100000000000001000000010000000000000
0000000101001000000001010000100000010101110
0000001100000000000010110000000000000000001
1001101001101000000000000000000000100000000
0000000000001100000000000000000001000000100
0000000001110010000100000000001001101100000
0110000100111010000000110000000000001000010
0000000000000000000100000000000000100001000
0010000000000010000010100000100000100001000
0100001000011001000000011000001100000010110
0000000000000001000000000000011100010000000
0000000001001000001010000001001001000001000
0000000001001000001000001000001000000000001
0000000010100001001000000000101000000011100
0100000000000000010000000100100000000010000
0000100000010000000000001000100100000010010
0000001100000100000100000010000000010010000
0000000100000001001001000010010000010011000
0000000000010110000000010000000000000000000
0001010001000100000100000010000000000000000
0100010000100000000001000000000001111000000
0100001100000000011100000000000000000001000
1011001100000000000011010010000000000010010
0000000000000001000000000100000000110100001
0100100000000010000000100000000110000101101
0000000100000011001100000000000000000100000
0000110000000000000000100001000000000000001
0000000010010001000000000000001010100000011
0000000000000100000000110100001000000000000
0011000000010001000110000010000010000011000
0000100000100010000000011000000000000000001
0100000000000010101000000001000000000011000
1010010001010100000010100100001000001000101
0001001000001000000011000000001010000010000
0 0
42 42
