39 44
01000000100010010000100110100110000110010000
10000010001100010000010011001000000000000100
00101110000001000000000100001000000000001000
00000100111000000100000000011000000001110000
01110000001000000001000010010000000000000100
00100000101001000010110011000000001000000001
00001100000000000100110001000010100000011000
00000000100100100000000010000000000100100000
11000000101000100000010001110000000100010010
00000010010001001000000100101000000100010000
01000100000000100100001010100001010001000000
00010000000000000000000101000000010000000000
11100000011011000000000000000000000001000000
00010001101011100100000000001000010000000000
01000101100001011100000000000010000100110000
01000010000000000000010000001001010000010000
00000000000111000010000001000000000010000001
00001001100000100001000110000101000010000001
00000010010000001001100100001000001110000010
00000100100100000000100000000011000000000000
01100000100000001010000011000001000001001000
01000100010010010000101001000100100001000000
00000000000000000100110000101000010001001100
00001010000000000000000000100000001100000100
11100100010000010000001000000000011001000000
10100100001010000001000000100000000100010000
00001010000000000011000010000000000000000000
00110010000001000100001000000000000000100000
00000001100000010100000000000001001001000000
00000000000000100000100100100100100100111001
01000100101100101010000000000000001000000110
00100010100000100000000110000000000000000100
00000010000000000010000010010000100000000110
01000000100000000000000000011101000001000010
00100001010010000100000010000000100000100000
01101000000100100010011000001000100001010001
00001000000100000010100110010000000000001000
00000011000101001000000000000000001000010000
00000000000000100000000110010001000000001000
22 15
38 43
