44 44
00000101000000000000100000000010000000101000
00000001000010000011100000000000000000000000
01000000000000000100000100000010010010000000
00000000010000010000000000000000000000011000
01010001000000000100001000011000000000000100
00000000010000100100000000000000100010100010
01100001010000000001000000000000000000100000
00000000001010000000000000000001100000101001
00000010000000000000001000011000010000000100
00010000100000000000001000010000000000010000
10000010000000000011000001100000000000011000
00000010101100001000100000010000000100000000
00011000001001000000000000000000001101000000
00000000000000000001000000000000010000000000
01000001010000101000000000000100000000001010
00000100000000000000011010000000000000000000
10100000000011000000000000000010100000000000
01000000001001100000010101000000000000000000
00000000000001000000000000000000010000000000
10000000000100000100011100000100000001001001
00101100000000000000101100000100000001000000
00000000010100000000000000000000100000000000
00000000000000000110001000000000000010000000
00000000010001000000100000000100100100000100
00010001000000000000000001000000010010100010
00000000010000000000100000110010001001000000
00000000001011000000000000000000010000010001
00000100000000000100010000100000000000100000
00100000000000000001000000100011000000000100
00000000000100000010100000000001000100000000
00000000000100000000000010000000000000000001
00000010000000000110000000000010000000000000
00001100001000010110000100010001100000000000
00000000000000000000000001000001000000000000
00000000010000001010000100011000011000010001
00100101000110000000100000000101000001000000
10000011110000000000100000000000011000011010
01100000000000000001001000000000000000000000
00000000010000000000010001000000000000000000
00000001100000000000100010100000000101100010
00000000010000000100000000000000000000100010
00000000001000010100000000110000000000001000
00001000000000001101101000000000000000010001
10000000100000000100000000000001000110000000
0 0
43 43
