45 45
001000010010000000100000000000000001001000000
000100000000000100000000000100000001000010011
000001001000001100000000000000000000100000000
100000000000000000000000000000000010000000000
000000000100000000000000000000000000001000000
011000010000000000000000000011000000000000000
000100000000100000100000000000000000000000000
000000000000010000000000000000000000000000010
000000000000000000010000001000011000000010000
000000000000000000000000010000000000100000000
000000000000000000000000010000000000001000000
000000001000100000000000100000000100000000000
000000010000100000000000101100000000000100000
000000000011100000000010000000000000100000000
001000000000000000000000000000000000010000000
000000000010000010101000101000100000000000000
010000000000001001000000000000000001000010000
000000000000000001000000000101000000000000000
000000010010010000000000000100000000000000000
001100000000000000100100000000000010000100000
100100000000000001100000000000000000000010000
100000000000000000010000000000000010000000001
100010000000000000100000000101100000000010000
000000000000000100010000000000000000001001100
000001000000000000000000000000000000000100000
000000000010000000010000001000010110000000010
000000000000000000000000000000000000000000000
000000000000000010010000000000100000001000000
000000000010000000100001000010001000000000000
000000000000000001000001110001000100010000000
000010000000000000000000000000100000000000000
000000000000010000001000100000000000000000000
000100101000000000001000000000110101010000001
000000000000010010000000000001000000100000000
000000000100000000000000000000000000010000000
000000100000000001000000000000000000000000000
001000000000000110000000000000000000000000000
101000100010000000000100001000000100001000011
000000000100000000000000100000000001000000000
000000000000001011100100000000001000000000000
000000000000000100000000000010000000000000000
000000000000000000000000000000000000000000000
001000000000000000010010000000000000100000100
000000001000000000001010101110000000010000000
010000000000100000001000000000000000000000000
0 0
44 44
