40 45
010000000010011000000000100000111000000100000
100000010000100010001001000100000001000011111
001000000001000000001000001000010100000100010
010000001000000000010011000000000100000100000
000000100100100000101000000000100001000010000
100001000010000010000110001010000100000000100
001000001000000000001000000000000000000010000
000000110000001100010000100000000000000000010
100101100000001001010100000000001010010000000
000101010000100011100010010100000100000000000
000000000000000000010000001100000000100010000
010001100001000010000011000001110000000001010
000010001000000000100000000000001000000000000
100010011000000000000000000000100100010010000
001001010110000000000101000001000000010000001
000010100000100001010110000000010000001000000
100000001100000100100100000001001000000000000
001110010000000000001000001000100111010000000
000000001000010000000001000010000000000000000
010000011010000100100101000100000010010000000
001000000010010000000000011001010110000010100
001100001001001000000000010000000001010000000
011000010000001000000101000100100000000100100
000000000000000001010111001000000110000001000
000000000100000001000000000000000000101100010
000110001000001000000110100100010000010001000
000010000010000010001000010101000010011010000
000011000000000000000000010010010010100000000
000000000010010100100000000100000010010110000
000001010000001011101001001010000101000010001
000000100000100100000001011000100010000000000
000100000100000001011001100000000000100000000
100011100001010000000100000000000100010100010
100010000001000000001000100000111100010000101
100000000001010000000010000000100001000000000
000000001100000110000010110000100010000100000
100110000000010100010001000001100000111000000
000100000000000010100000010010000000000011001
000101101000100000101101010110100001000010000
000001010000000100000000000000000000010000000
5 7
34 43
