46 46
0001010000000100000000000000000000100000000100
0000000000000000000000001000000011000000000100
0000000010010000000001000100010000010000010000
0000000110000000000010000000000010000010000100
0101100000100000000001000000100000000000101000
0000001110000101000000100000000000000000000000
1001000000000000000011100000010000000000001000
1000010000000001000001000000010100000100010000
0000110000000001100010001000001100100001000010
0001000100000101010010000000001000100001000010
0000100000000010000000000001000000000010000010
0000000010010100000000000000010100000001001100
0001000000000000100000010000000000001100001000
0000000000000000000010000000100010100000000010
1000000010000000010000001000101000000100000000
0011001000001000001001100000000000100010000000
0000100000000000000000000000001100000001100100
0001000010001000000000000000110100010100000100
0000000001000000000001001000001000010100000000
0001100000000100011000000000100101001101000010
1000000001100000011000001000000000000010100110
0000000000000100000000010000000000000000000110
1000010000001000001110000000100000100000000000
0000000000100000000110001100000011100000000010
1001000000000000000000000000000000000100000100
0000000000000000000000000100000000000100010000
1101001000000000000000000001001010001000000100
0100000000100000000000000000000001000000000100
0000000001001100000000000000010000000100000000
1010000010000000000000100010000010000001000000
0100000000010000000000001001000000000100010000
0001100000000000000110000000000000001000100100
0000000000010100000100010100100000010100000000
0010000000011000000000000011000000000001000000
0101000100000000000000000000000000110000010000
0100000000000001100000100010000000100001100001
0000000000010100010000000000000000111001000000
0000100011010000000000010011000100000010000001
0000010000000010000000001001100000000000000011
0000000000010010110000100000010000000101000001
0000010100000000010000000000110000000000010000
0000100001001000000011000000001000000001000000
0101000000000000000000010000100000000001000000
0000000001000000101011100000000100000100000000
0001000100010000000000001000010000000010000000
0010010000000000001000010000000101000100000000
0 0
45 45
