41 46
0000000011000000100000001000001000000000000001
0010001100000000000001100000000100010000000000
0001100000100101000000100001001000000110000000
0000000001000111001001010001100000010011000110
0001000000000100110100000100000010010110000100
0010000000001000011010000000000010000010010101
1011010010100001000000010011010011000001000010
0000000000000000000001000000000000100010000000
1000000000100000000000000000000111001000000000
0000100000000100000010100010000001000001000000
0001001001001000000001100000000000000010000100
0010000001000010001001001000000000000000010000
0000100001010001000111011000000000100001000000
0010000000001010000100100100000000010001100000
0110001000000000000000000101100010011000000000
0000011011001000010001000110000010110011100000
0000001011000100011000000010010010000100000000
0000000001100000000000111000000100000010000100
0000000101000100000000000100000010000000000111
0000001100101000000000100001000000100001100100
0100000010011100000000110100100000000110000010
0010000000000000000000001000000000000000001000
0101000000000100000001000000000001100110001000
0000100100010000000001010100000010100000010100
0000100000000001000000100000000111000100000110
1100000001000000011000000010000010100000000100
1000000001000000000100000000010001001100001000
0010001100010010000100000100001010100010000001
0000010001010010000000000000000000010000010000
0001010100000000010000000000000000000000000000
0000000000000010001000011010000100111100000010
0000001000100001000000000010001100000001010000
1001000001000000001000100001001000000000110001
0000100000010000000000001000010111000000010000
0110000100000001101000100010000001010100111000
1110000100000000000000010000000000000001000010
1000101000000000000100010000101001010010000000
1110000010000100000000010011001101001000000001
0110000000100010010000001000001010001001110000
0001100000000010000000011100000000100000000001
0101000100001001000010010000000000000101100000
5 35
32 2
