47 47
00000000000000000000000000000000000000000000000
00000000000000001100010000000100001000001010000
01001100000000000000000000000000010000001000010
01000000000011000010100000000001001001000000000
00100100000101000100000000000000000000100000000
00000000010000000000000000001110000000000000000
00000000000010111000000000000101010001000000000
00000000000010000101000000100000100000100001000
10000001110000000000000010100000000100000011000
00000100001100000000000000100000000000001000000
00000010100010100000000000000000000000000000000
00000000001000001000001000000000101000100001000
00000000010000000010000010000000000000000000000
00000000000000001000010000110100001000010000010
00000000000101000000001000010000000000000100000
00000101100011000000000100000001000000000000000
00001000000100000010010000010000010110000000000
00000000000000100000100000100001000001000000010
00000000000000100000000000010000000100000000000
00001001100000000000000000000110000001100001100
00000100101001000001000000000000001000110001010
00000110000010000000010000000000000000000000000
10000000000100000000000000110000010000000000000
01000000010000000000000010010000100000000000000
00010000000100000000100010010000000000000000101
00001100001000100010100001100000001001010001000
00100100100000000000000000100010011100000000000
01110100111100000000000000000111000000000100000
10000000000000000001001010010100000000010100000
01000001000101000000000001000000000100000001001
00100000000100000000010000000010000000000000100
11000000111010001000001011000000000010000111000
00000000000000000000000010000010000000000000110
00010000000000000010000000000010000000000000000
00100000010000000000000000000000000000010000000
00000010000000000000000100001000000100100000000
00100010000001001010000100000110111100100000001
00000000001000001000000000101010100000010000000
00000000000000010111001001100100001001000010000
00000100000000000000000000000000000000010000100
00001000000001000000001010000000000010000011000
10011000011001000001000000000000100000100000000
00000000000000000101100000000100010000000010000
00000000000000000010010000000100000010000000010
00000011100001001000010010010010000000011000010
01000000110000100000010000000000000000010000000
10001001000001000000100000010001000010000000000
0 0
46 46
