42 47
00010000100011100010100000001000000100011000000
00000100000000000010000000001000110000000000000
00000000001000010100000001000100100000000000010
00101100101000000101000001000000000000010110000
00100000100001000000011001000000100000100000000
00000000010001000000001101010001000000010000100
00001100000000100010001010010000000000000000010
00000000000010000000000000000101011011100101000
00001100001000010000011000110001011100000000000
01001011000000000010000000000011001010000000000
10000010100100000100000010001010000010000100000
11000010000001000001011100000010011100001010000
00000000000000000100000111100000110000000001001
00000100010100000000000010011000001000100000101
10011001000000010101100000000000001000000000000
00000001000000000000000010011000011010000001000
00001000000000100000100000000000100000000000100
01001011000000000000000000101100000001010001001
00001010000101001001000000000000000000000010000
01100010100110000001001001000000000000010100000
00000000010000001000000001000000000110000101001
00000010001000000011000010000001100000101000000
00000101010000010000010000000000000000000010000
00001100000000010010001001011000000000000000010
11000000000010000100000001000101110011000000000
01000000000100100011000110000000100000010000010
00000000001000100000000100000000000000010001000
00000000000100000000101010110100011000000000000
00000100000001011010000100010001010001000000100
01010011011110111000000010000000100000010010000
00000000000110001010100001101000010000010000010
00001000010000100001000000001001000000100001100
01010101000000100000100000000001000000000000000
00000000010001001000100001110000100000000001000
10001000000000001000100110100100000010011011100
00001000000100011101100000100100101000000000010
00000010000100000001100000110101100001001011000
01000000010001000000000000000100100000110001010
10001010000000000001000001011001010000001010000
00000100001001000000010000000000001000000000000
00000001000000000000100111110000010000000001000
00000000000011001001000000000000000011010000001
15 38
40 0
