43 48
001010000010000000011011000000001101000001000000
000000100011000000001000001000000000001000000100
000100000000010010001000110000000100010001000001
000000010001000001000001011110100010000000000001
100001000000001010001000001000000011001000110101
010000011010010101010000101100100010100010001000
000100000000010101001000000010000000010001001010
100000111000100001000000000000000001000000001000
111100000000000000101000000000000000000000000000
110010010000000010000000000000000000110001100000
000001000001000000000000010010000010000000000000
001000100010000100000100001101000100000110001100
000010000001110001100000000000000000000000100001
001100000010010000000000000000000001000100000010
100010000011001101001100001000100000101111010010
010001000000000001000000000001010100010000100100
000010100100000000001101011000000000011000000000
000010010000100000010010000000000000000100100110
000010000000100000100001000000000010101001000000
000000000000001011000000001001001001000000010101
000000000000110010101011101010001000010010000000
000010000000000000100010000100000000010000101000
000001101011110001000000000100100000100000000001
110001000000000000000000001000000010100000010000
000001000000010000100011100010100101000010010100
000000010101100000001100100010000000000000100000
000000000000100000011000000000001100000000000010
100000110000000000000100000000000110000000000010
000011010000110000000000100110000001001011000010
001100000000000000000000000100000001101010000001
000000010010000000000010000000100000010011000011
000000001010101100000010011000001001001000000011
000000000000010000000000000000000011100000000100
010010000000100000100001101101010001000000010000
000000001001100010010001000000100100000000000010
000101000000000000100000100000000000100000000110
100000000000000000000001001000000000001001001000
010100000010100010000010000100011001000000000010
000101001000010001000110100001111001000010000000
011100100011000000010000000001010000000000000000
010000000110000000000000000000010010101000000000
011000000010010000000000000000100001001000010010
000001000000000000100001000010000110000000100100
8 5
32 47
