48 48
001000000000000010001001000000000000000000010000
000100000100000100000000100000000000000001001100
000000000010000100001010000000000010010000001000
000000000011100100001000010000100001000100000101
000011001000100001000100000010000100101100000000
000000100000000001000000000000000000000101010000
000010010000100010000000100000000000000000000011
000000100001000001001001000000001000000010000100
000000010101100000000000000100001010100000000000
110100000000000000000000000000000000001000000000
000000000000100011000000100000110010000010000000
000100000000000100000000101100011000000000000000
010001000010100100001000000101000000000000000000
000000000100000000100010100000001000011110000000
001000000000000000000100000100000001000010000100
110100000000000101000000010010000000000101001010
001000000010011000000001001000000000011110000000
000000001000000001000100000001000010000011000010
011000010100000000001001001010100010000010000000
000000000001111001000000000000000100011100000100
100010000100000000000000000000000000000000100000
001000000000000000000000000001001010000000000000
000000000000001000000000000000000000000000000010
100000000000000001000000001000000010000000000001
000100101000001000010000110000001000010001010000
000011010000100100000001000100000100100010010000
000000000000000000000000001000000000000000001000
100000000110100010000001000000010010010100000000
000100000000000001000100000100000001000100000010
000000000100000000000001100000000000100000000000
000000000000000010010000001000000000100000100110
100101000000100000000000100110000000000011000001
000000000000100001000000000010100100001010000000
000000010010000000000000001010010100010001000000
010110101101011000000100010100100000000000111000
000000000010011000000011000010010000010000000000
000001000001000001000011010000000100000000100001
000010000001000000001000000001100000000000001001
000000100000001000101010000000010101100000000000
101010000000000000100000000000100100000000000000
000000000000010001000000100010000010001000100000
000100001100000100000000000000000000100000000110
000000000000001000000000010000000000101001000000
000000100000000000010000000100000011010000101001
100100000000001100000010000000001110000100000000
000000110000100000000100000001000000000100000100
000000100001100000000010001000000000000000000000
001010000000000000000000110011000000000001001000
0 0
47 47
