49 49
0000000000100010010101000001010000001000000010000
0010101000101000000010000100011101000100100000001
0010000000000000111000000001000001000100010110000
1010000000000011010001000010010000000000000000001
0000000100000000010001100100001010110100010100001
1000000000000000010100000000010000000000000000000
0100000000000000000000000000000000001011000000000
0000000000010100000010110000000000000000001100001
1000000011010000100000000000010000000001100000100
0001001010100110000010001000000010000010000000000
0001000000100100000000000000000000000001100000110
0110000010000001000000010000001000000000000001000
0000000000000000000000000000100000100000010000001
0000000000101000000000000000000000001100000001000
0000000010000000100000010000110000010100000000000
0000000110000000000000000011000101000000000001001
0001000000000100010010001000001000000000001010100
0000000000010000100010000000000000000010010001000
0010100000000000000101000000000000000000000000010
1000100000001010001011000000000000001001001110110
0000100000000001000010000010000001000000000010001
0001101100001000101010000000000000010010000001001
0100101100000010000000100110100000000000000000000
0001000000000001001100100000000000000000000011000
0000000100000000000000000000000100001100100010100
0000000001100001000000000000000101000000000000000
0011110000000000000001001000000010000000000001000
0000000000000000000001110100000100000010000101000
0000000000110000100110010000000000001000000100000
0000000010000000000000111000000100000000000001000
1000000000001000000010000000101000100001100000101
0011100000001000000000010100000110100000110001000
0000000001000000000000001110000000110000000000000
0000010000000000000100000000000000010001000101000
0000000000010001000000000001000000000001000001100
0000011011000000000000001000100000000000010100000
1000000000000000000001000000001000010001000010000
0000000000000100001100000000100000100100001000000
0000000000100000100000011000000000000000000000100
0000010000000011000000010100000000000000001000000
0000001010010000010000011000001000000000000000000
0000000000010000001000000000010001000000100000101
0000010000010010000000000000000000100001000000000
0000000010000010001001000000010000000000100100000
0000001000010000000000100101010000000000110000001
0001000010000000010000110100000010000000000100010
0000000000000000000000100000000011001000000000001
0001000000000001000011101011000010001001000010000
1000000010010000100000000000000000000010000000000
0 0
48 48
