44 49
0100001000000101100000100000000100000000000100000
0001000010001100000100000000000000100001110000000
0000000000101000000000000000000000001010100010000
0001001100000001100001010001100001000100110101000
0000000101000010001110100100000000000000000001000
0000000010001100000010100000000100000010000001000
0000000000100000000001100000100100000100011000000
0000010100000100001001000000000000100000000000001
0010000001000000010000010000000001000000001100010
0001000001100000010001011000010000000101010100000
0000000100010100000001011110000100000000000000000
1000110000100000000101100000000001000000001010000
0010000001000010000000010000001000000010000001000
1000000000110000001000011000011001000000010000110
1110001111000110000000101100000001101001001000000
0001000010000111000000000000000001010000010001000
0010100000000010000000000000000010000001010000010
0000001001000010000000001011100000110010001000000
0000010110000100000010100000001000000100001101000
0010110000000000000010101010000000000000000100000
0000000000000000000001000011010100000000000000000
0001010010000010000100000010001000010101001000000
1100001010100100100000010000000010001001010010000
0001000000110100100000000100000000000011010100110
0000000010101000000000001000100000000000000001000
1101000000001000100100100000000100000000001000000
0000000000001000000001001110000101000000010100010
0100010000000001011000000010000110100000000110000
0100000010000000111000000100011011111000001100001
0000000000000000000100000000100100101010001000110
0000100100011110000000001000100000000010000101010
0010100010000000010000010000000000100000000000100
0010010000000011100000011000000000000000000001100
0001000010001100000001000000000000111000000001000
0100010110010000000000100000000100000010010000010
0000001010010010001100000001000000000010001010000
1000010001000000000000000000001000000101001100010
0000000000000011000001000001000000000000111110000
1000000000000000100010000010010110100000000000000
0000001000010000111110101000110000000100000100010
0010010100010000000000000011100100000000000000000
0001001000001001000010000000010100000001000000000
0001010001000000000000010001000000000000010100101
1000100110001000010000000000000011001011111010001
40 9
3 46
