45 50
00000011000100001000000010000001110000000000000001
00000010000100100000011110000000110000101100000100
00101000010000100000001000000010000000000000100000
00001000001101000000000011000000100000000000000001
00000101000000000000000101010101000001000000000100
00000110111000000000000000110000001000000010100000
00001000000000001000000000000000100000000010000001
00000000010001100000110100111011000000010000000010
01000001100000000010000001011000000001100000001100
11001001100001000010100110001100110101010000000000
00011110110000000001000001000000001100000000100001
01000001000001000000001000000010100101011001000001
10000010000100000000000000000000100000001001000000
00000010010010000010001010001000001000001001000000
00010100001001001000000100000000000000010000101001
00000000000110100000110000010001000100001001001000
00010010010100000011010110101000100000100000000010
00100000000011000111000000010010000110000000000000
00000000000110100000001000000011000010100001000001
10011000110101000101000110000000100100000000000000
01000001000010110000001000001100000001110000011010
01000010000000110000100000000101010010010010010010
10000000000001000101000000000101000010000100000010
00000001000000000011000001010000000000101000001000
10001000000100010001000000000001010011000000101010
00000110100000010101001000000000010100000000000001
00010001100000000000000000001000100101010000000001
11000000000000000000100010001000100001000000110000
00000010000001001000100010000001010011100100010000
00001001000000010000000000000000000000001100100000
00000010010000010010000001010000100000000001000000
10000010000110000010000111000101101000000011000010
00101000000100001100001010000000000000000000110000
00010001001000110000000000000000000000000000000000
00000001001000000010000100000001001000010000000000
00110000001100100100000100001000010100000000000110
00100001000000000100100000100010001000000000000000
00000000000000000000000101100000000010000010100010
00001001100000001000100000000100000000010010000000
00101001000000100000000001000111100001000010000100
00000110000001000000010000110000000010000000100101
00000001000000000001100010010000100000001000100000
00001001110000000101101001000001000000000010000100
10000000010000001000100101000000000000001010100000
10001000000000100000000000000010000000001011001010
43 10
10 48
