50 50
00000000000000010000000000000010000001000100000000
00000001000000000000000000000001001000000000000100
00000000000001100010000000000001000000000000000000
00000000000000000001100000000000001000010000000010
00000010010000000100010000010000000000000100000000
00000000011000000000000010000000000000000010100010
00010000100100000000000000000000000000000000000101
00000000010001010010000000011000001001010000000010
00000000000101010000100000000000000100000100001010
00000000000000000010000000000000100000000000001000
00001000000000000100000000000010000100000000000001
00000000000000000000100100000000000000000000000000
10000000010000000000000000000000100000000001000000
00000000000000000000000000000100000000000010010000
00000000000000000000001000000001000000100000000000
00000000010000000100000000000000000000000000000000
00000000000000000000000000000100000000000000001000
00000000000000000000000100000000000000000001000000
00000000000000000000000000000000010000000000000000
00000000000000000100001010000000000010100000000000
00000000000000001000100001000000000000000101000000
00000000000000000000000000100010000100000010000000
00000000000000000000000000000000000000100100100000
00000000000001000000000100000011001001000000000010
00000000000100000000000000000000000000000010000001
00000000010000000000000000010000000100000000000000
00000000000000000000000000000100001000000000000000
00000001000000100000000000100000000001000000000000
00000000000000000000000000000100000100100000000000
00000000001000000000000000100110000010000100000100
00100000000010000000010000000001000000000000001000
00000000001000100001000100000000100000100000001001
00010000000001000010100000000000000000000011001000
00000000000000000000000100010000010101100100100100
10000000000000000000000000000100000000000001000000
10000000000000000000110010000000000000010010000100
00000000100000000000000000100000000000000000000010
01100000000100000001000000000001000000000010000100
00001000000001000000110000000001101000000000100100
00000000000000000000000000000000000000000100000000
00000000001000000000010000000000000000000000010100
11000000000100100000000000001000010000000001110000
01000010000001000000000000000000000001000000000000
00000000000000000000000010000000000000000000000001
00100000001000001000010000000000000000010010000000
00010000000000001010000100000000000000000000000000
00010100000100110010000000000010101000000000011000
00000000001000000000000000000000000100000000000000
00000000000000100001011000000001100000000000000000
10000000001010000000010000000010101000001000001000
0 0
49 49
