46 51
001100000000000010000000100010000000000010010000000
100110010000000000001100000000110000000000001000000
010101001010010000000100000001000000100000011010001
010001000011101001000000010011000001000000000010010
000000001000010010000001000000100001000000000000000
001000010010000100000001000100000001100000010001101
000000001100000000001000001000000110000110000100011
010000100100000001100001000000010010000000001000000
000010000000001100000000010010100010001010000000011
010000000010000000001010000000000000100000000000001
100000000001000001110000101001010010000000000000000
001000100000000000000100000000010000000000010000010
000000000110000011000000000100110111000010001010011
000100010001000000000000000001000000000000010100000
000010001000000010000000100000100000010000000010000
100011011000101111000000100000000000101110000001110
001001010000110000011000100000010000100001011010001
100010011001000000000011100000010000000000010000000
010000100000100100001000101101000000010000010000000
000010010101100001000010000001100100000000000000010
000000100010110000000101001000111001000001010110000
101010000100000010010000010000000010000000000100000
000010110000001000011000001000010111100000000100000
100000000000000000001000001000010000001000001000001
000000010001011100000001000000001000000100000000001
000000000101100101000010000000000000000100100000000
000001000000010110000100100001000101000000010100000
001000100010000011000000000000100000001100000000100
000000000000010001000000001000010000000000000010100
001101000000000100100000000000000010011010000010000
000000000010001000100110110000001000011001000011000
000011000100010100000001000000001000000000000011111
000111100010000000001001100000001000010011010010000
000010010001000001000010000010000000100010000001000
000000000000000001100100000000101000000010000100000
100100000100100000000000100010001000000100111100100
101000000001101100001010010000010000000000010000001
000000000010000010000010000000000000000000001000110
101000000100000000100010001110000110011000011100000
010010000001000000000000000000010000000110000000101
010000100000001010000000000000000000100001010001000
000110111100100000110000110000100100000000000000000
100000000000000010000000000110000000000000010001000
000100000010000000000010000100000110111010011100000
010001000001000000000010000000000000000010000000000
001001011001000000000111100000001000010100000000000
13 35
42 7
