51 51
000000000011000000000000000000000000000001100001000
010000000001000100000010000010000010000000100000000
000000000000000010001000010000000101000001000000100
000000010000000010100001010010000001001100000000000
000010010000000001000001000000100000000000001000000
000000000011010100000000001000000100000000000100001
000000001000000010110001000100001000000000001000000
100000000000001000000000000000000000010000100000000
000010000000010010000000000001000000000100000001000
000000001000000000000110001001000010000000010000000
001000001000010000000000000011010000000000000000000
000000000000001100000001000100000000100000111000001
000000001010000000010000000000000100000000001001001
000100000000100000000000000000000010000100001000100
000011000110000000010000001001000000100100000000100
000000000100100000010000000000000000000000010011000
100000000000000010000000000000100000000000000010000
001000000000001000000000010000000000100000000010000
010011000100000000000000000000000000000001001001000
000000000010001011010000000000000000000000000000000
000000000100000101000000000010100100100000000000000
000001010000000100000000000000000000000010000010010
010110000101100010001100001000010000000000000000000
000010001000011100000000001000001000000010000100000
100001000000101000000000000000000000000001000000000
000001000000000000000000100101000010010000100000100
000000001100000000000000100100000001000100000100010
000000110000000000000000100000000000000000111000000
000000010000010000000010000100001000010100000000000
000001000001000000000010100001000011000000010000000
000000000110100000100001100000000000000100000001000
000101100000000000000000000110000000000101000000100
001100000000000000111000000010000001000000000000000
000000101000000000101000000010000100001100100000000
010001000001000000001001101000000000100000000000100
010000001010000100110010000000000001100011000000000
010000001001000100000000000000010100000000000000100
000000001000001100000100011010000001100001100010000
000100000000000010011100001000100000100000000000001
000000000000000000001000100000001001000000000000001
000010101000010000010000100000001001010010010000000
000000010000000100000001100000000000000010000000000
100000000000000000000100000001110000010000000000000
010000000000001000000000000000100000000000010100100
100000100000000000001000100000000100011000000101000
000000001001010000000110000110000001000000100000000
000010010000000000110100010101000000000001000100000
000000001000001000000000100001000000000000010001000
000000000000000100001100000000100010001001000101100
011000000011000000000000101000000000000000010010000
000010000000000100000000000000000000000100000001110
0 0
50 50
