47 52
1000000000000010000101101000001001000000100000000010
1110000000100001110001000000000000000010000100100010
0010001000001011000000100100100001000001000000000000
0100000100000101010000000100000000000000000101001110
0001000000000000000110000000000000000000101000000100
1110010000000000000000001000000000000001000010000100
1000011000000010000000001001001000011000000000100011
0010000000000000001010000000000000010000000000000000
1010000010010100000100000100001011010000000100101000
0100101000100001000000000000000000001000000001000001
0101000011000001000000010000101000000000010000110010
0000100010110001000010000110000100001000001010000001
0000011000100000000101110000001000010100000110000010
0000000000000000000010000000000000000000000000010000
0000000100001110100000011000010000100011010001000110
0000001100000000000010000000000000000010010011000010
0000010000100101000000001111001100000100110001011000
0000000010000000000100000100001000000010001000000100
0011011000000000010001101000000010100110010110000000
0001000000000000000000010100001010001011110000000000
0011000100000000000101001000000110100001000101000000
0000010010001000001010000000010001101000000010000000
0010000100000010010000000100100100000000100100001000
0100000100000101010000010010000001000000000000000010
1000010000010110000011000000000000001100000100001110
1000111110000000000010001001100010010001000011000010
0000010000000000000001000010001000000011000000000100
0000000000000000100000001100011000010000001000000010
1000100110000001100000010001000000001100001000110000
0000001000000101100001000000000001000000000000011000
0000010000010001000000001001000110000100000000000000
0001000100001001000010000000000001000010010000101001
0000000000011000000000001000101001000000010000010000
0000111001110100001110000001010010010000010000000001
0100011001001000000000000100010000000100000000000001
0000010000000001000000000000000000000010000000000001
0000001010110000010010000000100000001000000000000001
1100100000000001000000100001010011010000101101001001
0010000101000110000000000000110001000101001010000000
0000101010100000100000001001000000100000100000000000
1101000000000100010010110101000001001000010100000011
0010100000001100000000000000000000001100001101010100
1001000000000000011111000001101000000000010000000000
1011000101000000000000000000001000000100010100000001
0000010000100000010001000000000000000000100000000000
1000000100000000010100001000000100000111000000000000
0100000000100000000101100101000000000110100011000000
0 25
43 45
