52 52
0000000001000000000000011000000010000000000100000000
0000000000000101000000100000000000100001000001000010
1000000000001000001000001000000100000000000000110000
0110000000000000000010000000001000100011000000000110
0000000010000000000000000000000001100100000000000101
0111000011000000100110100000000010001001100010000010
0100010001001001000000000000000011000001000101000011
0000000000000000010010000001000000000000000000001000
0000111010000000000000001000000000000000000100110000
0000000100000100000000000000000010001000000000000000
0000000000000100010001000000111000000000001000000000
0000010000101000000000101100000100010000000010000000
0000001000000000000000000000001001000001010000000000
0000010010000000000101001010100000000000000100000000
0100000100000001000001000000000000000000000010001110
0100010100000000100100010000000000000000000000000000
0100100000000000001000000000100000010000000011000100
0001000100001000000000100101000000000000100000000100
0100001001000001010000000000000010000000000101010000
0000000000000000000000000100000100000000001000000001
0100000000010000000000000000000010010001011000000000
0000001110000010000001000000111000000000000010000000
0000000010000000011100101010100010000000001000000001
0010100000010000000000000000000000000000000000100000
0000000100000000000000001010001000000010000000001000
0000000000010000010010000101100100100100100000010001
0000000000000000000000000010010001001000000000000010
0100000000000000000000100000000001000000000000000001
0000110000000010000000000000010000000000001010000100
0000010100100000111000000000000000100000100000000101
0000001000010000111000000000000100010000100100000001
0000100000000010000000001000100000010100000010101010
0000000000000000000000101000010000000110000000000000
0100001010011010000001100000000100000110100100100100
1000100000100010001000110000010000000000000000110001
0000100010000000110010001000000010010111000100111000
0000010011010000000010100000000000000000011010000000
0000000011000000000000000100000000000010001000000000
0000101000011001000010010010000100001000000000000000
0000000010000000100100000100010000010001000000010000
0100000000000000010000000000000100000010000000000000
1100010000000000000001000101000100000000000000000001
1000000000000000000000000000010000000000101100000000
0000100000100000000010100000100000000100000001000000
1100000000000000000000100100000000100000000001000000
1000001000101010000001000000100010000000000000000010
0000000000011000000000100001010000000000001000100100
0000000001000100000101000100001001000001100000000000
0000010000000001000100100000100010010000000000001001
0000000010010000000001001010000010010001001110000010
0000000000010000100000000001110011110000000000000100
0000000100000100100000000001010000000000001000000010
0 0
51 51
