48 53
00101111000000000000010000000010100001000101100000000
00000000011100000000000010000101001000001011001100000
10110110000000010000001000110000001000000000000000100
00000101000000000000010010010100000000010000111100000
01000000000000000111100000000000000000000000000100000
00000000000010000001001001000001010000000011010011010
01000000001011000100101000000000000110001000000000100
00000000101000100100000000010100001000010000011100000
00000000001000010000101001000000100000101000000000110
00001000000001001000000001000000010000000000000110001
01010010000000000000010000000000000011010100011000000
01010001010100000000010000001000000001000000101000110
00000000000110000100010100000000000001000000010001000
10100001000000000000000000110001000001010000001100000
10000000100001011000000000000000000000001001000000001
10011001001000000000010100110100100000001001000000100
00110000000000011001000011000011001011000010010001000
00000010100000100100000000010000000000011001000000000
01101010010100100001001100100000000000010011010000000
00110010010000000010000001001111010001000100000000000
10000000000000000001000100001010010010000000000010000
01011101101000000100001000101000101000000000100000001
00100000000010000010000000010000000000010100000100000
00000010001101010000110000000000101001000000001001000
00000010000000001000000001000000000011010000110001100
10000001010001001100000000000100011100000000000000001
01000010100001000000000100000000001001000000000001100
01011100001010000110010000000001100100011100001010000
10000010001000000000001000001101000011000010000001010
00010100000000010001100101000010000000010010001100101
00100100100000000010011000000000011000011100000110000
00000000000100000000000100000001010000000010000000000
00100000000011110000000001011000000111000000001000001
01000000000000000001000100000000000010000000000000100
00001010101100000000000010000001000110000000000000000
00000101000000001000010000000000000000110010000000001
00001000000100000110000101100001000100011000000010100
11000101000000000000001111000010111000010010000010001
10000010000000000001000010110010001000100000011000001
00000000100001010001000000010000000001000000000010010
11000001100000011000000000000000000000001001000001000
00100000000000010101000100000010010011000010001000100
00000000000000001100000000000000000010010000000000000
00000010000100010000010000001000000000000000101000001
00011000010000000100000001000000000000000000000001101
10111000001000011000100000000110000001000010010000000
00000100010000000101010001100000110000010101000100000
00001000001000000011000000100000100000001000000000000
3 30
41 4
