53 53
00000000000000100011000101100000000010000010100000000
00000001000000000000101000000010000000000010100001010
00000000000000000000000000100000100001000000000010000
00000000000000100000001000010000010001001000000101000
00001000000000000000000000100010000000001010000011000
00001000000000000000010000011010000000000000000100000
10000000000001000100011000001000000000010000000110000
00001000000000000100000000111000100000100000000010100
00000000010000000110000000011000000000001010100010001
00100010100100000100000010100010000000000000000000001
10000010010000000000000000100000000000010110100000000
01000000001000000000010000000000100000000000000000010
00100000010000010100000110000000000100000000100000001
00110000000010000010101000000001000000000001001010000
00000001001000000000000001101000000000000000000000000
01100001000000000100000000100000110000100000000000000
00100100000000001000100000000010000000001000001000000
00000000000011000100100000000001100001100000010000100
10000000010100000001000010000000110000000000000000000
10000100000000001110010100000000000001000000000101100
00000011000000000000000000010000000100000001100010000
00011010000110000000010001000001000011011110000000000
00000000000000100101000000100000100000000011000000110
00100010000000000001011000000000000001000000000000000
00000000000000001000001000010001000000000000100000101
00000000000000010000010001100010000000000000000000000
00000010000000100010000000001000000010000010000001000
00000000001101010100100000001100000000111000111010000
00000011101000100000010000000000000000000000000000000
00000010001000100000000000000000000011100000000001000
00000000100000001001000000000000000000000100000001100
00000000100000010101000000000011000000111000000000100
00000000000001000000000010010000101001100000000000100
00000001000100000000000100000000000000000010000000110
01001000000000010000000000001001000000001010000000000
00000000010010100000010000000000000000000000000101000
10100000000000000000000000000000000001000000001100100
00000000000000000000100100100000000000000000000000010
00000000000000001001000000000000001100001010001010000
00000000100011001000000000010000000000110010000000001
00001000000001000000000001000100001000000000010000000
01000100000000000000100000100011010000000000000100000
01100000000000010100010010000000000001000100100001011
10001000010000100000000000000000000000000011100100000
10010000000000010100000000100000001000000000001000000
00010000000000000000000000000001000101001000000100100
00000000001000000000000001000000001010001000000000000
10000010000110000000001000001100000000001001000000000
00101100100000000000001000000010000000010100100000010
10000000100001001001000000101000000010000000000111101
00000000001000100010000010100000000000000000000000000
00000000001011001100000110000100001000000000000000010
00000001000100000000100000000100000010000000000000000
0 0
52 52
