49 54
000110100000001010100100100001000010100000100000000100
000100110001010000001111010100000000001010000101101000
010110000010000011001100100010000100001001000010011000
001000011000000110010000000000000000000010000000000000
000010000011100010100100000000000001000000000010000000
000010000010010100011011000111000000000000000000000011
000010000110100100000000000100000001000000001000000000
010000010011000000000001000110000000010000001000000010
010010000000000001000000001010001001010100010000000001
010000000001000010000100000000001100000000100000000110
000010100000010010000000000001100100100010000001010000
000000000000000000001000000110001000001001000000000000
000000000000000010000000011000101000001010000000001001
111110010010010000011001000001000000000010100001000001
000100100000001100010101011000100001001100010011100001
100001001000000001000001001000000000000000000000000000
000010000000000000010100010001011000100001100010000000
010000000100100000000110101000010000010000000000010100
000000001000000000100000000010010010000011100100000000
010100000000000100001000000100000010000001000010010000
110001000100010100000100000000010000000001010000010000
000001000000000010001000000000010010001000000000000010
000100000010100000001010000001001000100000001100000000
001000011000000100110100100000010000000010010000001100
000000011000110010000010010000100001000000000010000000
000000000000001001010000000101101010110000100001100100
100010000100001000001000000101001000110001001100001000
000001001000001000100000001000000010000000000000100000
000001000001000000000100000000000101010010000001001101
000001000000100000010010000010000010010000000000000100
000001010001000000100000000000110000000000100000000000
000101000000110000000000000101010000000000010001000100
001000010101000010000100101000001000101100100010101101
000000000101010010000000000100000100001000001100001000
100001001000001000100000011000001001100001000110000101
001110000000000000011000000000100010000010001000000001
000000100000000001000000000000000000100000001101001110
010000000000010001011010000000001100000100110100000000
000010001000100011110000100000000000010010000000001010
000100100010000000010000010010001100010000000001010100
000000000000000000000000000001000001101101100000000001
000001010110000000000001000011000101000010000000000000
000000100000001000000000001100000001001001010100000000
000001000100000000001001000011010000000000001000000000
000011011011100000010001000000010001000100000000000010
000010000011000100001001100110000000000000000110100000
111000011001001001000000000000000000110110000000100000
000000000000011000000000010000000000101000000010010000
110001100000000000000000000000000000001000001110000011
17 5
42 48
