54 54
000000010101000010000000000000000010000000000100000000
000000001001100100100000000000000010000000000001000000
000000100010000010001000000100000000000000000000010000
000000001000000000000000000000001001101000000000000100
000001101000000010001010000100001000000000000000000001
010010000000010000000000001000000100000010000000000000
000000000010001000100000010000000011000111000010000001
000000000000000001010000000000000000000001001000000000
010010000000100100001000000000000000001000000000000000
000000000100000000000001000000001000001000000000000000
000000000100000000000000000010000000000000001100001000
001000010000100000001000000101000000000010000100100110
100010000000001001100001010000000100100100000010000000
000000000000000011000100000000001000000000011000110000
110000000100000001000000000000000000000011000000000000
000000000000001010000010100000000000010000000001101000
000000001000000000000000110000011001000010100000000000
000000001000100000000000000000100101000000000001000110
010000000101000000001000000000000001000000000101010000
001000000001010000000000000000000000000000010000010010
000111100000000010001000010001100001010000011000010100
010101011001000000000000000010001000000110000001001001
001000000000000000000000100000000000000000010000000000
001000000000001000000000000001101001001000000000000001
000000001101100000000000000000000100100001000000000000
010000010000000000000000001000110100010000010001011010
000000000010010000000100110000001000010000000000001010
011000000000000010000000000000001010000000100000000011
000100010100000000100100000110000010110000000000000010
000000000000000000010100000000000001000001000000000000
000001010010101000000010110001011001100001010000000011
100001100001000000001110001100000001000000010000000000
000100001001100000000000001000000000001000000000000000
100000100000000000001000010000000000000000110000000010
100000000100000000000000000010100000000000000000000000
010000000000000100100100010000000000000000010000000110
000001100100000000000001000101100000000000000100001010
100000010000000001000100000000000001000000000001000000
100000100000100000000000010000000000101100100001010000
100010110000000000000001010010000000000100000000000000
000100110010101110000100000110100000001000000010010000
000100000101000000000000000000000000000000000000000010
000000000000000001001100000001001000000010000101100000
100000011000010000001000000000100000100100000000000001
010110000000000001010000000000000001000100000001000000
000100000001010001000000000100000000000000010000000010
000010000001000000100100000000000000000101001001000000
000100010000000000110000000010011010000010000000000000
100000000000000000000000000000001000010000011001000010
000000000001010000100001101000100000000001000001001000
100001000001100010000000001000000000010000010100000000
000000001000010000000000000000001100000000000000100000
000100010000100000000000000000010000000100000001000010
001000000000010100101110000010000000001000100010000000
0 0
53 53
