55 55
0000101000000000000001000000000100000010000000000101000
0111000000010000000000000010000110010101100000001010111
0001111000010000000000000100000000001010000000001000000
0010000000000100100011000000000000000000000000000010000
0110001000001000110000010000001100000000011011000000000
0000001010000000100000000000000000000000000000100000100
0001000001010000100110000001000000010000000100000110010
0010001000000000010100001000000100001000000101001110000
0000110001100000000100000000001000001010000100000100000
0000000100000000000000001000101000000001010000000000100
0000000101000000000001000000100000001000000000010000000
0000000101001000001100100000100000011010010000000010000
0000100000100000010000001000000000010000100000000000000
0000000000000000000000010000000000000010010000101000000
0000001101001010000000010000000000000000000000000000000
1000100000010101101011011000100000000000000000000010100
0000000000101000010011001000000000000000000000010001011
0000100000000000010000000000000000000110001000000101111
0000000001000000000100000110000011000010000010100000100
1000000010000100000001001100000100001000000000000010000
0000000001011100001000000000001000000000000000000100000
1000000000000000010000000110000001000000000000000000000
1001000010000001010000000000100000000001001010010000010
0100000001000101000000000011101000000001000110010000101
0011000000110010001000000001010000011001010000000000000
0000000001000000001010000010000100111010010010000000000
1001010000000001000010001000000000000000001001000001011
0000000000000011000010100000000100000000100100010000100
1000000000000000000001000000100000001010010000010000001
0000000000100000000010000010000000100100000000010000010
0000000000011000010000000010000000000000010000010000010
0000000000000001000000000000000000010000000000000000001
0000100000010000000010100000010000000000000000000000001
0000000000011100000100000000100100000000010000000000000
1001100000000000000000010011000000000000010010001010010
0001000000000000000000010010100000000000100001001000000
1000000001110100001000000000100000000000001000010000000
1000000000011000010000000000011000000000000000100100000
1010000010010100100010000000000100000000000000000100000
1100000000110000000000001000000000110100000010000000000
1000101000000000101000001000000001100001000000000000000
0000000011100000100000100000100000001000000000000010000
0000000000000010000000001100100111100000000000000000001
0100100100100001000010000100000010000110000010000100100
1000000000000100000000001100000000001100000000000000000
0101000001000000000110000000000010000000000010010000010
0010000010000000000000010000010001001010000010000000100
1000000000001000000000000000001100000000000000000000000
1100010010000000100000100000100000001000100001000000100
1000000000001010001000101000000000001001010100001001000
1100100000000000000000011000001000000000001000010001000
0000010000110100000000011000000001000000000000000010000
0001100001000100000001100001000010001000000001000000100
0100000010000000010000000000100010100001000000000000010
0010000101000000000110000000000000000001100000000100010
0 0
54 54
