50 55
0000001101001100000100011100000000110010000001001000000
0010000101000001101000000010100100001000000010010000010
0001000100000000011001001100000100010000000001000000000
0010001010000000010000010100000010100010000010000000101
0000000010010000000000000000000000000000010000001010000
0010000010100100000000000000000000000000100000000000100
0100000100000000000000110001000100000000010000000100000
1000010000001001001101000001000001010000000100001000100
0100011000000100000000000000100000110100000011011011000
0010010000000000000010000000010000000000111001000000000
1001000000000100000001100100100000001100001100010000001
0000010001100100000000010000100000000000001001011001010
0000000000100000000011000001011000001000001001001100000
0100001010100000001011000010100100101000010000011000000
0001101010000001010010000000000110000100100111000010010
0100000101010100001000000000010000000001110101010000000
0000000000001111010001011000000000010010000000110100000
1001001001000000000000100000000100000000110011000010000
0000000101000000000000010100001001100001000000001000000
0000000100000010011010000011000100000011000000100011000
1010000010000100000010000000100000101010001000000100000
0000000001001110000110000000001001100100000101010000000
1001000000010011000000000001100001000000000000000100000
1000010010001000000000001000000000000010000000001010000
0000000000100000000000000001001000000000001000000000001
0000100000001101000000000000101101110100000000100100001
0100100000100001000001000000011000000001011000000010010
0000000000000000000001010011010100100100100100000010010
0100100100000000000000000000000000000100000001000010000
0000010001000000101000000001100000001001000010000000000
0100010100000100100010010100100000000000101000001110001
0000100000100000000000000101001010110010010000000000001
0001000000010010000000000100001000001100011001001100000
0100000000001000100000000100000000000001000100100000100
1100000000100000000000000010110001010000110000000001100
0000011000000001000010101011000010000001000001000000000
0000000001010010010010100010010000000000101001010000000
0110100000000100100000001100000000011010000010001111000
0001010100010101110000010000000000001010001010001001001
0000000000001000000001100000001010000000100001001010010
0000000010000000010000000001000000000100000000000000000
0000000001100101100000000000010000000000101000111000000
0010000000000100000000000011000100010000100010100000100
0000000101010100000100000000010010010001100001000100000
0000100000001000000011110000001000000001000101010001000
0000110000000001000000000000000100000010000010101001100
0001010000100100000000010000010001100000000000110000010
1000010000010000001000101000000000000000000000100010100
0000100000010000000000000000110000100000010100010100001
0000010001000100010011001000000001001000000000001000010
1 14
43 53
