56 56
00000000010000000000000001000000000010000010000000000000
00000000100000000100001010100000000100100000001000000000
00000000000010011100010100000000000101011000000000000000
10010000100100000000010000010001010000101001000001000000
10000000000000001000000010000000001000010000111000000000
00000000000000000000000000000000100001000000010000000110
00000100001001000000011010100000011000011001010000100000
01000000001000000001000001001000100000001000010000000001
00100100000000000000010000000000010000000001010000001010
00000000000001000100000000000000010000100000010010010000
00000000010100101000010000010000111000100000000000000000
10000000100000000000010000000000011001000000000001100000
10000010000100000000000110000000000000000001000000101010
00000000000000000000100000000000100111000000000000011100
01000000000000100000100011000010010010000000000000001000
00000100000001100000000000100000000011000010000000000000
01001100000000000000000000100000000000101000001001000000
00000000000000010001000000110000000100001001000000000110
10100000000000011000000000000000000000000100000000010000
00000000000000001000010000101001110000000000110000000000
00000000000000100000100000010001010001100000000000000000
00000100000000000000000001000100000001001010000010000000
01000100000001000000000000000010000100000000000000000000
01010000010000000000000000000000100000000000100000000100
10000000000000010010101000000010001000000000000011000000
00001000100100000110000001000010010010000001000110000010
00011000000000000000000000000000001000000000000000001011
01000111000000000000000000001000000000010000000001000000
01010000010010100000001000000000000001001000000001000000
00000000000010101001001010000000000000000010000000001000
10000000000001000000000100100101101100100000000000000000
00001000100100000000000010010000010000000010001100000000
00000000000000001000000010001000000001001001001000100000
00000100100010000011000100000000000000000000001000100101
10000000000000010100100010000010000110000000000000000000
00000000010000000000001000000100001010000100000000000010
00100000000010000100100000000000110000000100010100000011
00000001001000011000001000000000000010010000000000000000
00000010001000000001000010000000001000000100000001000100
00010000100100000100000000000000000101000000000001001000
00100000000000000001000000001000000000000000100010000000
00000000001100000000000010101000100000000010000000000000
01000000000001000000000001000000010000001000000000000000
00000000001000000000001000000100000111000010000000000000
00000001000000010000000110000000000000001000100000001000
00000000000001000000000010100000010000000100000000000110
00001001010000000000001100000000000000000100000010000110
01101101000000100100000000000000000100000100100000000110
00101000000010000000000100010010000000001110001000100000
00000000000000010000000000001000000000000100011100000000
00000010000000000000000000000101000000001000001000010001
00000001010000000001000110000000001000000010000000000000
00010000001000000000001001010000000001000000101010001000
10000100000100100000010010101001000000000000000110100000
00100000001010000010000000000000000100001000000000000101
00000000000001100000010001010000000001000100000111000100
0 0
55 55
