51 56
01001100100001110000000000100010000000000000110010000100
00010001000000001000000000000100001000000000010000010010
01010001100000000010000000110101110010000000100010000000
00000010000000111010010000000000001010110000000001000100
00100101101100010000000100010000000000000100011000000001
00000010000000000000010001001000100100000000000000001000
00100010000001001001110000001000000001000010000000000100
10001000000001000000010010000000010000000001111000100010
00001010011000111000000000100000000000000000101010000000
00001000000000000001000000001101000100000100000000000110
00000000000100110000100000000001000010100001000000001000
00000011100011000000100011000000110010000000000000001000
00111000010100000100000001100000100000000000000100000011
00000100000000100010000000000000001000000001001001110101
00000001000000000000000100010000110010001000001000100010
00101100000110000000001100100000010000000010000100001010
11100001100010110000000000000000011000001000010000000000
00010000000001000010110010000100000100001000010000000000
00000110100001000000001100000000000000000100000100001000
10000000010010100010000000000000000000011001000010010011
10001001000000000000000101000010000101010010011010000010
00000000001000000010000100000000000000000010000000000010
01011001000000000000100010000001000010000100011000000000
00011000010000000000000000100100000000010010010000010001
00000000000010000100000001000000000001000110100000000010
00001000000010010000000010000100010000101000000000000000
00000100000100000001000100000000011000100000000110100010
00000001011001000000001000101101001001000000110001000000
00100001000101010100010000000100000000100000000000000000
10000001100000100000101000100000000100000000100000000000
00000000100011100000010000100000000000000111000000000111
00000000110010000000000110010000100000100001000000000000
01010000001000100000000100100000000000100001101001001000
00100000010000000010000001000110001010000000011100001101
00000000000001010000101000000000000000000000000000100000
00111000001000001000100001010011000100010010100000100000
00000111000110000010010000000001100000000000001000000000
10000010000000100010000010100110000010000010011011100000
10000000000001000110000000000010000000010101000000000000
00000010000100100100010000000000000000001100100000000000
10000000000101100001000000110000000101000000000101100000
11001000000000011100100001001000100110000100010000000010
00101000000010000001000010010010000100000111100000000000
00000100010000000100000010001000100010000001100001111000
01111110000000000000000100000100011000100000000100010000
00111001001110000010010001001000000001010000000000000000
00010100010000000010000101001000000000000000001110010001
00001000001001000000000101001010001101000000000000110001
00001010000001000100111001000101001000001101010000010001
10100000001000010000110010100000010000000100000000000100
00000101010011000000000000010101000000000101000010100100
1 1
46 44
