52 57
100010100100110100000010010001100000000000001000000000000
100000100000000000000000000000000000101010000000000010000
000001010000000000001101000000010001001100100000100100000
011000001010000100000001000000100000000110001010000001001
001011000001010000100000000000100100100000000000000110001
000001000000001010000011000000000000000000100001010000000
000000000100000010100000000001000010001010010000001001001
010000100000010000011000000000011000000000000000000011000
000100010000000000010001100100100000100001100010000000001
000000010001001000100001010000110000001000000011000000000
100000010000000010001101101010001010000000001010010010111
000001000100011000000000000101110000111000000000000110100
010110001000100000000000000000001000100000111000000100000
000000000110001000101000001100000001110101000000111000110
000000000000011000000000000001010001000000011000011100000
000110000000001000000011000000000001011000001001000000000
000000000000010000100011000001001000000110000011000010000
001000010000101100000000000000000000001010010101001001001
000000100001001000000101000101001100000000000000100000010
000000010000000000000000100100000000000000000110000100001
111001100110001000000010000000001000111010000000001000000
100000000100000001001001100000001000000000001100000001001
000000000000001110101000010111001000010100010101010100110
000001110000000000000000100000000001010001000100000000100
000010010000010000000000001100010010001000000100100001100
100011000100001000000001000000000000101101001001000000000
000010101000000000110010001011000010100000000001000001011
000010100100000100000100000000011000000000000100001000001
000000000001000011100100100101000010001100000100100000001
000100000000010010001011100000100000000000000001010000000
000000000000000010000000001000010000000100001001001101000
000100000110000010000010010001000000100010010000000000000
000000100011100000000001010100001011000000010011001000000
100000010000000000100000000000001000011000000000001011000
001000001001000100001100000000000000100010000100100100100
000000001010000100000000000000100001000010000000000100100
000100101000000100000000011110110000000000100000001000000
000000000001000000000101000000000001010100101000110000000
001111001000001100010000010000000001000000100000000100010
000000110011001100010000001011000000000001000000001000100
001010001101000000000000010100100001000100100001000000010
000000000000000000010000100001010010000101001000001000000
010000000001000000010010001000000010000000001101001000000
000001000000001000000001001000000101100100000000000110000
010000000010110000000000101000000000000001000000001110000
000100010010000000000011100000000000000001000000000000011
010000000000110110110000000000010100000000000000000001000
000000000000101000001100010000000010010010000010010000110
000100100000001000000000000010000000001000000000001010000
000100000011000000010011000000001000100100000000000000000
010000100000001000000001010110011000000100010000010001010
000101000000001000000010001101110011000000000001000001100
4 29
50 0
