57 57
000000000010000010001000000000000001110000000000010000000
000000110100010000000000000001000000000010100000010011000
101000000000000000001000100000000000000010000100100000000
010000000000000000000100000000010000000100000010000000100
001000001000001000000010000001000000000000001010001010000
000010000000000000001100000000000000010000001000000000100
000101000001000100000000000000001000001000100000000100001
100000000000001000000000100000001000001000000001101001001
000000000100100000100000000010000000010000000100001100010
000000000000100000000000000101010000000000001001001100010
010000010010000000000000000000100001010000000000000000000
000000000000000101000001000000000000000000000001000001000
000010000000000100100100000001000010110000000000001000000
000000000000010000000000010100100110000000000000010000100
000000000001000001010000000001000000001000000000000000000
001000000111010000001100100110010000000000000100000000000
000000001001000100000100001001000000000100100100001000000
000100000000000000000100000000000000000000000000011000100
000000001000000000000010000000001000010000110000100010010
000000000000010001000001000010000000000000000000000000001
000001000000000001001001000000011010001000001000000101000
000000100000000010001000000010001000000011000000000000000
000000010001000000001000100000001010000100001100000000001
100000001000000000000000011000011000100000001000000100000
010000000000000000000000000000001010010100101010000000001
000000001000100100001000000100000001010000101000001000010
100000010010000000000000000000001000101000010000100001000
010000000001000000000010010000000100000000000100001000001
000100000000000000000000000100000101000010001000001000001
000010001000000000000001100000000000100000101100000000011
000001100101000000000000000010000111100000000010000000010
000000001010000010000000100000010001000000000010001101100
000000000001000000100000000010000010100000000000000010000
000000000110000100000001101010000000010000000010000001000
010000000000000000000011001100000000001000000101100000010
110000000000100000000100000000000000000000000000100000000
000000000001000100000000000000001000000000000000000000101
000100100000111000011000001000000001001000000000010001000
010010000000000010010100000000010000100000000001000001010
000000000000000000000000100000000100000001000000000000100
000000011010000000000000010110100010000010000000001000000
000000000100000101000100001000000100000000001000000000010
000110000000000010000000000000100000100000000010000000000
001010000101000000000000000000000000000110000100000101000
001000000000000000000000010010000101010000000010010000000
100000000010000010000001000000010000000001000010101000000
001000000100000000000000000001000000000001000000011100000
000000000001000000100000000100010010000101000000000010001
000000010000010001100000000010100001000000001001000100000
000000000000001000110000000010000000000000000010000110000
000010100000010000000000000000000000000001001010000000000
000100100000010000100000010100100010000011000000000000100
000001101111010000000001101000000000010000010000011000000
000001100000000000000000010100000000101010000000000000000
000010000000000000000000000000000100000100000001000010000
010000000000000000001000000001100000000000001000000001000
000110000000001000000000000000000000000010001000000010010
0 0
56 56
