53 58
0100000000000011000010000010100000010001000010010000000000
0001000000101100000001001000100100001000000000000000000001
0001011000000010100101000001000001100000001001000000110001
0100100100000100000010000010100001000010000000000100111010
1101000000001000000000000000100011100100100110001100001000
0010100001000110100000001101010010100011000100110000000000
0100000000010000010010100000000000001000100000011000000001
0000000101000000000001010001010000101010100001010101000101
0110010010000001000000101000010000000000000000110000000000
1000000000000000000011000000100010000000000001000000010001
0101000000000001100010101000000010000010000001001111000001
0000100000101100000100100010100010000000010010000000001000
0100000000000101000000101001000000001000101000110000001000
0000000010000000100000000010000010000000010000010000001010
0010100011000000000000000000101001000001100000000100000000
0001100000010010000010000000100001000000100000101000000100
0100010000000000100001000010000010000000000000100000110000
0000000010000001000001000001101000001000000011010000000000
1000000010000001000010000010000000000000001000010000000100
0000000110000000000000001000010011000000001000010100100000
0100000010000100001000000100000001001000000000000010000001
0000101000100010000100100000000100000000011100001000000000
0000000100000000001000011100010000001100100100000000001101
0001001011010100000000000110011001000101000000100100000000
0000011110000010000100001000000000000001101010000000001001
1110001000001010000000010000000000000001110000100000001000
1000010000000000000010000100000100000000111010001011010000
0010000000000000000000000000010100000100100000000000010001
0101000101001110000000100010000100010000001000010010010000
0000001000000101010101000000110100000000001000011100000010
0100000000000000110000000000011000010011000000011010000011
0001110000000000000100000000000010000011000000001000100001
0000000000010000010000000011011000000000000000010000000000
0000010110010001000100000010000100110000010100101010000000
0000010000000100000010100110000010000000100000000000100000
1100000000010100000000110000000001001000000000000011000100
0000010001000010000100000100000000100001000100000000010011
0001000000000000000000010011111100000000000001100001000100
0000001000001000010100100000000000100000100000010000000000
0000000000000001100110000000000000000010000001000000010100
1100001000000000000000000001000010100010000001000001001000
0010000000000000000000010000000001000000010100000001010001
0100010000000000000000000001001010100000000001000100000101
1000010010000110001110000000100010010000000001000010000000
0000000000000010001000010000000000001011000000001100000010
0000000000010000001001001000010000000010100000000010000000
0011100000000000000000001000110101000000010000100001000010
0001000100100000101101000001001111100000001110000000000000
0110010000001000000000101110100000100000000011100000101000
0000100001010000000100000001001001100001001000110100010000
0010101000000000000001010101100010000010100000110100000000
0000000010100000100010000000010011000000000000001110110100
0000011010001000001001101010000001100010000000010100000110
33 32
6 2
