58 58
0000000010000000000010000101001100000010010000000100100000
0100000100000010000100000000010001001100000000000000000000
0000001000000000000010000000000000000000000000000000100000
1000000000010000000000010100000000000001001010000000010000
1000000000000000000000010100000100000000000000000000000000
0000000000110000101000000100000000001000000000000000000100
1000000000011010000000010100000000000100000100000000000000
0000100000100011000000000000000100000010000000010000101000
0000100000010000010000000010100000001000000001100000000010
1000010001000000000000000000010000000000100000000000000000
0000100100001000000000000000100001000000000001011010100001
0000011000010010000000000001000001000000010000000000000001
1000000100000011001000000010100001010001000010100100100000
0011001000000000010100000000001000000001000110101000000000
0000100000100010001000000000001000000010100000000000000000
0010000000000001000000000000000000000110000010000000010000
0000010000000000000001000000000100000000000000000000001100
0000001001000000000011000000100000000100000000000000000000
0000000100000000000000100000000010000000010100101011010000
0000000000000000010000000000000111000000010000000000001100
1000000100000001100000011000000000000000000000100000000000
0001000000000110101101001000000000100010000010000000001000
0010000000000000001001001000000001000001000001001000000100
0100000000001010000011101000000100000000000000000000000010
0100000101100010000000000001001001000000000100000000000000
0000000000001000000000000000101000000000010000100100010000
0000010001000011000101001010000100010001000000000000100000
0000000000000000000000000010010000011000001000000000000000
0010000000001010000001000000001010100000000000010100001001
1100000100000000000000000100001000000001001000000000000000
0010000010001000101000001000000000000010100110000001000000
1010001000010001000000000000000110000010000010000100000001
1000001000001000100000000000100100000000000001011000000110
0000010000000111011000100000000010010100000001010000010000
0000011000100000000000000000000001000000000000000001000000
0000100000001001000000100110010100000000101000001000100000
0000000010001000001000001000000000100000000000000010010001
0101000000000000000000000100000100000001000000000000001000
0000100001000000000000000001000000000000000001000000000000
0100000000101100000000000100001001010000001000101000000000
0000001000000000001100000000010001000000010010100000000010
0000000000000100010000000010110100000100100001000001001000
0100001000010000000000000000010101000000000000000000000110
1000000000100000001100000100101000000000010000001000101000
0000000100000101000000010000000010000000000010000010000100
0000010000010101000000001000000000000000001010100000000010
0000000000000000001000101000000000000001001000001000000001
0101011000010100000110000000000000000011100000000000000110
0000000000010000000000000001000001000001100001000001000010
1000000000000000000100000000100000000010000000101001000011
0010100000000000001000000000001010000001000000000000001100
0000000010100100001000000100000001100000010001000000000000
0000010000001010000000010000000010000000110000110100000011
0100001110001000010000000001010000010000010000011001000000
1100000001000100100000000100100100000011000010000000000010
0000101000000000000001000000000000000000001000001001000001
0000000000000001000000000000001000000000001001000000000001
0000001110010000000000000000000000000000000000000000001000
0 0
57 57
