59 59
00100010001000000100010010100000100000000100101000100001000
00000000100010001100000000000010000010001010000001000000100
00000000000011000000100000011001000000001000000000000000000
00000000010000000010000000000000101000100000000000011000000
00000000000100000010100000000010000001000000000000000000000
00000000100000000001000010000000001000000000110010000000101
00010101100000011000000110000000010000000001000000000000100
00100000000000000010000011000000000000100000100010000011000
00000010100000100000000000000100000000000000001000000000000
00010000000010000000000100100001000000000100000000000100000
00000000000100000000001000000000000000000000000100000010000
00000000001000000000000100010001100100000000000000101100001
00000000000000000000000010101000000100000000001000010010000
11000000000000000000001001000000000000000001010010001000000
00000000000000100000000001000011000000111000000010000000000
00000000000010010100000100000000010110000000000110000000100
00000000100000001000010100000000000100000000000000000000000
00000000000000000000000000010000000000000000011000101000000
00001000100010000001100000000001100001000000000001000000000
00001000101000001011011000010101010000000000000000000000001
01000100100110010010010000000000000000000010100000000000100
00100000010001000100000000000000010100000000001001001001000
00001000000000000000001000100000000100000000001100010000000
00000001000000001000000000001101000001000001000000101100000
00100000000000000000000000000000010000100000000010001000001
00000000000010100000000000000000100000010000010000010000100
00000100001000000000000000000000000011001100000000000001000
00000010000110000000010000000010000000000010010000010010000
01010001000100010010000001000000000010000000010000110000000
01001110110000000001000100010000110001000000000000001000010
00000000000000000000000000001001000000100000001000010001010
10000000000000000101001010000000000010000000000001101000000
00000000100001000010010000100001110001000000010000010000000
10001000000001000000000000100000000010000100100000000000100
00001000000001010000100000000011011001010100010000000010001
00000010000010000000000000110000101001101001000110000101000
00100000000000000000000100000000001000100100000100000100000
00000000010110000000001000100000000000000010000001000000010
00000001010100001000000000000000000000000010100100000010000
00010000000001000000011000000000110000000000001000010010100
00000100000000000010000100000100000000000100000100000011000
00010000010000010000000001010000001000000000000100000000000
00100000000000000011011000000001000000000001100010000000000
00000010000000000000000001000001111001011000010000101000000
01000101000000100010010100010000000010100000001100000100100
10010001100111001000100000000010001000010000000000101000010
00000000010001000000010000000100001100000000000000000000000
00010000101000000001000000000000000000001000001100000000011
00100000000001100000000000110000010000010001000000100000000
01100000000000100110010010000010100100000010110000100001010
00000000000000000010000001100000001000000010000000000000000
10000000000001010000100000100000000000000000000000000000000
00000100000000000000000000000100000000010010010000000001010
00000000000000000000000000000101010001000000010000001010011
00000110000000000100000000000000000010100000000000100000000
00000000000000010000010000001000000000000110101000110001000
00001101010000010000001000000010001000000010001000000100010
10000000000000000000000001000000000011000000000001000000000
10010100000010011000100011000000001100001011000000011000000
0 0
58 58
