54 59
00010000100000000000010100000000000010010100001100000100001
00000000000000110000000011001010000000010001000000000100000
00000000100100010000011000011010000000000010011101000100000
00110000000110001011111000000000001000001110001000000001011
00000000000000010001100001000001000000010100000000100010100
10100010001000010000010000000000000100010001110010000000000
00010001000001100010000000000001010000000000000110000011010
11001100001000000001100010100000110000000001000110001110000
01001000000000000100100000000000001100000000000000000010001
00100000000001000000000100000100000000001000000010101110001
01000000000000000000000110110000000000100011000001000000011
01001000000000000000000100000010000110000101000110001001000
10000000010101010100000000000000110000001000001100010001000
00000001000000000000001000001000001100001000000000000000010
10000000000000000011010000010000000101000000000000000000000
01010100001000000000010110000000001011100010000001000000001
00100000000010011010010100000000100000010000010001000000001
01001000000000010010001001000000011000000000010100110000010
00010100000000000010000101000001000000100100000000000000000
10001000000000000010100111000100001011000001000000000000000
10000101001010000000000000000001100010100000000000001011010
00001000000000000100101100100110111101000001000001000000000
00000000001100010000000000000000100100100000000000100000110
10100100010100000010000100000000000010000010000100000001100
00100000101000000110000100010001000000000100000000000100000
00000000001001000000000000000000010010000100101100000000000
10010100000000001000001000001000000100110100101000000010000
00000000001100000110000010010010010000100100001100000000001
00000000000000100001000000000000000100001011001101000010000
01000000010000000100101000000000000000010000000101000000000
00101000010000000110001001001010000100000000001010000001000
00000100000101110000000000000010100100000100010000001100001
11000000100110001000000000000100001000000000000000110010000
00000000011010001100000000010000011000000100001000110100000
00000110001000100000010110000100010110000000000010000100000
10001001000000000011010000000010000001000000000010000001000
00001110001000000000000101000000000000000000000100000001000
00110110001001010000000001010000000011000000001000001011000
01100010000000000000001011100100000100011000000001000000000
01010000000110000100000001010010000010000001000010000100100
00001100000001011001000000000100000000000000000000000000010
00100100100000101000100000000111000000001100000110000000000
00011010000000000000000111010110001000001000000000000100001
00000111001000010000100001000000000010001000000001000000000
10000000011001000000100001000000111000101001010000000000000
10110000001000001011000000000010000001000000001011101000010
00001110010010000000000010010000000000000000110100010000100
00110011000100000001100011000001100100000100000000000000000
10000110000000001001001001001011101110000000001010010110001
00000010001010000000000010110000000000000100000101000010000
00000000000000010000000000000000100001100000001100000001100
11000101100011000010000000000001000001001000000000000000001
10000000000000000011100100000000000010100001101000110000000
00101101110000000010000000110000000010100000000000001010110
42 21
0 54
