55 60
000001010000000000010100001011000000001100010001000110010010
010000010000000000010100000010001000100000001100000111000001
100110000000000100010000000000100000010000000100000000001000
000000011000000000000000000110000100000000001011000001000001
011000000000000001001110000011000000101000010011000000000000
001001100000000100000001000011010000000001000100000001010001
000001001000010000100100000000001100000000000000000000000000
110100000001000000100001010000100010001000000000001000000001
001101010000001010000000000110000010010001000001000000000100
010101000100000000010010001000000110000101000000000000000010
001000001100100010100000010001000000000000000000000000010100
000100000000010000101000011000000010100000100000001010111010
001110000000000000010010000100001000000000000100110000001001
100101000000000000000001110010100000001010000110100000000000
010000001011011100000000000100000000010000010011110000000000
100001101000000000000000100000001000000000100000001000000000
000000100000100000010000000101001000100000101000100000100000
000000101000100110000000000000001100011100000001001000011000
000000000000000000010110000000010000001001000000001100001010
000000000000000011000111110000001100000000000000010000010000
000000100010100000010000000101000001000000010100000000000011
001110000000000000011100010000110000000100000100010010010000
001110010010010000010001000100000001011000000000000000101010
100011100100000010010000000000000000100000000000000000000001
100000000001000101100000010010000000100000100000000011000000
000110001001000000010100000100001001100000000000110000010101
000000000010000000000000010000000000000000001000000111011100
001000000001000000000000000101110110000000000110000100000010
000000000110001001101001000100000010000010101100011000101000
000010000000000001100100000010100000000010000001010000010000
000000000000100100000100100100000010000001000100000000000100
011000000000000001000101001000100000010100000000010100010000
000001000001100000100000101000010001110000010000001100010010
000000000000010000000000000000001000001011100000010100010110
010000000110000000101100100000010001000010000000101010000010
110100000010110000100000001101000000010111100011010000000000
001010110001000000000000111011011000000000001000100000011010
000000000000000000000000000100000100000000010001000000000100
010100100010000000011110001100100001010000010100100000000000
000101100000000001000000100000000000000000000000010001011000
000000000101000001000001100100000100001100000000000000001001
000001001000010000010100000010000100000100010010000000000000
001100000110101000100000000011000000000010010100000010000000
010000100100000000011001101000110100100000110010010011000100
000001000001000011010101010000000000000001100010000000010000
010000010000010000100001000000100100000000010000001000001001
001000100000000000000000000000010000001000001000000000010010
000000000001001000000100000000100100000100010001000000011000
000000100000000100100000000001001001001110010001110101000101
000100000000010000010000010011000010001011000001100000100000
000000000110000001000011000000000010000000000100001000000000
000000000000000001000000001101000000101000100001000000010000
111100000000000000000000001000101111001100000000000011000000
110101011000000000000010000000000000000001000000010000000000
100001000000100010000011100000000010110011000000010000000000
0 9
51 58
