60 60
000100010000100000010000000100000010000000011000000000000010
000010000000000000000000000000000000000100000000001000011100
000000000000001000000000000100000000000000001000001000100000
000000000001000000000000000000000000000000000001000000000000
000010100001000010000000000000000000000010010000100000001010
010000000000000000000000010000000000000000000000111100100001
000000000000000000000100010001000100100000000000010000000000
000001001000000000000100010000100000000000000000000000000000
000000000000000000000000000100001000000000000000101001000000
000000000001000000010000001010000001000000000010000000000000
000000100000000000000000000000000010000000000000000010001010
001000010000100000000100000001000000000000000000001000010000
010000000000001000000001001000000000000000000000000000000000
000000000001010001000000000010000000010000000000010000000000
100000000000100000000001010001101010000000000100000000011000
000000000000010000000001000000000110001000000000100000000000
100011001000001000000010000000000000000000010000101000000000
001100000000000000000001000110000100010000000000000000000000
000000010000000000000000000001000001000000100000000000000100
000001000000010001000000000000000000000010001001001000000001
000000010000100000000000000000000000100100000000000001000110
000011000010000001000000001000100000000000000000000000100100
000000000000000011000011100010000000001000000000000100000000
000000000001000001000000000000000000000100000000000000000000
000000000000000000000000000010000000010000000000000000000000
100000000000000001000011000000000000010100001000000000000001
010100000000000000000000001000000010000000000000000000000000
000000000001000000010001000000000000011000000001000000000000
000000000000001000000000000100000100000110000000010000001100
000100000000000000110100000010000000001000000000010001110000
101000001000000000000000010101000000011000000000000000010110
000000000010010000000011000000010100000000010000001000000000
010000100001000001000100000000000101000000000000000100000000
000000000000001011000000001000000000000000000000000000000000
000000010000001000000000100000000000000000000000000000000010
000000000000001000100100000000000000000000000000010000000100
000000000000100001010010000000000000000000000000000000010000
010100000000000000100000001000000001001100001010000000000000
000100000000000100010011010000000000000000000100000010100100
010001000000000000000000001000001000000000000000000000000000
000010000000000010100000001000010000000000001000000000000000
000000000010000000000000001000000000100000000000000100000001
000000000000000000000000000000000000000000000000000000100000
000100000000000000010000000000000010000000110001010000010011
101001000010000000000000000000000000000000000000100010010000
000000000000000000000000000000000000000000000000100000000000
000000000000000000000100000100000101010001010000001000000000
000000000001000100000000000000001000010000010000000001000000
000100000000100000000000000000101000000000000000000001000000
100000000001000000000000000111100000000000100000000100000100
001000100000000000010001010000000000000000000001000000000000
000000000000010000100000000100000000100001000010000000001000
000000010000000100000000000000000000100000100000000000011000
000000010000000100000000000000000000000000000000000010000000
000000000100000000000000000000000000000000000000001100000000
100000000000000000001000011100000000000000000010100000000000
001000000000000000010000001000010100000000000000000000000100
000000000000000000100010000000010000001000000000000000000000
000000000000000000000000000000000000100000000100000000000000
000100000000000000000000000000100000000000000000010000100100
0 0
59 59
