56 61
0010000000000000000000000000000000000001010000001000101001001
0000110001101000000000000000100000000001000000001010000000000
0110000000100001110100000000000010001000000001001000000000110
0000000100000110000100000000000000101000000000000000000010010
1001101100000000000001100000000000001000000011000100001000000
0000000001000000000010000010000001011100100001000000000001000
0000001000000010111000010010000010010000010001000000000001110
0001001001100100011010000100000000000100001000101000000010010
0100010000000000101000000010000001010000011000010000100001001
0101001000010000101001010010001001000000000000000011101010000
0010000001000100000001000001100010010000000011100000100011000
0001000000001001000000000000100100000001010000011000000000000
0000000000000000000001000000000000000000100010100010000000000
0010000000001011000111011010000000011000000000100110110010100
1000001001010000100000000000000000001000011000000011000000000
1100000000011000000000110000100000000000010010000000110000010
0000010000110000000000110001100101010000100000000000000000001
1001000000011000000101000000100010000000000000000000010000000
1100111000001000001000110001000100000000000000000000001001010
0000001100000001000000010000000000010000100000000011001001100
0010000000000100000110000000000100001000100110000100000010000
0100000000000100000000000010110010100100010000000000000000010
0000100000001000100011000000100000010000101000100000001000010
1010000100001001000000000001100100000100000110001000100000100
0100100000100100110000010110000100000000000100000010000000000
0000000100000000001001000000100000000000010000000000000000000
0011001001000000000010000000000000000001000111010001101000000
0000011101000000100100000000001010000100000100100000010000011
0100100000100000000100000010010000100010000010100100010001000
0000000101001000000001000000000000100001000001010010000100101
0110000010000010000001000010001000000111100000000110000000000
1001000000000000000010000000100000100100000001010000010000000
0001010000010000000000000000010111000000000010000000000000000
0110001000001000010010000100001000010001000001000000100001100
0000010101000000100010100111100110010000000000000101011000000
0100000000000000100100000001101101101000000100100000000010110
0010010011010000111001100101010000000000000100010000000000100
1000000001010000000000001100010000100000010100000011001010010
0011000000000000001100110000101000001100000000001000000000001
0000000100100010000100000000001100010010001000100100001000000
1001101100000111000000000001100110001000000000001000000001101
0000111001100000000000111010100000001110111010000010000000000
0000010000000000001100000101000010010101010100100010000000000
0010100000001000000000100000001000000100000000100000000000101
0110000100010000000000000000001000001010000010100000000000000
0000000000000100000000000100100000000010010000010000001000001
0000100001100000110110100000000000010000000011010000000000000
0100010100010000000000011000000000010110110010100001100001110
1000000100010000000000000100011000100000010000101100000000000
0010000000010010000000000100001001000000001000000011101100000
1000110000110000100100000101010010010000000110100000000010001
1000100000010010010001000000000001000100000011000000000111100
0001010100100010000000000110000000001011000000000000010000101
0010100001100000010000001000000000000000000000110000001010100
1000100100000000001100000000000000010001000000000001000000100
0010000000000000001001101000001000010000110000100001100000001
7 60
46 5
