61 61
0000100010000101000011000000101000010010000001100010000000010
0001000000100000000000100000000000010000000000000000000000100
0000000010000000001000000000000000000000010100101000001000000
0010011010000100100000000010000100001101010000000000000100010
0101001001000000100110001010000000000000000110010000000010000
0011000010000000110000010000000000010001000000100010000001000
0000000001100000011010000000000100001000000000000000011000001
1001000001000000000000000000010000001000000000000000000000000
0000010000000000010000000000010000000000000100000000000000000
0101000000000001100010000000000000001111000000000000100000000
0000000000100000000100000100000000000000000000100100000010000
0000010000100010000000000000001001000000000000000010000100000
0000000000000000001110010000000000000001001000111000010000000
0001000000000100000000001000000000100000000000010000000000000
1000000000000000100000000000000001001000000001000001001001010
1101000100010000000001100101010010101001000010100010010010000
0100100010011000110000000000000101010000000000000000101010100
0000000100000000000000100000100000000000100000010000000000100
1100000000100000100000000000000000010000000000000010011100001
0000000011000101000000000101010010000000000010010000000000101
0001000001000010000000000000000000000001000010100000000000100
0000000000001000001010000000000101101000000000001010000000100
0000000000100000000000000000000000000000101010000000010101001
0010000000010010010000000000000100000000000000000001000010000
0001001000000000000010000000100001000000000001000000000000011
0000100000000001001000110000000000010001000000010000100000010
0000000000000000000100101000000101000000100000000000000010000
0000000000000100000000000000000000000000000000000000001000000
0000000000000110010001000000000010100100000010100000100001000
0010001001000001000010010000000000001000110101001000001010101
0001000000010000001000000010001000000000000000100000000001010
0000010000010001000000000000000010000000000100000110100001000
0000000001100000000000000000000010010100000000000100000000001
0000000010000000110000000000000000001100000110001000000101100
0100000001000000000110000101001100000000100000000000000000100
0001101100000011001000000100000010000001000000000000000000000
0010010000101000100000100010000101001010000010100000000000000
1100011100000000010101000000000010100000010001001000000100011
1001010001000000000101000100000000000100000101000000000010000
1000000100000000000000000101000000100000000000011100000000000
0000000110000000000001001000000010000001000010000101001010000
0100000000001000000000000100000100100001010001100000100110010
0000010100000010100010000000000000001000001101010010000000000
0100000000000000010000000001010001000000001000000010000010011
0001000000000000000010100000010000000001000000000000000000000
0000000101000100010000000000000110010000000000010000101000001
0000000000000000000010000010000001000100000000000000010000000
0000010000000000000000101100011000010000001000100000000000000
0000000000000000001000010000000000000010010001000100000001000
1000100000100001000000000000000001000010000000000000001001001
0001000000000000000011000010010000010000100000000000000000000
0000100000000000000100000000000000000000000010000000011010000
0000000000000010000000000001010100000000000000010000010001000
0000001000100110001000000000000000100100000010000010001101010
0001000100000000001000000001010000001010010000000011000010000
0100000000010000000001100001000001000010000000000000000000000
0000000010000000000000000000100101000000000000000000000000000
0010000000000000000001000000011100001000000010000000000000000
1000100001000101000001000010000110000000000000000010001000000
0000000001000000010000001001000101000000000000000000100001010
0001001000000010000000010000101000000000000000000100100000100
0 0
60 60
