57 62
00100001010010100010000000000000001000010011000100000000000100
00000001010000000000000000001100000000000001000000000001001000
11000000110000010000010010000000000100001110000100100000000000
10000000010000000001011001000010001001010010010000000000100000
10100010001100010000000000000100010000001000001010000000111000
00100101010001000000010000000000000000000010000010001000000001
00000001000110000000001011000000100000011110111000000000010010
10001000000000000001000010100010000010010100000000001000001010
10010000000101000011000100010000100000001111000000100010010000
01000001000000000100101011010000100000000011000000010001000011
01000010000100110110100000000010100100000010000100010001000000
00000000000010000010100110000010010001001100011101100001000000
00000000011010000010100000000000000011000100010000001000000111
01000000101000001000001001010000010000000000101010001001000100
00000000000000110000011000101001010000000110010010000000000000
00001000001000001001000000010011000000000000110000000101001100
01011110000000011001000110100000000101001010000011001001101000
00000001000100000000001000110001011000100000010000110100000000
00100000000000000100000000000000101000010000001010000000000000
00000000000010000010100101000100000010000001000100001000010000
00000000100010010010110001010000000000100011100000010011010001
01000000001000000000001001110000000000010000010000000000000000
00100010000101000000100000010001000100000000000100001000101000
00010100000011010001000010010001001000000001000010000000000000
00000000000100000010000000100010100001000001010000000001001100
00100000101000000000001000000000000010100000000000010100100001
00000010001000000000000000011101000000100000000000100000010010
01001000000000100110010000000011000000001000100101010001001000
00010001000000000000000000000100000000000001000000001000100010
00100010100010000011000011000001000000110000100001000101000100
00010110001000001010000010000000000000000000000001000010010100
10010001000000110000000010000001000001000000101010001100010000
01000000001001000100001001000000111100000000001000010100000000
01100100000000100101100000000101000000001000001101000000000010
00000001100011100000000100100000000000001010010000011011000100
10000000000000100010000000001010001000100010000001001001000000
00001000000001000110010001000010010010000000010000010010000101
01010001001010000000000010010000010100000000000001000100010000
10100000000010010000000000000100000000001000001000000100001010
11000001000000000010001000000001000001000010000000000000000000
01011000000001010000000001001001000100000010000010000000000000
01000000010101000010000000100001000000000000000000000000000000
00101010010010000000000000110000000010000000010100000010000000
00100001100000100010100000000100010011001000001001001000000010
10000101100000010000000100000100001000001010000000001100010101
10100001000100001000001001000110001000000010000000000010110101
00001000101101011000000000000000101000000001100000000000000000
00000001000000000000000100100000001001100100000001001001000010
00000101010001101000001000010000000000010000011000100010001000
01110101000000100000000010001000010100001010000010000100100000
00000000001000010010000000101000000100000000000010001011000010
11000000000000000000100010000000000000000000010000010001101101
00101001000000000010110000000000000100000000000000000100000000
10000000000110100000000000100101000000100010011010000000000100
00000001100000000000000000000001110000001101000000001001001000
00010100000000100101000000000000010010010000010100000010010001
10001000000000000000000100000100000000101000000000101000010010
49 8
4 55
