62 62
00001000000001001001001100000101000000100010001100000000000000
00000000000000000010000001000000000000001000100000001000000000
00000000000000011000000000010000000000000000000000010000100000
00000000000010000001000000010000000000100000011010000001000001
00000001000000000000000000010000000000000001010001001000001011
00000000100000100001101000000010001000001000001000001000000110
00100100000000000000010000000001000010000001000000000000000010
00100100001000000101000010000010001001010100000010000000001100
00100100010000000000000000000000000000000001000000001000000100
00001001001000000001000010000110000001000000000000000000000100
00010001010000000000000101000110000100000000000000101010110010
01000100000000000000010000100001000000000000000100000000000000
00011000000000010000100000011000011000101000010000100000000100
01000000100000000000000000010100000000000000000000000001000010
00001000000000000010010001000000000000001000000000001000000011
10000000000100000000000000000000000000100101000101010000000000
00000000000100100000000001010000000000101000001000110000000000
00000000000000000100000000100010000000000000000000000000010000
00011000000110000000010100000000001001000011000000000000000001
00100000000000000100100000000000000010000010100001001100110100
01001001110000000000001010100000010000110001000000000100010000
01001000000100000110000110000000000101001001100000001000000010
00000111001000000010001000000000000000000111001000000000000000
10000100000100000000010000000000011001000000000100000000000010
00100000000010000000000000000100000011000000000000000100000000
00000000100000000000000000010110000001110000001000000010100100
00010011001000100000000100000000000000000000000000000000000010
00000000100000001100001000001000000110000100110100000100001001
00010001000000000010000000000000000000010000010000010010000001
00100000001000000100100110100100010010100000011000000000100001
00000000000000011000110001000100100000100000000001001001010000
01000000000010010110011000000000000100000001000100001001001000
00000000000000000001100000001000000000100001001000000000001000
00000100010000100000000010001000000010000000000000000000001000
00010000000000000000001000100000000000100000000000011000000000
00000001000000000000110001001011000100010000000000000010001000
00000000000000000000000000000000100001000010000100000000000010
00000000000011000100001010000010000000000000000000000001000010
01111000100000100010000000000001000000001000000000010000111000
00000000000000000000001010000000000010000100001010100000010000
00001000001000000000100010000000000000000000000001000000001000
01010111000010010000000000100000000001000010000001000011100001
00000000000000000000000001000000100000101000000011000000000001
00001000000010000000000000000100001010001000101000001001000010
00000000000001100000001000000001010000010000000000001000001000
00000000011000000100100011010000001000000011000000001100010000
00000000000000000000000000000000001010100000001000000010000000
00010011000000100010000000010010000000001000000000000000100001
00000100001100000000000000000000001001010011000000100000000000
10001000010000000010000010000000100001000000000000000010001000
00001010000100000000000000001001100110000000000000000000000101
00000001000010000000000000000010010010000000100000101000000010
00000101001101000000000001000000001010010000000001000001000000
00000000000001100000000000000000000010110000010000000000000010
10000101100110000000110100000010000000100101000010001001001001
00100100010000100000000000000000001001001001000000100000001000
00000000000001001000000000010001010000000000001000000000000000
00000000000100001001000000000000000010000000000000010010000000
00000000000000010010000101000000100110000000000010100010100000
01000000000100010000000000000000100000000000010001010011000000
00100000000000100100000000000000000010000100001000000000000100
00000000000001001010001000000000010000001000100100000100001000
0 0
61 61
