58 63
010000010011000000010000001000000010010010000000011000000001000
001000000000000000000100001000100000101000000000100011001000100
000000010000100000010000000010100000000000010001010000000100110
000100000000100100000101000000000000011000000101001000000001000
000110001000000001000000011000001000000001000000000000001010001
000000010110000100000000000000000011000000000011110000000100000
110110000010000000100010010010010000100001000010000000100001000
000011010010000000001101000010100000011010011000000010000010001
100000000100001000001010000000000000000110000000110000101000100
000010001010001000000001000000000000000000000001010000010000101
010010000001000100100100010110000000000000010000000100000100001
000000001000110000110000001000000000000000000000010010000000010
000010101100100000100000001000011000100000000101110000000010000
100001101000010101000000010000000100100000101011000011000000000
000100001000000110010000001010000000010010010010000000100000000
000100100110000000010000001000000000000000000000000001000000011
000100101000010000000001000000000001000000110000000000000000010
001000000100100000010100000001000110101000000001000001101010001
000011000000100100100000001000000001000000000111000000000010100
001000110000001010000000000000000100000000001001001100000000010
100001001010000000000000000001100000011100110000100000001000110
100000000000100000000000000010000010000010000010101000000000001
000010000000010000000100100001000000110000000001001110110010000
000000000000101000010000100010000000010000100000000000000110100
011000000010000100000000000010010000000000010000001001000000001
000110000000000000100011001000000000100100100000001000010000000
000010000000100000101011000000000011100101010000000000010000000
000001000000001100001000000111001000000010000000100000101000000
000000000101000011001010000000110010001001001011000010100000000
100000100000000001000000010110000000010001000000010010100000000
010010001000100010001000000000000001000000000000000001110100000
001000111010001010110000000000000011000000001001100000010110000
010000011010010001010000000000000000110010001000010100010100011
001010000000000001000000010000101110001001000000000000100100010
000101011000000100101100000000011000000000000101010000000000101
000100000100010001000011000010000000010001000001001000100000001
000000100000000010101100001000000000100000100001010000001000010
000000000100000000100100000000010000001100000000000110000100000
000001000000011010000000000100010001001011001001000011000100000
100001000110001000000110011000000000000000000000010000110010100
000000000000010000001111100000000000000001100010000000100000000
010000000000000000000000010101100000001000001000001010000101000
001000110000000010000000010000110000101000001000001000001010001
001001010101000000000000100110000001000100101001000000000110010
100000100010000011100100011001000100001000000100000010001000000
000110000000000000000000010100100010000000000000000010000110100
000001010001000010011000111000011000110010001000000000000000000
001110000010000001000010000000000100000000100001001000010000011
110000000000000000000000100000100100001000100110100010100001000
010001110000000001000000010001100000001000001111000000100100000
000000000010101100001001000010000000001000001010000000000010000
110001101000010000000001011000010100000000110000000010000010000
000000100100001100000000000011100010000000000001000000110000000
000001010000000100000000001000011101001100010000000000010000000
001000000000000001001000011000000001000000110100000000000000011
000100010111110000101000001100100010100000000000000000011100000
001000001001000000000000000000000000100000110010000000100100000
000000000001010001001010011000000000001000000010010010000001000
45 11
6 58
