63 63
000000001100000000000000000000001000000001110000100000010101000
010011000000010000100001000000001001000000000000000100001000000
000001000000001000000000000110110000000010000001000000100000100
000100100001100000010000000100100000100000000010000010010000010
010000100100100000000000010100101000000000001010000100000000100
001010001000001000000010100000000000010011001001100000000000011
001000000010001001101000000001000010000000001000000000000000000
001000000110000000001000000100000000000001010010000100000000100
000000000000000001011000000000000100001000000000000011011000001
011000101010100000000000000000000000001000110000001000000001000
000000001000000000000000001000100010000000000000010000000000001
100000010000010001000000000010000000010100000100001000000000010
000010000000001000000000000000000000000000010000100000001000110
000100000000000000000000000000000000000001000000000000000100001
000001000000000000000000001001000000100000010000000000000000000
000010000000000001000100001000000010000000100100000000010000000
000000000001001000001001011010000000000000010000000010000000000
000010000110000100000000000010000000000001010000000000000000100
000000001010000110000000100100000100000000010000000011100000100
010010001000000000000000000000001000000000000100000000000000000
010000000100000000000000110001000000001000000000010000000000101
100001100001001000000010001001000000000000000000000000001000000
000000000000000010010010100000001000000100000000001000000010001
000000000000010001001100000000000000000001000000001000000000000
000001000000000000000000100000100000111000000010100000000001000
010010000001011000010001100010000000000100000001100100000000000
000000000100000000000000110000010010000001000000010000000000000
000000000010000010011110101000000000010000100000000000001000000
000000001101001001000001000000100100000000100000000000000100001
000000000000000000010000000000000000000000000000000100001100001
000000000001000100000000000100001110000001100000010000000010000
000000110010001000000100011000000000000001000000001001110000010
000100001000100010001000001010000000000001000100001100000000001
000000000000000001000000100100000000000100000001000100000000100
000000000101000000000000000000001000010000000100010000000000000
010100000000000000100001000000000100110100010000111010000000010
000000010000001000000100010010001000000000010010000000000000110
100000000000100000001000000000101001100010000110100100000000000
000110010010001000000001001000000100001000100000000000001000000
011000010000000000000000000000001001000000000000010010000010000
010000001011100110000001100010100000000001100000010000000100010
110000001001100000000000000000000010000000011010100001000010000
000010100000000010000000000000000000000000000000000001001000000
110000000000000000100010000000101100000000000000010000000000000
000010000010000000001001000000010010000001100010001000000000010
000000000100000000110000000000000000000000000000010000100000000
000101100010000010100000010000000000000100000010010100000100011
000100100000000110001000000001000001000000011000010101110000010
000100000000000000000010000000001000010000000000010001000000000
000000000000101100000000000000000000000110000000000000000000100
000000100100000000001000000010000000100011000000001000100000000
000000001000001001000100000100010001000100000000010000000000000
000000100000000000000011000000000000000100000000000000001100000
010000010000000010000000000000000000000000010000000100010100000
000000010000000000010010000100000100000000100000000000101001001
000000000001010000110001010000100000111010010010001000000010010
000001101000010000000000001000001110000010100000000001000000000
000000000000000000000000000000110000000000001000010000100000001
000100001000000000010000000010000100010011000010100000011000010
000000110000000000001110000000010000010010000000100000010000100
000000000010000100000000000000010000000000000000100010000000000
000000001010000000100000000100010000001000010000011101000000000
000010010000000000000000000100010000010000010011000000000001010
0 0
62 62
