59 64
0010010000100000001000100100110001000001000001000010000101101000
1010101001001001100100000100001000000000100000110001000010000000
0000000001000000011001000001010000100010000000000100100000000000
1010100000001000011010000010011000000100010010110000000001100010
0010000000000000000000000100101010001100100000000100101001000001
0000000000001000000000101000000000001000000001001000000000010001
0001001001101000000000000000001110100100010010000001000000011000
0011100000000001000010011001000000000000000010101101100000011000
0010001000000000110100000000110000000000000010001100000000000000
0000011100100000010000100000000001001000100000000000000010000000
0101000000000000010000000000000010000000000111001000000100000010
0100100011000001000001001000001000000000000000100010010001001000
1100001000001010100000001100000000001000000000100000110000100000
0000000000000000000110010000000011000101000010000001011000000000
1010001000000110000001001100100010001110000000000000011000000010
0000100000000010100000000001100000110001000100000010000000000100
0100000001011000000100000000000010000000010000001100001010000001
0010000001100001000001000101000000001011000001000010110000001010
0000100010110000000001000000011000100000000000000000000001001001
0100000100110100000010001000101000010100000000000001000000100001
1110000100010000000000000001000100000000000010000000000001010100
0000010001100010000110000000000100000011001000010000100011001000
0000000000000000000001000001010000101001001100010000000100000110
1000000001001100101000000000000000000000000000000000000100100100
0010100001000100000001000101011000000010000010000000000000101000
0000000000001100011000000000000000000010010100100000000000000000
0110000000000000000000000010001000000000000000011000000011100000
0000000100100100001100100011000010001100010001001010000000000010
0000000000011010000000000001000000000000011000100001010010000100
0000000001010010101010100000000000010001000011000001000001000100
0001010000100000000110000000000001110000010010000000000000100001
0001000000110000000101100001000000010010000001001110101000011001
0001000001000000110000001000010000000001001010000001000001000001
0100001100000000010000000110010000000000010000000001000101100010
1110101000001000000010000111000000011000100100101000100100011000
0000000000010000100000100001001000000001010000001000011000001000
0000010010001001001001000011100100010000000000100100100000100001
0010001110001001000001100101000100001000010000000000000001000000
0010010000000000010010010000001010100000010000001010000001000000
0011100000101011100100000000000010001000100001100000000001000110
0100000100000000000010000000010000100101000000000000000010000000
0000000000000000010101010000000000010000000110001011000001000101
1000000000000000000001001100010100000000010100010000010100100010
0001001000000000001000000001100000000000110000101101001000000001
0001010001011000000011000001001001000010101001000000010000010001
0000000000010110100001000001000001000011010000010001010100001001
0110000000010100110000010000010000001000000010000001000000000000
0100000010000001010000010000010000000000011000000000100000010010
0000000000000000000000100001000001000000001000001000001000111000
0000100000100000100001001000010011100100000000000000111001001001
1000110100000001100000000000000000100010100011010001000000000010
0010000000001100000001000000001001000000000100001110001010000000
1111100000001000000100000000000000000000001000000010100101001010
1000001000100100001100000001000100000000011001000010000010000000
0000001000000000000000000010000001000000000000100010001000000100
1010000000000000010000000101000000000000110001000001001000000000
0000100000000000001010001010000000000100000010001000001000000100
0000001110000000010000010101000000100000001001000010000100000000
0101000100000000000001000000101000000001010001110000001000011000
29 28
50 61
