64 64
0001000000100000001000011000100000100000000000000000000000100000
0000010001000000000010000001011000000001001000000000000000010100
0100001000000001000010000000000010000000000000000100000000010010
0000001000000000000000001000000000000110000000011000001000011010
0000010000000000000000100000010000000010000000000000000010100010
0000000000000011100010000000000000000000001101001001000000001000
0100000000001001000001000000000000000000010100000000000000000001
0001101000000000000000100000000000000000000100000010000000000000
1000000000000001010010000000000001000100011001000000101001000000
0000010000000110100000001000100010000000010000000000000010000100
0000010000010000010000000000000000000001000000000000001000000001
0000000000000110000000000000100000000000011001100010000000000000
1000001010000000100000000100001000001000100010000000010000000010
0000000000000001100011001000000000000000100100000010100001110000
0000010000000000010000010010010000110100000000010001000000000100
0000010000000000000001000010000001000011001000001000010010000010
0000000000000110000000000010000010000000000010100000000000010100
0100001000000000001000000000001001000010000000000000001010000000
1010000000000000000000000000000000000010000100000000000000000001
0000000010000010000000010000000010000000000001010000000001000000
0001100000000110000100000000000100000000010001100000000000100000
0000000100101000000010100000010001000000000000000000000100000010
0000000001110001000001010000110000001100100000010000000101000010
0001110010000000000000000000100000000000000100000000010001001001
1000001000000001111010000000000000010000000000000000000000010000
0000001000000100000010010001100000000001010000100000000000100000
0000000100001000000110001110101000110000000001000010000000010100
0000010110000001100000000000011001000000000000000000000000010011
1000000000000000000000100101000100000000000000000000000100000010
1000000001000000000011010000001000000000000000010000100000000000
0000000000010000000001010000000010001001000000000100000000100010
1001000000000000000000000000100000001000000010000000001011010100
1000100000000000000000010000000100000000001100100001000000010000
0000000000000000000000000000000000000100000000001000000100010000
0100000000110000010011000000001000000000010000101100000000000000
0000000100000000000000000000100000001001000000000000010000001000
0000100100000000000000000001010000000000001000000000000001000000
1000010000110100000000010000000010000011000000000000000000000000
0000000001000000000000010000000100000010010000010000001000010100
0000000110000100000100000010000000000000010000000000000010000101
0000000000000001000010001000000001000011001010000000000101000000
0000001110000000000000001010000100010100000000101000000000000010
1000000100001000000011100000000000000000000000000001100100000000
0000000000000000000000010011000000000000000000100001101000000001
0010000000000001000000000000000010000000000000000100000000000000
0100000101000000001101000001010000000000000000101010000000000000
0000010000000000000100000000100000000000000010000010000000100000
0000000000000001010000100000000000100010000000000001000100000000
0001000000000010000000000000010011000000010000001000000000000000
0010000110000000000001000001000100000001000000000100001010001010
0010000000100000000000000000000000000000000100000010001101000000
0000000100100010000000000000000010000000000000000000000001110010
0000000010000001001001000001000000000100000000000000000000000100
0000000010000010000000000000000000000001000000000000000000000000
1000010000000000000000010000000100000100010100000001000000100000
0000000100100000000100000000000001010000110000000000010000000001
0110000000000000001011100000000000000001000000000001000100000000
0000101000000000000010011000010000000000000000010010100000010100
0100000000001000000001100000000000000000000010000000000100000100
1010000000001000000000000000000100000000000000000000000000000001
0010001000000001000000010000001000000000000000000000000000010000
0000001010000000000000010001100100001000000010000000000110000010
0010000011011000110010000001010000010110001000000000011000000000
0000000000010011010000100000000000000111000000000000000000000000
0 0
63 63
