65 65
00000000100000100001100000000000000100000000100000000000001011001
00010000000000100000000010100000000010101000010010000000000000101
00000010000000000100000000000000010100000000110000000000001010000
00000100000000000100000000000000000100000000000000111000000000001
00000000000001000001001001100011010000000000000101000000000000000
00000000101100001000011000010000001000000000000000100000001100000
00001000000000000100000000001000001010010101001001000010100000000
00000000000000001000000100000000000000000100000000100000000000001
01010110100000000000100001000000000000000001000000101010000010010
00000001001010000000000000000000000000010000001000000001000000000
00000000010000000100000000000000000110010000100110000000000000100
00000001010000001000001000000000000000000000000001001000000010000
11000000100000010010000110010100000001000000000000100001100000000
01000000000001101000011000000000011010000100000001000000000000000
10000000000001000010000100000000000000000010000000010001000000000
10000000000100010010000001000000000000001000100000100000000000100
00000000000000000000000000000010000110000011000100000000000000000
00000000000000000000000000000000001110000000001001100000000000100
10110101011000100010000000000010000100000010010000001000001001000
01010001100101000010000000001000000000000010000010100000000001000
00001000000000010000000110000000000000000001000000101000000000000
00000001000000001000100010001000001000000011000000100000010001010
01110001000000001100110000000010000010000010000111000000000000100
00000001000000000001001000000000000011000100100011000000101001010
10110100000000100000000000001101010000000001000000001001000100001
00000000000000010000011010100010011010000000000100000000000100001
00000000000000000000000001001010000000000100001000000000000000000
00000000000000000100001000000000010100010001010001000000100000001
00000000000001101100000000000000000000000000000111010101000000000
00010001000001100000000000000000000101001000000100000010000000000
00010000000100100001000000010000000000100000000000000001001001000
01000000100000010000100010000000000000000000000000000000000010100
00000101010100000010010100000000011010000010010000001001000100010
01000110001011000000001000001000000000000100000001001000000010000
00000100000100100000000010000000000000101001000100000001010000000
00000001100000000000000000100000000100000000100100100000000000001
10000001010000000001000100000010010101000000000100000000000000000
01001010000000000001000000000000100000100000010000000000100000000
00000010000000001000000000100100100010000100000000000010101000000
00100000000000000000001000000000000000000000011000000000000100100
00000000010110000000101001000000000000000000100000010000000000001
00000000000000000000000010000000000000000000100010000000000000100
10100000000000010001010001001110000000000011000010001000001000000
00010010001000000000000100000000000000000100000000100100000000010
00100001010000000100000000000000010001000000100000000000010000000
11010000010000010000100000000100001100010001100001001010100001000
10000000100010000000001000000000000000010000000100000000000010000
00001000000000010100000000010000000000000000000000001001010000000
00000000101000010100000000000000000001000100000000000001000010000
00000011100000000001000000000000000000000000010100011000001000000
00000010100000010000000000100000010100001011000000100000100000001
00000110000000000001110000110000001000000000000101010000001100000
01000000000010000000100000100000000001000000000100000001000000000
01000000000010000000000000100000000000000100000000000000000001000
10001100010011000001000111111000000000001010000010000100000000000
00110000000000000100000000000000000000010000000000001100000010001
00000000001000000010001100000001000000001000001000000000001000011
01110000010100000000111000000011010101101000000000001000000000101
00000000000000100000000000000011010000000010001000000000001001100
01000000001000000000000000000000010010001000000000001000000000100
00000010000000000000000000000000000100010000000001100100010000000
01000001000100100000000010001000000000100000000000100000000000000
01100100000100000000100000100000000000000000000000100010000000100
00000000000000110000000000000100010100000100000000000000000000000
00000001000001000000000000000001000000000001100000001010000001000
0 0
64 64
