60 65
00001000000100101000100001010000011100000000000001110001000101000
00001001000000010000000000000000011001100000000001000100000101000
00000010000000110101010100100001000001000101001000000000001010010
01000000100000000100100000100010000000010000000000010000010000010
11001000110001000100001001000000000000011001010000001100000000000
00000001001000000000000001001010000000001110000000010000001001100
00001100000000000000001000000000000000000000000001011001000001000
01001000000000000000000000010000100010000000011101101010101000000
10100010010100000000000101000110010010011100010010000000000000100
10101001000011000100001100000100000000000010000100001001100000010
10110000101000000100000010000000000011000000000110000000000100011
01100000100000100001001000010010111001001000101000000000000000001
01000000000001000100011000000000000001000001000000100010010000000
00100000010100001000011011010010001000000001011010000001000011000
00000000010001100100100100001000000001111000111000001000000000001
10010000001000000000000110000000010010010000000010000001010100000
00110000110001000000100010010100000000000000000001101101001000000
01100100010100000000000011000010000010001000100000101000001100000
00010000010000000000000000000101000000010110000000010000000100011
01010101000000000001010001000000000101000011000000000001000000010
01100000001011101001100000000000000010000000000000001000001010010
01000010110101000000100000000000100000101000000001101010010000000
00000001100010001000100001000000000000001000000000100011000101110
00000000000100000001001000000001000000110001100011000000000010101
01000000000000110000000000000000001000000001001000100110000000000
00100000000011000000000010001001000010000000000000110100001010000
10100100011000101000010000000000001000011100000100000100010000001
01100100100001000000000010000010000100000000100001000000000001000
01010001000010000000100001000010100000000000000110100000101001000
00001000010110000001010000011010000101000000010000010000001001000
01000110000000110001100000100110000000000110000010110100010000100
00010010000000000001000010010101000000000100000010000000011010100
01001001001010000000001100100000000000100000101000110000100000000
01010000000000000100000000000001000000011000001000000001000010001
00000000000000000000011000000100000001000000000000010001010011000
00011100010010000000010001000001000000000001010110000100000000000
00000100100000010000010000100000100000000000010010000000000000010
00000100000000101001000000000000000000000000001000000000010000000
00000001000000000010001000000010001001001000000000001000000000000
00000001000011000010000000010001100100000000000000011000000100000
00110000000000010000010010100011000011000000000000100101000100000
10001000100010000000001001001000010000110100000001110010010011110
00100000010000000000000000000000000100000000000000111000001001000
01001010011100000000000000000110000101000010100100000000100101010
01010101001100000000000000010000000000000000110000110000000010001
10110001000001000000000001011001000000000000010000000001000000011
00000010000000000000010010100000000111100001001000001000000000000
00100000100000000100010000000011000010000100000011000100000000000
10100000000000000111000010000011000011000110010000000000000001000
00010000100011000001000000100000011011000100001011001000010001000
01000000010000001000000100010000101000000000000010000001000100010
11000001000001011000000000010001100001001100010011000000100000000
00000100000001000000000000010010001000000000000001011100010100011
00000000011000010000110100100011000000100000100001000010010000011
00000000000000000000000000001100000000111000010000000010000001110
10011000000000000000010010000000000100000000000000000010110000000
00000000100000100000000000000000000000001000000000010101000000010
10010000100000000000000100000010110010100000000010111001000001010
00100000000000100000000010100000010100100001100100000010100010000
00001000000001000000111010000000000000001010010000001000000100100
10 51
53 1
