66 66
001000000000110000010000010100101000010000000000000000000100011001
000000000001000000000000000001001100101010000000000010000000000000
001001010000000100000000010000000000100000000000000010000000000010
011001010000000000000000000000010000001001010011010000000001100110
001000100001000000001001000000010000000000000000101100001000100100
000000000101000100110000000000001000000100011010011000000000110000
100000000000000101000100100010010100000000100000000000010000101001
011011000000000100000001001000000000100000000110100000000000000010
101001001000001000011000010010000100000100000101000000011000000000
000000100100011000000000101010001100000000010000000100101000110000
000011100000110000100001100000000000000000000000000000000100000000
010000000100000000001100000000000100010000000001000010000000000000
000010000000010000000001000000000000000000100000010100000000000000
000000000000000101000000100000000100000000000000110100000001000010
100000000100000010100000001000000000100000000000000000000000000000
101000000000001100101100100001101001000000100000000011000000000000
100000010000000100000000011000000000011000010100000100011100000000
000000000000000001000001000000000010010000000000000000001101000000
001000000011000000000000001010001000000000000010000001000000000000
000000000000001000001000000000000100000001001000000100001110000001
000000100001000100000000010000001100000001000001000000100000100000
010001000001011000010000000000010000000000110000010000000010100000
000000001000101000000000000010000000100001001000001000100000000000
001010000000100000100000000100000000000000000100001000000010000000
000101001000010000000110111000000000000000000010010000000100010000
000100000001100000000011100100000000000000000000010000100000111010
000010000010000100010000100000000100100000000000000000000010000000
100000010000000000100011000100001101000001000000001000000000100001
110000000000100000000000000000000000010000000000001000010100000011
000000010010000000001000000010010110000010100000001000100010000010
000001100100001000000000010100000000001000000000100000110000010000
000001000010000000000000000000000000000100000010001000001000000000
000010000000000000010000000100001000010000000000000000000000000000
001000001100000000000100000000001000100100010010000000000000000000
100001000000010000101000000000000111000000010000000000001000000000
000000000000100010000000010001000000000000010010000000010000000000
000000100000000000110000000000000100000000000110000100011000000000
000000000000000000000100100000000000001010000000000010000000001001
010000000000000000000010000010000000100000000000000000000110000000
000010000000010001000000010000000000000001000000000100001000100000
001010001000000010000001000000000110000100000100000000000000000000
000000010000000010000000000010000000010100000010001011001000000000
010100010000010000001000000001010001100000110101001000000000011000
000100101000000000000000000000000000001000000000000000000010000000
000001000100100000000000000000000000000000000000000001100000000000
100000000000011000100000010000000000100000100100000100000000000001
000000000000100000100000000000000000011010000010000000100001000000
001000000000100111000000000000000000010001000010000001100010001000
100100100000100000000000000000000000000000000000100000000000000000
000000001000000000101001000000100110100010001000010000100000010000
000000100000000000000000000011000100010000000001010000000000001000
010001001001000000000000000000000000000000010000010000100000001100
010000000000011000010100000001000000000010010001000010000000001010
000010000111000000100000000000110000000000000100000010000000000000
011000110011001100000100011001000001000000010101011101000011100000
010000001001100001000000011110000000000011000000101001001100000010
100010000001000000000000000010000000001100100000000000000000000000
000000000000000000000000110000100010000100000000001000000000000010
000001000000000000000000000000000000100000101000010000000110001000
000000000100000001000100010000000000010000100000000000000010000001
001001111000000000011100001001000010000100000000001000000000100010
110001000010000000011101001000001001001000000000101000100000100001
000000000010000000000000000110001010000000000000000011000000001011
001000000000010000010000010101100010000000000100100000000000000001
000010000000000000000001000000001011000000010000000000110000001000
100000000000000010000000000010010100000000000001000100110010000000
0 0
65 65
