61 66
101000010010000101000000001011001000010000000000000010000010011010
001000001000100010000010000100010000101000000000010000010100000000
110101000000000000100001100000000000001000001000100000100000001100
000000000001001011000100100000110001000010000100010000010000010000
010000001000100000000000010000100000000000010000000000001000000100
100010000100000001000000000000000000000000000000011000000100010100
001000100000010000100000011010000000001010000100000001110010100000
001101000111100101000001000000000010000000100000000000000010010100
010100010000000010000001000000000000000000001000000010000001100100
010100001111000100001000110011000100010100000010000110100000001000
001100000000000001000000000000001000000110001001001010010000000110
001000000000010000000000000010000110000000001000010100110000000010
100010100000000000000000010000000000000010000000000000000010100100
000001100010000001011010100001011000000000010100100001010000000000
000010000000010010000000000001001010000000110010001000010100101100
000000010001000000010001000011000000010010000100000000000000000111
110001000100000000011000010100010100001000000000000101000001010100
010100000000001000010011000000100001000000100000000001000000001100
010000100000010000010111000000010011001001011010000010010100001100
010000010010100000000010000000100010000000001001000001000100001000
000001100011100000001001100000000100000000000000011110110000011000
000010000100010010000001000000000000000000010101000000000000010100
001000100000001000000001110000000000001000000010000000010100001111
000000010110011010001100000001101100000000000011100010010001001000
000010000111100000010000100000000100000000100110000000101100100001
010000010001000100000000001001000010000101000001000100001001001011
001000001000000000000100000100001100000001000100001001000000000100
001111100100000010000000100001000011010010010000000001000100000000
000001110000000100000000001000000001100000001100100000001011100000
000000011000000010000101000000011001010011000000000000001000011100
000000111000000000001001001010000010000000000000001000000100000000
000000100001000000000010000001000001001100000000100100000001100001
010010001010010000000001100000000000001000110000000000011000010000
000001010000101001000000001000010000001110000000010100000000110010
000010010001010000001100011000010000001101110000001010001000000110
000111000001001100010000001000100100000000000000101000000001001000
000000001000000100100100000100101010100001001000100010000000010000
001101101000000000000001000010000010110001000001000001001000100000
000000000010000100000000000000011000010010000000001000000001000000
001100101100000010000010001000000000010111000100001000111000000001
000010000000010000000000000000100000001110100000000000000001011100
000100001000100000000100000000000001000000100110110100100000001100
000000110100000000000000000000000000001000101000000000000000010000
010000000010000001010000010010010000001000010101001000110001000000
011000000100000001000000000000100010000010100000000101001000010100
100001000011000000010000011010010100001000000100001000001000100000
000001101001001000011000001000000000001000000000000000100000100110
100001000000100111000000000001000100010001110000101000000101000100
000000001110000000000000010000110000010000100001100010000000010101
001000000000100000000010100000000100001000000000011000010000000001
010000100000000000010010000001000000010000000001010010001000000010
000000000100000000001000011000010011000001000000000001010000100100
001000000010000010000010000010010000000000000000010100000000000000
100000000000000000010000000010000101100001000000000010000000000001
000101000000000110010000000000000000000000100100100000010000000000
000000010101001001100000000100001001000000001000000001000000011001
000000000000000000000001001110100010101010010001000010100100100000
000000000000000010001000101000001100100000001000100000000000001000
010000000000111010000000000110000000001000000100000001000001000010
001000000000000101000000000000100001001101000100000000100001101000
000000000010000000000000001000000001010001000110000011000000100000
24 55
53 3
