62 67
1100000011010000000000000010000001000000000100000010000000010000000
1100000000000000000000000000000000000000001000000000100100100001000
0000110000001000000000100000000000000000111000010000000000000000000
0000001001010000001000000000100000001010000100000001100010000110000
1001000011000101000000000000011000110010011000100010000000000001000
0110001001000000010000000010101000001000000000000000000100000010011
0010000000000000100100010000000000011100000000000100000000010000011
0010101010011000001010000001100000000001011110000011000011000000001
0000010100010100000010000001001000000100000001000011011101000000000
0000000101000001100010000000010000111000010000100001001100010000010
0000110100100100100001111000100010100100001000000010000000000001000
0001010000000000001000000000001001000000000000010000000011000100100
1000001110110010100001000000000101011010001000000000100000001010100
0000100000000000000001001000010000000000000010100110000001000000000
0001100001100010001000001000001010010000101000101000000101001100001
1000100100110000010000000001000100111010001000001100000000000100011
1000000001010000000010110001101100000001011000000000101000000001101
1000000000100000000000100000001000001010000000000000001000000000000
0000100010100011101110100000000110000010000000000000001000100000000
0000000000001010000000000010000010000001010000110000010001000000000
0001000100000000000100000000000000100000000000000011010000000000000
0000000110000000000000000000001101000000000100000000000010000000000
0010000000000001000001000100101000100010000010101000000101001000010
0000010001101001000001110010000000001100010000000101000000001000000
0100000000000000101010000100001100000001000010001000010000100001100
0000010110010100000100000100100000001100010000001000000100000000000
1100000011101110100010001010000000100000100010000000000100001000000
0010100000000000100110000000000000000001000000100000100000000000010
0001100000111000101000100010110000010010100100001000010001000001000
0000101000100010010000001000001100000010000000000001100001000011000
0001000100001000000000100010000010000010001000001000000100011000000
0000000011100000010001100010000001000010000100010100001001000000000
0000001111000000000000101100011000000001010000000000000011001000000
0001000001010000001001010000000000000001000001100000000000110000000
0100100000100010010100000000000001011000000000010100010000000000100
0000100000000001101000000100101010010001001000010001010000000000001
0100000111000000001000000000001000000000000100000100000000001000000
0000000000000010010000000110000000000100000011000001100010010000000
0010000000000111000000001010100001000000000000010000001110000000110
1000000000000011000000100011000000010000001001000000000000110010001
0000001000000100000010100000001001000001010110100010000100000000010
0000100000000000010000000000000010101000100100000000000001000010011
1001010010000000000000000000000100000000000000100000000110000101000
0000000001000101100100110100010000101001000100000011000000100010011
0100011001000000010000101000000100000001010000001000100000000000000
0001001110000100000010001100000010000001100101000000000000100000001
0100001000010101000000000000000000000101100100100000000000001010100
0010010000101000000000001001010000000000000001000001000100101100001
0011100110000010100000000010000011000001000000000010010000100110010
0000000100000000000000010011110001000011010100000000110001101001000
0000100001100000010000010000000000101011000100010010100111010100000
1000100001000100110100000000000000001010100000000000100001101100000
0000001000000000100001010000010010010101000000110000000100000011000
0100000001101100101011000000000000000000001000010000000010000100010
1100100000000000000000000000000000010000010100000010100000100100100
1000000000000000000110010011110001010000110110000000010000011000000
0000000000000010000000000000000100110011100001010001100010000000000
0010000100000000100100110001000010010000010001100000000000101001001
0001100100000100111010010000000000000000100000000001011100000001110
0001000000000000010000000000000100000000100000101000001000000000100
0000000001000001000000000000010001000000000100100000100000000000010
0011000000000100000000111100001100000000000000100000001000000000000
8 44
61 18
