67 67
0000001001000000000000000011100011001000000100000100010001101010000
0001000000000000001001101100000000000000000000001000000001100100000
0000001100010000000100000000000000101000100100010000000000000000000
0000000000001000100001000000001010000000001100000000001000000000000
0000010000000000100000000101000000010100100000001001000000100000000
0100000000001001000000000010000000010000100000100000000000000000000
0000100000000001000100000000100000010000010000000000000000100000001
0100000001001100000101000100000000000001101010000000001001010000000
1000000001010001000100011000000010000000000000000000001000100001110
0100011000100000000000010000000000001110000001001000000000000000010
0000000001001000001010000000000000111000000110000100000000000001000
0010011010001000100101000000000000010000100000010000001000011000000
0000100000000000000000001000000000010001000000000000000000000000011
0100000100000000100001111010000000000100000000000000010000010001001
0100000101000011000000000000110100001010000010100010001011010000001
0000000010000000001000000001000100000000000000000000010010010000101
0000010110000001000100001000000000001000000000000000001101000000000
0001010100000000000000010000010010000110000010000000000011000001000
0001100000000010000101000000010000100100100010100000000001001000000
0000000100000100010001000000000010100000000000000001110000000000000
0001000000000000010000000001000001000000100100100001000000000000000
0000000000001000000000000000000000001000001000100000000000000000000
1000000000000000000000000000000100000000000010000110000000100000000
0000010000000000000000000010000000010000100000000000000000000100000
0000010010100001000000000010010100001000001000000100100000100001010
0100000000000000000000000000000100010000010000000100000000000001100
0001000001011000000000000100010001100010010000101000000010000000100
1000010101000000000000011000000001010000100000000000010010101000000
0000000010001000000000000010000000100100101000100000000010000101010
0000001010001000001000000101000000000010000000010010010000000000000
0000100000000000011000000000000000000010001100000000100000001010010
1000101000100000100001000001000110000010000000000000000000000100100
0000000000000000000000000000001100000100000001000100100000000000000
0100001000000000000000010000001000000010001000010100000011000001000
0000000000000000000001100000000000000010010000100001000000010001000
0000000100001000000000100000010000100100000001001100100101000000010
0000100000000000000000000000000000101001000000000000000000000000000
0000110000100000000100000000000000111001010000001010000001000000101
0000001000100000000100000100000000110000000100000000000001011010001
1001000000100010001000001000000000000001111100100000000000000000000
1000000100000101000010001001000000000001000000010100100000000000000
1000001000000000000010000000101000001000100100010011001000000000000
0000011000010010000000000001100100000000000000000010000000010000000
1000000001010001000000010000000000001000000000010010010000001000010
0000010000000010000101000000000000000001000000001001000100001000000
0000001000000010001010000000000100010011100010000000000010000000000
0001000000000000001000000001010000000000000000000110000000000001010
0000010110010010000000010000000000010110000000000001010100000000010
0000000010000000101000001110010000110100100000000010011000000000000
0000000011000000001000000000100000000010010000000000010000000011011
0100000000100010010000001000000001000000000001000000000000000010000
0001100000001000000010000000000000100010000000000000000001000000001
1100000001001000000000000000100000000000000010000000000000100100000
0000001000000100000000000000001100100000010000001010010000001100100
0101010000100001111000000110000001000000000000010000000001000000001
0001000100110000100000000000001011100000000000000001010000000000000
1000000000000000000000001000000000000000010000010000000000000000000
1010000000000000000100000000110010000000000100100010010000000000010
0000100000000010000000010010110000011010110000000011100000000000000
0000000010000100000010001010000010000000000000000110000100000000100
0000010000100100010000001100000000100010000010000001010000000100111
1100000000000000000000001000010000000000010000000100000001000000000
0001000000000000000000000001100000000110111000100000000000010001000
0110000000000100000000000000000100011001100000000000000100000010000
0010000000010011000101000000000000000000000000000000000110000000001
1011010000000001011000000000010101010001001010100100000000000000101
0000000100000011000100000001001001000000000000000000000000000000000
0 0
66 66
