68 68
00000010000000000000010001000000000100001011000000000000100100001000
00000100000000000000001000010000000000000010000000010010000000000000
00000000000001000000000000101010000001000001000010000101000010000000
00000000000000000000100000100100000001000001000010000000000010000011
11000000100010000000000000000000000100000000000000000100100000001000
00000010100000000010000000000000000001000000000000100000100000100100
00000100110000000000010010110101000010010000000001000001001000000101
00000100100000000000000011000000000101000001100000010000000000001000
00000010000000100000010000000110000000000010000000000000000000001000
00000000100000010100000000000010000001000000111000000010000000000000
00010100000000000000010000100100100000000001000000010010000100000000
10000110010010000000000000010000100111000010100110001001000000010010
10100100000000000001000100000000100001000100000000000000000000010100
00000100100010000011000110000000000000000000000010010000000000000000
00000001010010000000101010000100000100000110100000010001000100000000
10001100000000000000000000000000000000000001000000000000000010000000
00001000111000000000010000000010010000000000000000000001000000000000
01000000100000010000010000000000000000000000100001000010001010000100
00100100000000011000010000000000000010100001000000000000110000001000
00000100101001000000010101000000000001000000000010000001001000100000
00000010001100000100000000100000100000000011000110100000100000000010
01000001000000000000000000000000010000100000000000000000100000000100
00000001010001111100000000001000010000001010000001000001000001000001
00000110000010000000000100000000100001000000100000000000100100000000
00000000000000001100000001000000101000001000000000100000100110000000
01000000100000000000000100001000110000000000000000000000000000000000
00000000000010000010000010111000000100101000010001000000000000000010
00000000000000000000000000000000001000110000001001000000000000100000
00001000000000000000010000000011000001000000000000000010000001100010
00000000000001010110000000000000000000010000000000000000100010000000
01000000000000000000000000011000010011100000000000000000001000000000
10000000000000000001010000000000000101000000010000001000000000000100
10010000010000010100001000000000100000100000100100000000000000110100
10001100000100000110010010000000000000000000000000000000000100000000
10001010001000000000000000000000000000000001000100010000000000000100
11110001000000000000000000000000000000000100000000000000100100000001
00100000110000000000001000000010000000000000000010000100000000100000
00001000000010000010000000000000000000001000000000000001100000000000
00000000000000000100000001001000000000000100101101001100000000100001
10010001000000100000001010100100000001001000010001111010000001000010
00000110101100100000000000000101001001100000000000000110000001000000
11100000001010000100010100000000000000000001110011000000000111000001
00000000000000100000000100010000000000000000000000001000000000000101
01010000100100000000000000000110000000001001011010001000000000000000
10000000000000000010100101000000000100010001001000000000000000110000
10000000000000000000000000010000000100000000000110010001101000000001
01001000000001100000001000010000000000000000100000000001010000000001
00000000000000000000000010000000011001010000000000000000000000000000
10000000010001000000100000001000000000000000000000000100100000000110
00000000000010100010010000000010000000000000000000001001000000110000
00001001110000010000000000100000000000000000000000000000100100100100
00000000100000100000111000000000100010000000000100000000010000000000
10010100000000000000000000100000010000000001000001000000000000000011
00000100000001000000000000000000001011000000100000000000000000000000
00000100000000000001000000000000000010000000000000001000100010001000
10000000001000010000100000000000010000000000000010000000000000000010
01000000000100000100000001000000101001000000000010000000000010000000
10000000000001000000000110100000000000000100000000001000010100000010
10000010100100000000010000000100100000111000000000010000000000000000
10000010110000001010001111000110000001100100000000000001010010000000
10000000011000100000110011000000010000100001000000010100000000010000
00000010000010000100000000000010001000000000010001100101000000100001
01010000000100001101011011000001000000000101000000000000010000000000
00000010000000000000000000010000000000000000010010000100000010000000
00000010000010001000100000000000000000100100010000000000000010000000
00000000000100001100101100000010000010000000000011000011000101000000
00000000000000000000000000001011010010001011001000010000000000000000
00100000000000100010001000100010000001000000101000000000000010000010
0 0
67 67
