63 68
00100000000000010100000000000000000010010011000001000000000000010101
00001000000100011000110000011001000010000100100010001001010000010010
01101000011001000010000011000100000001000011100001000110000010000000
01010010001000000000100000010000000000000000000100010100000000000010
00010001000000010000000000000000001011000011000010000000000000000000
01010110001010100010000011000000000000000000000000000000101110000000
10010001010010011000000000000010001010110000011001010111000000100101
00001110010000000000010010000000000110010000011000000100100010100110
10000000000000000001001000000011000000000000010000100100100010010000
00100110100010010000000010100000000000010001000011000001000000100101
00000000000000000000000001001111010100001000000000001000000011000100
00000000010000101010010000000000100000010000000000010100000001100000
00000000000000000100000010000000000000000000000001000000000100001001
01001000000000000000000100100000010010010010000100000011000010100000
10000000000000000010110000100000010000100000011000000001001000000011
10000100001000000000100000000000100100010000010000010010000000001000
00000100101011000110010000110010000010011001000000000110001000001100
00001000000001000000111000010100100100110000010000000100000001010101
00100000000000000000100000000111000100000000000100000100001000000000
00000100000000000010101100000000000001000010011100010010010001000001
00000000001000100010000100110001111101010000000000000000001100001000
00010000001101100100000001010000100000000000010000110000010000011011
00000000000010000000000100000001011001000000000100100100100001011100
00000110000000000000000000000000000000100000000000000000001100000000
10010000000010000010001010100000100010000010000100000101010100000000
00000000100000111010000110000000000000001000000011000101000110010000
00000010001001011100000000000100000010010011000000011110000001001000
01000000010101011000010010000010101110001001100001100000000000000000
11100001010000001000110011110000100000001001001000001100001000100100
00000000000100000010000001010001000000100000000000100000000100000001
00000000100100001010000111000000010000000010010001100000000000010001
00000000100000001010100000000010000100001010000000000000100000001001
10001001000000010001000000101000000111000000001000000000000001100000
00110000100011110000000010000110001000000000100001011100000100000001
00001000000000010100001001110011000010100000100000000110100000000000
00000000000011110000001000101000000000010000010000001100000000000000
11010000100000000000000000000100000000110000000010001000000000000010
00000000000000100001100000000000010000001001001100000000000011000001
00000000001001000001001000001011010000100110100000100000011010101000
00000011001111111000000000000100100010000001001000001000000001000000
00010001010011001000000000000001100100010100110000000110010000110100
01000000000001001000100010000000000000000000101000000000000000001011
00000011000100000001000000000100000110101010100000001100110000000000
00000010100001000010000000000000000001000000000010000000100001000101
00000000001000000000100100000001001010000000010000100001011101001010
00000000000000000100001000000010000000000010011000000100001001010100
00010010000000000000011000000001000100100000001001000000000001000000
00001100000100100100010000001001001100000101000010010100000001001001
00000000011000001000100010000010001000000001000100000100100000000100
00000000000000000001000011101000000000000011010010100000001100000000
01000100010011000000000000001000000010010100000010000000000000000000
01001000000000000000000000000000000000000001101000000110100100100000
01000000010110001000001000110100001000000000010010110000010000000000
00000000001000000100110000100000000000000000000001100010100100010101
10000000000011100000000000000000100001000111100001000000101000000100
00000100000000000001001000101001010100100000100100000000000001010100
00010100101010001000010000001001000000101010001100001101001110000000
11000010000000000010010100100000000111000000000000001000000000000001
00000011000000001000000000010100000000000110110000001000010000000001
11100010000000000000011000001001000100110001100001000001001010000001
10000000000001000000000100001000000000000001000100000010000000000010
00000000000000010000000000000000001010010000000000000010000001001101
10100000000001000000000100000000000010010000000100010000011000100001
4 64
55 2
