69 69
000001000100010000100000010010001010100010000000001000000001000000000
001000000000000000010000100000000000000000001010000000000100000000000
000000100100001000010100100101000000000000000000000000111000000000000
000001010100000111101000000000000000000100010100010010010000000000000
000000000001100000000001000100010011001000001000001010000000000010110
010100000000000000010000000010000000000100001100110000001010100010000
000010000000100000011000000000001000000000000000100000111000000000001
101001001100101100000100000000100000010010000000100000000000000000000
000001000000000001000100000000001100000010000000000000000000000000000
000000100100010000000000010000000000000000100000000100000000000100000
000000000000000000000000000000000000100000000100000001000000000100000
010000001000000000000000000000001000000000000000100100110010000001000
000001000101000110000000000001000001000000000000001001000000000000000
000000100000000000000000001100000000000101000000100000000000010000000
000000000000000100000000011000000000010000000000001100000100000000000
000001011000000000000110001000000000000001000000010100000000000001000
000101101001000001100000000000001101101010100100010000000000000000010
000000000000010000010100000000010001011100110000000000000000000010000
001000000100000001000000100100000000010110000000001100011000000001100
000000001000000000000101001000010100000000000000000100000100001000000
001000000100000000001000000000000000010000100010000100100000001010000
000100000010100001001100000000000000001000100101010000010000000000000
011010000001000100100000000100100000001000000000000000101000000001000
000000110000010000010011010000000000001000100000000001100000000000000
000000000100001000000000100000000011000000000000000000000100000010000
000000001000000000010010000000000000011000001000001001000000000001000
000000010010000000000100000000000000000000100000010000000000100001001
000000010001000000000000000101000000011010000000100001001001010000000
100010100000001000000101000100000000000000001101000010001000010000001
001010000000001000000000000001000000000000000000000010000000000110000
000000010000010000101010010100000001000000000000010000100000000000000
000001000000000100000000100000000000000001000000000000000000010100000
000101000000000000001000000000000000000000100100000000000001000000010
000000000010010000100000010000000000100000001001011000001000011000001
000000010000010100000000000000000000100000000000100001000000000010000
010000000000101000100000000011000000000000001000100001000000100001000
000000000000000000001101010000001001000000000010000000000100000010000
000001010000001000000001000000010000010001000001000010000001000011000
000010000000101000000100000000000000100010000000000010000000000000000
000000100001000000010000000000000110000001000100100000000000000001000
000000101100000000010000010000000001010000000001100000100000000000100
010000000000000001000001000101001001001000000001110000010000100000000
010000000000110101001001101000000011000000110100010001000000100001010
000010110100010000000000000010000000000000000000000000000000000000000
110010101000000000001000011100001001000000000000000000000000100000100
000100000010010010000000000000000001110100000010101000000000000001001
000100001100001111001000000000001001000000000000000000000011000000000
000000000000000000000000100000000000101000000000100010001000001001100
000000000010001000100000011100000000110000000010000000000100000001000
000001010100000100000000010001001000000000001000010000110000010000001
001000001100000010000010000000000010010000010000110000100000000000000
000000010000000000010000000000000000000000000100000100101010000101000
001000010100010011000100010001000100010000000000000000000110100011010
000000000000000010000111011000011000000000001000010000010010000000000
011000111010100010000000001000000110000001100000000000000001010010110
000100100000000001000000010011000001100000000000010000010000101000000
000000000100000001001100000000000010000000001000010000001000001000000
011110000010001000000000000000000000000000001000101110000000011010001
000000000000000000000101000100000000000000100010010000100011000000010
000001000000000000000000011010000000000001000000000100100000000000000
010010010101000000000000111000000000000100000001100000001000000011001
000000000000010101010000100010010000000001010100010000000000000100010
100010000001000010000000100000000001000000000100000001000000100000000
000000001001001000000000001001000000010110000000101000100101000000000
000010000000000100000000000000001000011001000001000000000000000000000
001000000110110000000000000000100000000001000000110000010000000000000
000000000001101000010000000100000000000000000000100100000010000001000
001000101000000000001000000000100000010000000010000000101010000000010
000010001010100000000000000000000000000010000010000000000000001010000
0 0
68 68
