64 69
111010000000000000100011000010110000100000000000000010001000000110000
010000001010100000000000010000000000100000000000000011010000000000000
000000000100100100000000100000000001100001010000000000010000000110001
001000000000001010000000010000000000000001000100000100010000100000100
000100000100010100100000000100000000000001000100100001000010100100000
000000010001011010000110000010000011011010000100000100000000000010000
000000001000010010000000000100100001000000000000010000000000000000010
001110000000001000000110010000001000001000010010000000101000000000101
010000000000000010000101010001010000100000000010001000001000000010000
010000010000000000000010000000000000000001100000100000001010000010000
101010000000000000100010000001010100100000000000000100000000000001000
000000000101000000100000000000010000101000010010000001000100000000000
001000000101000110000110010000100000010000000100001010010010000000001
000001010101110001001000000000100000100101000000000000100010000001000
100010000011000010010000000001100000001000000011000000110100000000100
101001001000100000010000000000000000001100000100000010100000000000000
000000000000000000000000001001001001110010000000010000100011000010000
100000100000001001000000100000000000001000000000001110110000000010101
110000000000000010111000010001001000000000010000000001101111010000000
000000000000000000000000000000000000000000011000100000000000001000100
101000100001000100001011000000001000100001100000001111011101000001001
001110001000110000000100000000000000001100000001000100010111011000000
000001100100000011000000100000101000000000000100000000011101000010000
100100101000000000000100001000000000000000000100001000010000100000010
000000000010000011010101100000100100000000010010000000001000100001101
010000000010000001000010011001000111110100001001010000000000000010000
100010010000000000001000001100000010000100000001000001001010000010000
000000100000000000000000000010000101101100000000010011110001000101011
000010010000000000010010000000100000000010100100100000010101000100000
010100000000001110000000000110000110000100001001010011001110000000101
000000000000011100010100000100000000000011010000000000000000000100000
100000110100001100000001001000000000000000000000001001000010001000001
000101001100000000000001000000000000100100001110000010001001001000110
001100001100011000010101001010010000010000000100000010100000000000000
001000000011000000000000000000010000000001000000001110010000010011000
000001011010000000010001000100100000000100010000100000001000000001011
000000110100011000000001000001011000000000001010000001010010100000000
010100000001000000000000010001100010000001000000000000000000000000111
001000000101000000010100000000110110000000110010000000000000100011100
000100000000100001110100000000100001000101000100100001000000100101100
000000000000000000000100000000000000000000000001011000000000000101001
011100000001000000001010000000010010001001010101000100110000000010000
000001000000000100010010000000000000001000010001100000001001100000011
000101000000010000001000000000001000000000000000100000000010101000000
000000000110000000000100000000100000010100100000000000000000100000000
010110100100100010000001001000110100000001001000000000001001100000001
000000010100000100100000000000000000000001110010000001000000101001001
000000100001001001110000001000000001000000000010000011100100101100000
010000000000010000011000100010000010010010010100000000001100010000000
001000001100101100100000000000010000000000000101000000000100100110101
001000100000100000100011001011000010100000100100001000000001000010000
011010001010000001000010000000011101001000101100000000000000000001100
000010100000000010110000001000100000000000110000000100100000100001000
000010000000000000010000000000000101000000000010000000011000000000000
000010001100000000010010100100100001000010010000000101000000010000000
000000000100000100000000010011111001000010010000010000010000000000100
100000100010000100000110110110000100000101110011000110000000000001011
000100000000100001000000000001000001000000000000000001010101000000000
001100000000000000000000011000010001010010000100100001000000010000000
000011000000000010001010010000010000000100000100001000010001000100000
001000001000000100010000001000010000001000100000001000000000000100100
100000100000010010100100010001010101000100100000000100110010110101100
011000001010001001000000101000010000001000011011000000001000000100010
100000000001011100000101010001000010010010101100000000101010010000000
3 31
58 0
