65 70
0000000001000100001000000011101000010000000100100000000100000000000000
0000000100000110100010001010000000000001100001010100100010100001100000
1000010000000011010000000000000000001000000000000001010000000000101001
0101100000001001000001001100000100010001000000001000000000000000001000
0000000010000110000110100110000001010000000000000000000000000000000000
0000000010000010110010000101000011000000000001000000000100000110000100
0100000000000100010000000000000000100000000000000000000100000011101000
1000010010100010000100000000010000000000000000110000000100000000001001
0100000000000100000011001000001010000100001000100000101000101100001100
0101001000001010000000000001000100110000110000001000010100000000000000
0000000100110001000001000000000000100000001010000010000000000000000000
0101000000001000001100000010000000000000010001000000000100001010111000
1000000001000001011000000000000100100000010001000100000001000000100000
1010100000101001000000000000100010000010000110000001110000001001000001
1001100100011001100010000000000010000000100000000110000000000101000000
0000000000010110000000001000000100010000110000010000000001010001000010
0000000100000010000000000001000100010100000000111011000000000000000001
0100000010000001000000000000010001101110000010001000000000000000000000
1000101100000000110111001001000011010101100100000000100000000000000000
0001000011000000000000011000100100011100000000000000000000000001000101
0000100000000000001000100000110110000000000000100100000100100000000010
0000100001010100101000000000100000000010100000000000000000000000110100
1000100000001000000010000010000000000110001100001000011000000100100000
0001000010000010001000000001000000010110000000000110100000000000000100
0001000100100001000000000001000001000000000000100000000000000000010000
1001010001000000000010000000100000000001000001000100010001000000010000
0000001000001111001010000000000000000011100100000000000010110001000010
1001101011010010010000000011100001000010010000111000000100000011000100
1010010000000000010100000001000001101010100000110000100000001000000000
1110001001000000100000010010000000010110010101000100010000000110001000
0010000100001000000111000010001000000001100000100000000100100000000001
0101000001000010011000011010001000000001001001001110010100100001001000
0000000000110010100000000000001100001100000000011000010010000000100100
0000010011010000010000010000000000000000000000000101101100100000000001
0000001011100010000011000000011000011101000000000000001100000000000000
0000000010000000000010100000000010000100010100110000000100001000000000
0000011100000011110111000000101011000000100001100000000010001010000001
1001000000000001000000100000110010000000001011000000000000100010000010
0000000000000100001000010010000010001000000001100000010100010000100100
0000000000000000010001101001000000001000010000001010000000000010010001
0000001000000000100100111000110010000100010001100000000000000000100000
1010001100000100100000000000000010100000010010000010000001001010010001
0001010000001010100010000010001001001000010000001000000001000000000000
0000100000000100000010010000010101001000011000000000001010000000000100
0001000000001000000000000100100000010000000000010010000100000100000000
0100010001001000000101000000000000000100001100000010011010100000000000
1000000001000010000100000000000001110000000000000000011000010100001001
0000100100001010000000000000011000000100000000000000000100010000000000
0000001100010101000000000000011000000010000010000110001000000010001100
0001011000011001000100101000100000000010000000000111001000110010000000
0001000000001000010100100010101101110001000011001010010000001011110000
0100100000000100100000000000010000001110000011100011010010001100000010
1100000000100010100001000101000000100100000101000000000000100000000000
0000000001000000011000001000000000000101100000100000000000000011100000
1000000100000000001000000000000000000000001100000110001110000000010001
0000001011000010100000000000111000000001110010000000000010001110000000
1000001100000000000000000000001000011000010000000100000000100110000011
0000010001000100011000100100010000000001000000100000000000001100010000
0001000100100010000010000000001110001011000010100000000000000100010001
0110000000001000100000100000000001000000001001000100000000000010000001
0100001000001010000000010100000000000000000100000000011010000000000010
1100000000100000100111000000010010010100001010001110001000101100101100
0000000000001010100000000001010000001010010001010000100000011000000000
0000010010000001010000010000010010001001100110000000001001001100000000
0000100001001000000000110100000000001000001100010000010000010000101100
54 51
4 2
