70 70
0000000000000010100000000000000000000100000100010000000000010000010100
0000000001001000010000000000000010000010101000000001000000001000010000
0000100000000000000000001000000000000101001000000000100100000001000000
0000010000000010000010000000100100000001001000000000000100000000010010
0100000000000000010000000000001100000000000000000000000000000000110000
0000000000000000000000101001000100001000000000000101000000001000001001
0000000000100001000001000001001100001001000000000010000000001010110000
0010000000001110000001010100001000100100100000110000011010000000000010
0000000001000000000000000000000000000000100000000000001010001000000000
0101000000000000100000000000101010000100001000010000100110000000000000
0001000000000010000000000010000010000001010000000000000000001000100000
0000000100100010001010100000000000000000000010101000000000000000000001
0001110000000000010000100000000010000100000000000011000001010000001001
0110000011000000100000001000001000000000100000000110000000000000000000
0000000000000000000000001100100000000010100001000000000000010000000000
1010000101000000000000000100000000000000000101000111000000001000000000
0000000000000000000001000000000001010000000000000001001000000000000000
1000000000000000101001000000011000000000010000001100000000000010000000
0000000000000000010001000000100010100001000100001000001110000000000100
0000100000100100001000000010000000000100000100001000001000001000010001
0100000010100000000010100100010000000000010000000000000010010001001000
0100000000001011000000001000000001000010000100100000010000000101010000
0001000000010100000000100000110100110000001000000010010100001100000000
0000000010000000000010000000000100000000010010000000010100000001000000
0100100000000000100000000000100001010000000010001001000000000000000011
0001000100101000000000000100000000110001000010001010000010010000000000
0000000000100000000000100000000011000000000000001110011010100000000100
0000000011000001011101000000000000100000000000000100100000100100001000
0000100001011001010010000000001000000001000000000010100000000010100000
0000010000000000010010001000000010000000000000100000001001000000001010
0011100000000010000000000000000000010010000000100001100000000000101000
0000100000000000000000000100000000000000000001000000000000000001010100
0100000000000000110001010000000000000000000000000000000010010000000010
0000000000000001101011000000001001000000000000000000000110010000000000
0000000110000000000000000010000000111000001000001000000000000100000000
0100000100000000001100100110100100000110000000000000010101000000101000
0101100000000000000000010000110111000000000000010001001001001010000100
0001000000000000000011001000000001000000000000101000000001000001000000
0110000000000100000000000000000000000000011000100000100010000000000010
0010000001000000101000000001000000000001000010100000001000000000001010
0000100100001000000000000000001000000000000000010000000000000000100100
0000000010000010100000000011010000010000100000000001001000000010000000
0100000000000000100000010000000100000001001000000000010000000010000001
1000100000000000000000000000001010010011001000001000000000000100000001
1000000000010000000100000000010000100001001000001001000000100000000001
0000010000010010000010000000000000000000100000000000000000000000001010
1000000001000000000010000000010000001010100100000010000000001110000001
0000000000001000000100000001000000000001000000001100010000110000000000
0100000000000000000010000010000100000110000000000000010000000100010001
0000000000010000010000000000000001000000000000010010000000000000000000
0000000000101010000010001100000000001000000000000010100001010000000000
0000000000100000110000100000010001000000010000000010000000110100010000
0010000000010000000010010000000000000001000100011000000011000000000100
0000000000001000000000000100000000000001000000000000000000100000000000
0000001000001000000001000001000000100000001000000000000000000001000000
0100000000000000000010100000000001000100000101000000000000010100001000
0000001000010000000001000000000000000000011000001001001100000000000000
0001000000000000010100010010000010010001001001100100000000001000000000
0100000000000000001100100010000100000100000000100001000000000000000000
0010000100000000000010001101000101000000000001000101000000001000100001
0000000000010000001100000000010000000100000011000000010000100000000000
0000010000000000001000000000110110001001000000001010000000000110000000
1001000000000100000000100000000000000001001000000011000000001000000010
0000000000110000010000100000100000010010000010001000100000001010000000
1000010000000010001000000000000000000101000000101000000000000100111000
0000000000000100000010000000000010001000000010100000000000000000000010
1000011000100000100000000010001000010100000000000010000010000100010000
0000000100100100000000010000000000000000001000000011000000000100000000
0010000100100000100001100001010001000010010000100000010001000000011001
0000000000010000000000000011000000000100000010000001000000000000000010
0 0
69 69
