66 71
10100001110100011000001001101000000010010000010000101000010000000010000
00000000100011000000001000000100110110100000100000000010100000000011000
01010100000100100000010000001101000110010100100000000000000000011001000
00010000011100010001001000000010000000100000000000000000010000001100000
01001000011000000010000001000001110100000110000001000100100000100010000
00100110110100000000001000000000100000000100000000111000001100000000000
00100000000100000000011100010101001001011000100010100000100110000001000
11010000000001000000100000010011010000000010000000000100000001000011010
01000000000010100000001000110101000000000010000000000000010000000000010
01000000011100000111000100100001000000000000000010001000000100000010001
00101000000010001000000010000000001001000000101000000100000011000010100
00010000000010000001000100000010110000010000000000010101000000000011100
00011000101000001001000110100100100010100000000000100010000001010010000
01000011101101000010000000000010100000000001010000000101010010010011100
00000000000100000000000000101000001000100000000001000000001100100100010
01001101101000100000110010100000100011011000001010110010000000000001001
01000001100000000001000000000001000000010010001000000001110000000000000
00100000001000000000100000001000001000000010000000000010000000000000100
00110000110000101000110000100000001000000100000000000101010000000001010
10001100000110000000100101101000000011000000001000010000100101000000001
00110100000000011000000001101001000000100010010100100010011000001010000
10110010010010110100000000010000000000000100000000000110000000001010000
11000000100000000010000100000101000000101010100000000000100001000100010
11011000000000011000000000010000100010000100000011001000000010000000000
00101000001001000100000010011000000000010010000000000000000000100000000
10000100000000000111100000000011000000000000010100010000101001001100000
00000000001010010000100000000010000100000000000010000110001100001100000
00010001000010001010000000001000100000001000000001100000000000010100000
00000000000111000000000010100001010000000000000100001000011000000001000
00100001000000000001000000011000000110000001000000100000000000000000110
01000000000000001001010000000000001000000100010000000000100001001010000
00000000000001100000010101100000000000001000000001010000000100000000000
01000000000000100000010000001011000010001000100000010001001000000000000
00000001000001010010000100000010000000001000000000000000000000000000100
00100100001000000000000000100000000000100000010000000010000000100010010
01000001000000010000000001000000000100000100000001100000010110000011101
01000000100001001000000100000000100010000000000100010000000011010000100
01100101000011001000010000010000000100000001000110000010000000000000100
10010010010000000010100001000001000000000010000000010100011000001010000
00100001100001001101010000000000100000001000000000011000000000011010000
10000001010101001010110000000000000101100000010110000000000100000000100
01000101000100110100000000000001000100001100010000000000000010100000000
00000010001000000000001000001010100001000001100001000100100000000000000
10000001000000000100000000100000010000100000010010000000000100100010011
01000100010000010010000000100001000100001000100000111101100000011000000
00000001110100000000100011001011000000000000101000001001000110110100010
00100101100010000100000000000000010100000010011110000000000010001000000
00000000000010000001000001000000000010011000001000101000010000010110001
01000000010011100001010010001100100000100000000100001000000110100010000
00100000001000000100000000000001000000000000000000000100000100010000010
00100100000000000100000000000000001000001010000010100100000000011000000
00000001001000001100101000011000000000000000001000000000011000010000010
01000001010000000001111000000100100100000001000100010001000000000000001
00000000000000100000010001000000010000100010100000100000010000000100001
00100001000000000001000010100000000101100000000110000010000010010000101
01000100100001001100000000101100000000110000010000000000000001000000000
00100100000001000001001101000000001011000000100001001000000101010000000
10000000010000000110001000000001000010000000000100000010010000000100000
00100000000000001000100000000100001000100011010100000110000000100001010
01000000001000100000010010010000110000011001000000010000000000010000110
00001000100000000001000000010001010000000000101100001000010000111000100
01000010100100000000010000000000000101000100100000000010000101111001000
01000000011000010000110010010100000001000000011000100010100000000001000
10010001000000001001000000100010000100000001010000000001000000000000100
00010110110000010011001000000000000000000000000000000101000001000000100
00000100000000000000000101000101000000100000110001010000010001000000000
17 3
58 68
