71 71
00000000000001000000100000000000000000000011000000010010000000100000000
00000000000000100000001000000000000000100100000100001000000100000000000
00100010000010000100000000000000000000000010010000001000000101011001100
00001100001000100010000010011000001000010000010000000000000000001010001
01101000010010010001000000000000001010000000000100000010000000000110000
10000001100010000000000000000100100100010001000000000000010100000100000
10000001000000000001000000110000000000000000000001000001000011010000010
00000001000100101110011000000000101000001000000000100001000111000100001
00000000111000001000100010001010000000100010000000000000000000001000000
00000000010000000100100001001000011000000010000000000000100001100010001
00000000100000011100100011011000000010000110010000000001000000010000000
10000000000001000100000000000001000000000000000010100000001000000110000
00000001000000000000000000000000001001000100000010000000000000001000000
00000010000000100000010000110010011001000001000001000000000000100000000
00100000000000000000101000010001000000101000000100000000001000000000110
00001000000001000010001000010000000000000100000000100000000000100010000
00010010100101100000000000000000000100000001000010000000010010001000000
00000000000000000000000100010010100001000000000001000011000001010001100
00000000101110100110100100000101010000000000000010000100001000000000000
01100000001000000100110000000001000001000000100100000000000000100011010
00001000000001000000000000000000000110100100000000000001001001000000100
00000100000001000000000000110000011000000001000100001000000000100010000
00000101000010010000000000101000000101000110001001000000000000001000000
01000001010100000000000010000000000000000000001000000000001100010000000
00000000000000000000000000011100010000010000000000100010000000010000000
00000000000000000001000100010011000000000000000100000000000001000100000
00010010000100000001000010000001000001000001000000000000100000011100000
00000100000010000000010001010100000100000100000000000001000000000000000
00010001000000000000001000000000000000000000010000000000000100000001001
00000010000000000000000000001000000010000000000000000001010000000001000
00100000000010011000010011000000000100000001000000000100000000100010000
10000000010000100110000100101000000000000001000000010011010000000010000
00000100000000000010000000000001000001000001100000000000010010000000000
00000000000000110001000001000000010001000000100001001000110000000001000
00001000100000010000000000100000001100001010001000010000000000010010000
00100000000000001000000000010100000000000000100000000000000001000000100
00100000101001111010001110000000000010000000000010011000100000100010001
00000001111000011010000000000001011000001000000010001000100000000000000
00000000101000100000000000110000000000000000001010000100011011000000000
00001000100000000000000000100000011000100000000001001001100000000010000
00000001100000000000000000000000000001000000000000010000000000000000001
01000100000000000000000000100000000000000000000000000010000001000000000
00000000000000110000000001000000000000000000000000000001100000000000000
00000100100000000000001001000000100000000000000000001000000010001010000
00000101000000011000000000000000000000000000100100000001001001000000100
10000000001000011110000000000000010000110000000000000000001000000000010
00000100000000000000000000000100001000000000000000010000001110010000000
00000000000000000100001000001000000000000000000000001001000000000010000
10000000011110000101100000101000100000001010010000000000000100000001000
00010000000110000100010001000001000110000000100000000000001001000000100
01000100000010000010100010000000000000001000000000000000000010001000100
00010000000000000000100100000000100000100001000000000000000100100010000
01010000011000000010000001000100000000100000000000100000000001000000010
00000100000001011000000000001000100110101001000000000000010000001000010
00000100101000000010001000000000000010000000010000001000000010000000000
00100000100000000010000000000100000010000000001000000010000100000000000
00001000000000000000000100000010100000100000000000000000000010000000011
00100010000000000000100010001000000000000000101000100100011000110000000
00011000000010000000001000100100000000000000010000000000000000000000000
00000000000000100100000000000000000000000110000000010000000100001000000
00000000000000010000011000000000000000011000010010000000101100010100100
00000000000000010000100000000001000000000001000000000000000000000000001
00000000000000001000000000011000000010000000001000000000000100000101000
10000111010100000000000000000000000000000000000010011000000100000000010
01100000110010000000010000000000000000010000000001011000000010000000000
10010100000001000010000010010001001100010001000010000001000000100000000
00000001000000000000011100100000100001000010110011010000000000000001000
00000010000111000000000010000100000010010000000010000000010000000100000
00000001100000001100110000000000100000100000000000000100000000001000010
00000101000100000001000010000010000001100000000001110000101000000001000
00110100000000000010000000110000000000000100100011100100000010000000000
0 0
70 70
