67 72
100000001000110100010000010000000000000000000000000000000001100010001100
000011001101001011000001000001000100001000000000001000010000100100000000
000000001010000010100010000000000000010000000000000101100100110111010100
000000000000000000100000001001000111100000000000010001010001000000100000
010010100100100000010010001000010000000010000000000010101100000000000000
000101011010100000000000001000000000000000100110000000000000011000010001
000010000000000001000000000000010010101010100000000100100100001000000000
000000000001100000100011000000010011100010010001000000000000000100000010
000100000000010001000001000001000000000000000010000010100000000110010000
000000100000000010100100001000010110010010000011001000100000000010000000
100010000001010101000000010000000110000001101100000000011001000000000100
100000000000001000000000011000001000101000000000000000100000000010101000
000000000100000010000000000000000000100000000010000000001001000100000000
000101010001110110101110001100000010000000001100000000100100001001001010
000110001010000000000000000001000100000100000000001000100100010001001000
000100100000000000010110000010010000000011000000000000000100000000001010
010100010000100100010100000000000100010000000010000000100101000100110001
000000000100010000001000111010010000100001100001001000000010000100000000
000101000100010110001000010000010100000000000111000000001010000010000010
001000000001000110011100100100000110010100011000000001000000010100000001
000001000100010001000000010000010001001100000000000000000100010000100001
000010000010010001000000010100001100000100010000000000001100010000000000
110000000010000001000000000011010001100000000110000100000001000001101000
000101000100000100000001000010000100000000000000000000100000001011000000
001000010001000000001101000000101010000100000000000000000010000100101000
000001100010000000000110000010010010000001000001100000000100000000000100
001000110001000001100000011000000010000000100110000001100000000001000010
100000010000000011011000000000101001001000000100001000000000000000111011
000000000100100001000000100000000010000100101100010000100000100000010100
000000011000010000010011000001000101100000100000000000110010000000000000
001111010000000000000001000010001101000100000100000101000000100001000001
000000001001000010000000010000000000010000001100000000000000100000010010
101001010101000100000100010000000000000100111000001100011100010000100100
010010000101000100000001000000000001100001101000100100000001110000000000
000000100000000000011010000001010100000000000011000000000000001001001100
000000001000010000001011001000000000001000010000100001000101000000000001
011000000100001001000010100100010010100000000100001000100000001000000000
000000000110100000010100000000010100100000000111000000000000001000000101
010000010011100000000000000010001100010101001000000010000001000101001010
010100100000000100110000000110001101000000000010011100000000010001000001
010100000000000001011000100000010001010010011010000100010001001100001000
000000000000000100100000010000000011000000010001000000010010000000101000
000100011000001010000000010000100000000000100001001101010100000001000000
010010101000101010000001000001010000000000101000000100000000001010000011
000010001100000000000000000010000000110001000001001100000000100000000000
000001100000000101100110001100010000001000001001000100000110000000011000
000000000000100000000000100000100001000010011001000000000000000001001100
001100100100110011110000000001001100010001100000100000000110000001000000
000000000001000010000001011000010000100011000010000001010100001010001000
000000000000000010000110101000000000000000000000000011001000011000000000
000000100000000000000001000000101000001010000110000000000011011000000000
100000010000000010001000000100000000001010100010000100000000000100010000
010111000001000000001000100100000001000000000001000000100000011000000001
001010000000101000000010000010000000101000000010100000000100000000101001
000000000000000100110000000001000110000000000000100101110000001000001100
000000000010000010000000000000000000010010001000000000001000010010000100
000000101010001000110011000010001000010001000100100110001000000000100000
000000000100001000000010000100001000110000000001001100000001000000010100
000001101000001100010000000100010110000000010010100000000000100000000011
001000000100000100100000000000010000010000000000100001000000000001010000
000101001001000001100000010101010001010110000000010000100000000001110000
000000000000010000000100000010001000001000000110010000000000000000001100
010001111000000000010000000000000100000001010011010001001000010000100000
000100101000000011110000100000000000000000100010000011000000100000000100
000100100000101001000000100100100000000100000000100000000001001000100000
000110010000000000000010111000000000000010000000001000100000000000100100
000001100010000001000000111000000001010010001100000000000101000000100100
43 7
9 71
