72 72
000000100001000000000100000000000001010001000011000000000000001010000000
000000000000000010000000000000001000000100010000000000000000000110000001
000001000100000010000110101000000000000000000010010000100000000100100001
011010010000000000000111000000000000000000001000010000000100001000000001
001000100000000000000000000000001110000000000000011001011000000000001000
100000000100000010000000000110000001000000001000010000010000010000000000
001010000000000100000000000000010000010001000000000010000001000000000010
101000000001000000000100000000000000010100000000000001001100000000000000
100000000010000000000000010000000000100001001000000000010010000000101100
000000000000100000010000100000110000001100000000100000000010000100000001
111010000100000001000000000000100000100000100100001000000110000000000000
001000010000000000000000110000000101000000100100001001000000000000001100
000000000001000110000100001100000000100000000000100001000010001001000000
000000000000000000010000000000000000000000110000000000000010001100000100
100000000000001001000000101000010110001010000000000000000010000000100000
011000000001001100000010000000100000000011100100000000000000000000100000
000000101000000100000000000000000000000000000010000000000010010000000100
100000000010000000101001000011000100001000000100000100010001010000001000
010001000000011000001100010001000000010010100000001000010000000010000000
000000001000000110000001000000000010000001000000000000001010001011000000
100000001000000000001001001000001000000000000101000100100000000000000001
000100010001000000101100110000000000000010000000000100000110000000001001
000000100000010000000000000000000000000000001000000001000000100000000000
000000000110000000000000000000000001000000000000000000000000000000000001
000000000000000101010100000100000110000000000000001000000001110011000000
000001000100001010000101000100000000000000010001000001001001000000000000
110000000000100010000000000000000000000000000000000000000000100000000100
110000001111100000000000000001010010000000010010000000100000000000010000
000000000000000000000001001010000110010000000000000000010100000100100010
000000001000000000100000000000010011001000100000000001000000000001000110
001000001010000000000000000000000001100100000000000000100010000001000011
000001000000000000000100000110010000010010101000100001000000000000010001
100000100000000000000000010000100000011010000000000000010000000001000100
001010100100000000010100000000000000000010001000010100110000001000000000
011010001000000000000000000010000000011001001010000000100000101000000000
000000110000010000001000000001000001110000101000000000100100000000101010
100000000000000000000000010011000000000000000000001000001000000010001010
000000100000100001000101000000000011000010000010001000000010001010000101
010000000011100000000001000000000100000110000000110000000010000000000000
000000000100000010100000001100000000000000001001100000000011100000100000
001000000100100000010100001000000000001000000000100000000000000000000000
000000000000010010000000000100100000000000010000100000100100100000000000
101000001100000100010010000000000000100100000010000000000001000000001000
000001010000110000000101000010000000010000111000000000000000000001000100
000010000001000010000000000000000100000000000000010001101000000000010100
000000000000010101000000001000000000000000000010001000001100000000000100
010000000010000000010001100000101000000000001000000001000000000100100000
100000000000000000000000000100000010000000000010010000010010000010001100
001000000000001000000000000101000010000000000100001010100011000000000010
000001000000000000001000100000100000000001000100000000001100000100000000
000000000011001000001000000001100001000010010100000000001110100000000000
000000000000000001100000110000000010000010000100001000000000100000000000
000010100000001011001000010000010000000000000000000000000100000001000000
000000000000000000000010000001000001000000001000000000000001010000000000
000001010100000001010000000000100000010111000000100101000000010101000010
001000000000000000001000001000011100001001000000000010000100000100000000
000000000001100000000001000000000000000000000000100010010100000100010110
000000000000010000001001000000000000001000000011000000100000011000000000
000000010000010000000000010000011000100010100000001010000000100010010001
000000000000000000000100001010111000000000010100100000100100000100000010
001101000010000010000000000110000000000000000000000001000100000000110000
000000000000010010110001100100000100000000101000001000000100011000010001
000000000000000010011001010000000010010100000000000000000100000010000000
000000100111001110001000010100000010000000000000000000001000000000000001
000000000001010000100011000100000000000000000000000101001100010000001000
111100100010000001010000100000000000000010000000010000110000000010100000
000001000010010000000001001001000001000100011000000000000011000000010000
000000000000010000000101000000110000001100000001000010110000000000001000
001000000000001001000000010000001000001010100000000000010010000001100000
100000010000000000000010001000000000000000000000000100000101000000001000
001000000010000010000000000000010000000100100000001000001000010000000011
000010000100000100110000000010001010000000011010010000010110000000000000
0 0
71 71
