68 73
0010001000000001010100100010010000000000000000000001000000010010100000000
0000000001100000001000000100000000000000000000100000010100000001000011000
0001001001101001010100010100000010010000010001010010000111001000000010000
0110100000011000000000001001001000010001110000110011010000100101001000001
0010000000100000010100000000010100000000000000000001101000000110000000000
1000000010011100010010000000010000010110000010010000000000000001001010000
0001001000100000000000000010000010010000000000000100010000010000000000010
1010000000010001111011101100000000001000000010000100000000000100000000000
0000011000100000000001000011101000001000001100000010000101000100000001000
0101010101000000100110000000000100000010000000001000000011001100101000010
1110000000010000000000010000010000000001001000000101000000000000000000000
1001111000000110011100110010100001100001000010011000100001001001000100000
0000000000000001100100000000000100000001010011000010000001010000000100001
0000000001001010000000010001101001010011001000010001000010000000001000100
0000000110010000010000000001000000000001000000000010110100000010101000000
0000010010100000001000010000001011111110000101010000000000000000001000001
1000000000100000010001000001000000000000000001000001100000000010010001000
0000000000000000000010000000000010100100000000001010000000001010010000000
1000000100000010000000000000011100000000001100010100000000000000000000000
0000000001100000000001010000000000011101100000111110110000010000011100000
0000100010000001001100000000000000100010000001100000010000001110100100100
0001000010001001000000000000100000000001000000000010000101000000101000011
0000000001100100100000100100001000000000000010000001000001100000000000001
1000000100100000110100001011000010110000000010000000011001000000001000010
0011000000000000100000000100010010000100000100100001000001000000000100010
0000000000000110110000010000000001000000000001000001110000000000001000001
1100001000000100000010000000110000101000000000001000001100011101110100000
0000000000101110000011000011000000001000000001100000000100000000000000011
0001000000000000000010000001000011000001100110000000001000000000000000010
0010111110100101100001100100000000000000001100100000100101101000100000001
1001000000000101000000011100011010100000001100000010000011001001010001000
0000000001110000001000000001000000000000010000100000001010000010001000000
0001001100000100100100010001000001000000100000000000001000000000011010010
0000001000010011000000000000010100000100000001000000000000000000000010010
0000000000000100000000000000010000001000010010000000010001000000000100000
0000000000001000000000001000000010000000010101000000100000000011101001001
0100000000000010100000110000000000100100010000010010100000000110000000011
0010000100110001100000011001000000010000000000001000000100100000100110001
0100010000000010001001100000010000000000100000000001010000000010001000000
1010010010000100001110000000011010001000100000000001000100000001011001000
0100000000100010100000000000000000000000000101001000100000000000010010000
1001001000000000000000000011110000100100000010000000111000000010100110000
0100000010101000010000100000000001000010001000100000010000010001100010001
0010000001000010000010000000011000000000000001001001000110000010100000000
0100001000000000000100000101000000001000000011001000010010100000000001101
0001100000100010110101000000010000001000001000010010000011000100100000000
0010000101000000001001000000000001000010100100000001100010001100000111010
1000000000000001100000110000000110101000000001000101011000101000000010000
0110000000100100010010110010000000000101000000001000000000100100000000000
0010000000000000000000000100000000010001000000000001000100110000000100100
0010000110010000001000000011101110000000000000000001001000000101000110000
0000000011000000100000001000011000000011001100101000000000000000000000000
0010000000000000010001100010011000010000011001001000000001000100000010000
1000000000000111100011100100110000001001010000000000000000000001010000000
0000000000011110100001000100000001000000000010100001100000101000000000000
0000000010000010100000000000101000010001000000000000100000000000000000000
0010000000001000100000000000111111010010000010010000001000000010000010010
0010110001101000000000001100000101000000001000000100010000000001001000000
0000000101000000110000100111000000000000000010100000010010001001111010000
0000100010000000000000000001000000100000000011001010000000000110011000000
1000000001000000100100010000001010001011010000000000000000000000001100000
0000000100110010100100010010000000100000000000000000101011100001000100110
0000010001000110000100001001000000000010000100000000000000000000011000000
0000000010000000011100100000010000000000010100110000001000001001000000000
0000000000010010100000000000000001100000000100000001001000010000000001000
0000010101000010110000000010000010000001001000100100000000001001111011010
0000000000000000001010000101000001000100000001010000000000000100010010001
1001000000000110100000000000010000010001000101000000110010001000000000001
54 2
4 67
