73 73
0001000000010100011000001000000100000010000100001010010000000000000000000
0000001001010000001000100000000001000000000000000000010000000001000010000
0000000000000010010000000000000000000000000000000000110000000000000000000
0100000110000000000000000000000000000001010000000000000000100000000001000
0000000000001000100000000000000000000010011000000000000100000011100000100
0000000000000101000000010010000010100000010000000000000000011000011000001
1000000000010100110000000000000000000110001000000000100000000000000000010
0010100000000000100000000100000000000011000000000100000000001000010000001
0000000010001000110000000000010100111000000001000000000100000100010000000
0101001000000000000010000000000100000000000010000100000000000000010000111
0000000000000000000000010001010000010000000000001000001000000000000000000
0000000000100100100000000010011010000000000000000001000000000000000100011
0000100001100000001010000000000000001000000000001000000000000000000000000
0100010000000010000001000000010000100000001010000100001001000000000101000
0000000000000000000100010000000000000000000001010000000010001010000011000
1100010000000000000010000000010010000000100100000000100001000000011010000
0000000100001000000000100000000001000000001001010000001000010010010000000
0000001001111000001010001010000010000000000000000001000000100010000000000
0000000001000101100010000011000000100000000100100011000000100110010000000
0001100000100000000000100000000000001100000000010111101000000001000000000
1000000100010100010000000000010000000001101001110010000000000000000000010
0000100000000000000010000001000000000100000000100000000000010000000000000
0011000011000000100000011000000000001000100000000000101000000000000101000
0000010000000010001000000000010000000000000000000001001001000000000100000
1000001000000000000000000000000001000100010000000000100000000000000001000
0011010000010010000000100010000000000000000000001000000000000100000000100
0001000000000010010001000000100000001100000000001010010000010000000010001
0000000000000011000000000010000000000000000100000000000000000100000000010
0000000000010000000001010000001000100000000000011000010000000001000000000
0010000000000010010000000000010010000000000000001000000101001000000000110
0001000000101110000000010001000011000000100010000100000001001000000000000
0001000000000100100000000000000000000110000000000000001000010000001000000
0100001011000000000010000000000001000000000000010000000000010011000000000
0100100000101000000100000010000010000000101001000000000000100100101000000
0000000100100000001000000000000100000010000000000000001000011000100000000
0010001000000000000000000000000000101101010000001000101000000000011100000
1000001110100000000000100000000000000001001100001000000000000000000000001
0001010000010000000000100000001000000000000100000000000000010000000000000
0000100001000101001000000000010000000000010101100000000100000000000000010
1001000100000000001100000100000000000000000000000000000000000001010100010
0000111000100000100001100000001000000000000000100010000000001000000001000
0100001001101000000000000000000000000000010000000000000010000000000000000
0000000001000000001000000000000000000000000000001010000000111000000110110
0000000001001000100000001110100010010001101000010100001000010000100010000
0010001001100101101000000000000100100010011100001000101000000000000001000
0100000010000000000000010000000010001010000010000001000000100000000000000
0000000000000000000100100001000010000001001000000000000000011000001000010
0000100011011000011000010000000011010000000000010000000000000000000000000
0000101000000000000000000000000000000000000011000000000000000010000000100
0010000100000001001000010000010000000000100000000000010010101000000000001
0000000000000001000000000010000000000000000000000100000000000100001001000
0000000001000101000000000000000000000000100110000000000000000000000100000
0010001000001010000000000000000001000001000001000000100000000001000001000
0010000001001000001100001000100000000001000100100001100000001101000100010
0000000000000100000000000000000001000000000010011100000000000000001001001
0000001001000110000100100000010000011000000000100000001000010000000001000
0000110011100000000000100000000101001001000000000001000000001000000000011
0000010000001000000010001000000000000000110001000001000000100010000000000
0000000000100000010000000101000000000000000010010100000010000000000100010
0000000010110001000000000000000011010110001100000000000101000000000000010
0000000000110010001000000100000010100000100000110001011011010000010000000
0000000000001000000100000000000000000000000000000111000000000010000000000
0001001000001110000000010100001100100010000001000000000000000000000001000
0010000000100100001000100000000000001100000000100000000000000001000000000
0010000000000001000110001000000010000001010000000100101100000000000000000
0000000010100000000001000010100000000000000110110010000001000000000000000
1000000100000010000000000000000000000000000000000000100001000001010001000
0100000000000000000100111010010011000000001000100000000001011000000000000
0000110110100000000000000000000001000000000000000010000100100100000010000
0000000000000010100010110100010000001000000001000000000000000001011000000
0000011000000000000100010000000000000001000001010001000000000000001010000
0000010100000001000010100000000000000100000000000000100110000000000000000
0000100000000010000100001000100100001000001000110000000000101001000010000
0 0
72 72
