69 74
01000000001001000100000000010100111010100100000000010000000100010010100100
01110111110100001001010101000011000000010000010000100100001010100000000000
01000000000000000010100000000000000000000100000000000010000000010100001010
00100001010011001010001011001000001100000010010010001000001000101000010000
10000100100010000000110010100100010001110100100000000101010000000000010000
00000001101000000001000110000001000000100001010000000000000001000100010000
00001000100000101000000100000001010000100010000001010011000100000000111000
00000000110000000000000010111000000000010000000000000000000000100000010000
00000100000010000000000000000001000000000000010010000000100000000000000010
00000010000000000000000000010100000010000000010000000110000011000000000000
00000010000000100000000010000010010010000001101000111000000001010000000000
10100110010000100000001000001100010000100000010000000000010000100000010100
01001100011000101001000100010010010100000000000010000000000000100000000000
00000001000100010001010110000000000100000001000000101000001000100011000000
00000011000000000000000000000010000000000000000011000000001000001100001000
00000000100010001010100101001011000000000000000001000000000000010100100001
10001000001000001000000000000000000100000100000000111011000000100100100000
00000011000100000000100000100000000000010001001010011001010000111001000010
00000001100100010000000000010100010010001100000000100000000000100000000001
10100000010010100101000100000001101010000100011000000000101011001010000110
10000110110000000000000010011010001000110100010001110110000000010000000000
00000111001000000001010010000000011010000100010001000011011111000000000000
10010000000001000100000000100000000011000100001011000000000010000001000001
00000000000001010101100000010100010000100000000001000000000101100000101001
10000000000000001110110000010010000001000010000000000000000001000001100010
00000000010000000001011000100000000001100000100100001000101110000100000010
00100000101010110000010100000000001000000010000000010000100000000110000100
10000000001000000101100100000000001001000010110000000000000000000000000000
10000100000001011001010000010001100000000010100000000100111000001000010100
00001010000101000000100000110100011010001000000000010101010100000100000001
00100000000000101001011100100000000000100000000000010000101100000000000000
00000000000000000000000100010000010000010001100110110000000000000000010000
00100000001000010000001000000001000101001000000000001001000101000000001000
10000010010110100000000111000000000000100000000000000001010000000010000011
00000010000010000100110001110000000000000001100000110000000000100000000010
10000010101001110000100010001000100010000010000110101000001000000001000000
00100000010000000010100000000101100100100000101000000001110001010000000000
00000110001101000000000100011101000110100000010000000000000000100001010000
01100000010000001011010000100001001000000011000010010100100000000000000101
10010010000011001000000000000100010000101100001011000110000000001011010000
00000001010100001000010000010001010000100000000000000000011100010101000000
01000000010001001001000001000000000000000000010001001000001010100000000000
00000000000000000000000010001100000000001011010100000000010101000010001000
00000101000000010000101000010100100001001001000000001110000001000000110001
10000000000011100000000010000000100100010111110010000010010100101001001000
00100010001000000000000000000000000010100000001001010100000000000000000000
00000001000001001000000000100000010000000000000101001000001000000000100000
00001000001011010000000100000000010000011001000001000000000000101001111000
11100000010000100011011000000101100000001001100010001000000000000001010000
10100000000100000000100110101001100000000000000001000000010100000000000001
01010011000100010100000010100011101000001000000000100010000010110000000000
00000000000001000001101001000000000000001010010000000101000001000000000000
00000000000000000000000101000000000000000000010000000000000000001100001100
01000100010000000001000000000001010100001011000100011101000100000100100000
00010001100110100001010110100010100000000000100001000100000000010001000100
00000101000001110000110000000000001110101000000000010000000011000000000010
00000000000000001010000000000000000000011000000000000001000000110001001000
00000010000000100000000000000100001000100000011000010001000000001000100001
00000010010001100000000000000000001110100011000100000101000100010000000010
10001000001000100000000001000100000010001010110000000000000100000000000000
00001000000101010000001001000100001000100000100001000000000100000010000010
10001000000000000000011010001000000001010000000000100000000000001001000000
00001001000000000000000001000000010000010100000000001100000001000000010000
01001010100000010000010100000000100100000100000101000001000001001000000000
00001000000000000010011010010100000000000000000100000001000011000100100000
01000001001100000000100000100010100000000000000010000100000010000000000000
01001010000010100000000100110110000000001000000000000000100000100000100100
11000100100011000000000100100110000000000000000000000010000000000001000000
11010000100000000000010000011011000100100010000000000001000110000000000100
17 45
68 2
