74 74
00000000000010000000000000000000001000000001000100000000010000100000000000
00000000001000000010000010000000100000000000001100001000000000001000000000
00100000001000000000000000000100010110000000010100100001000000000000000101
00010000010001100001000000000000110000000010000000000001000001000000001001
00100001000000101000100000000100000000001000000000000000000100000010000000
10000001010100000000011000010000000000010100001000000000010100000100000000
10000001000101000000000001010000000110000000000001001000001000000000001000
00001000000000000000100000100000101000000000000000000010000001000000001000
10001001001000010000010000000101000000000100000000000000000000001000001000
00000000001010001010000100000000000100000001000000100010000000000000000000
00000110010100000000000100000010000000000100010100000000000000000000000000
01000000000010000000000001000011000000000000000000000000000000001000101001
00001000100000000000000100100000000000100000000000000001100000010000000000
00000000010000000000010000000000000000100000000110000000000000010101100000
00000001000000001000000000100001000001000000000000000001100000100000000000
01010000000011101010000000010001011000000001001001001000000100010000000000
00100000000000000101000100010000010000000000010000000010000000000100000000
00001000000000100000100000010000010000000000010000000000000000000000000000
00011100000000000100000010000100000101001000100001000100010000000000000000
00010010001000000000001000000000000000001010101000110001000100100001000000
00000000010000000000000000000000100100000000000010010000000010000000000000
00000000010000001000000100010000000100000100000100000101000001010100101010
00000000000010000000100000000000011000100010001000000100010000100000000010
01100000000000000000000000100001000000010100000010011001000000010000000100
00000001000010000010000000000001010001000000000001010011000000001100000010
00010000000000000000000000000010000000101010000100000110000000100000000011
00010100001000000000000000001000000001000000001100100100000010100001000000
00000000000001010010001010000010001000001000000000110010000000000000000010
00000100000010100100110100001001000000010011000000000001000001000001000000
00000000000000000001010000001000000000000000000001000010001000000000000001
00000000000010000000000000000000000010000000000000000000000000100000001000
00000000000000100000000000000000000010000101000001010000100010000000100000
00101010000001000010000010000000000000001000000100010000000010000000001000
10000000000100000000000000001000010000000000000000011000110000000100010010
00000000010000010000100000001000100001000001100000000010001000000110001000
01000100000000000000010000000000000000000010000000010000000000000000000000
10000010000010000000000010010000000000000001100110010010000010000000010010
00100000000010000000010100000000000010000000000000000000000001000000100000
00000100000000010100000000000000110000000110000000010100010011000000001000
00000110000010100000000110110000010000000000000000000000000001010000010100
01000001000000000000001000000000000000000000000010000010000000011000100000
00000000000110000000000000000000000000010001001010100000001000000100000000
00010010000000000000001010000000000010000000100100000000000100000010000000
00000000000000101000000101000000000110001000000000000000010000000000101000
00000100000000000000000100000110010000110000000000100000000010100000100010
00000000000000000000100000000100011000000001000000101000000000000100001000
00000000000100000000101000000010100000000001000010001001010000100001000000
00000100100000000001000000000000000100100010000100011000000000000001100000
00010001000000000000000000010100000000011000000000100100000001000001000100
00110000001000100001000000100011000000100000000110100000010000111000000000
00000001000000100001101000000000100000100000000010000000000000010000000000
00000010001000000000000000000000001000100000000010000010001010100100000000
10000011000000000100000100000000000000000000000000010100010000000011001000
01001011100000000000100010010100001010000001100001000001000001000000000110
00010001000000001100000000000000000000000000000000000000000000100000100000
01010000000000010100010000110000000000000000000000010000010000000000000001
10000100000000101010000000000000000000000000000100001000000000010010000001
00110000100010000000000000000001100100000000010010000001000000000001100100
01000000000000000010000001000000000000001010000000000100010100100000000000
10000100000000000000101111010100000010011010000010000000000000100001001000
00000001000000010001001000000000000001100000000001101000000000000000000001
00000000000010001000110001011100000000000000001000010000000000000000000100
00000000010000000000000010000000100010000010010000000000000100000010010000
00000000000000001000000000000100000000000000000000001010000000001010000000
10000110000000000000000000100000000000000100110000000100000000000001010001
00000111000000000000011000000001010000000100001010000000000000000000010010
01000000000000000000000010100000010000100110000100000000000000000000010001
00000000100001010000010000000000000000000000001000000010000001100000000000
00000000000000010110000000010000000111000001000000001001000001000100000001
00010001000001000000100000000000000000000001000101000000001110000010000000
00000000000010100000000100000000000100000001001000010000000000001000100000
01000000000000001000000010000110001000001000000010000000001101001001000100
00010000100000100000000000000000000001000011100100011011001000100010001000
00000000000000001000000000010000000000011000000011001001000000000000000000
0 0
73 73
