70 75
110100000010011000000000010110001000000000000001000000100010001000000000101
000000010011010000000000101010100100100001000000100011010000101010010010000
000000000011000001001101000110101000001000010000000100001010000001000000001
001000110001100010110100000000000000001000000000010000000000100000000000000
001001000010000000010000011010110000100110000000100000001000001100000000100
011000000000000100000001000000000000101011001100100100001100000001000010001
000001110001000010000000000001000110001000101000110100010001000000000010001
000010000001001010100000110000000000010001001011000101000101000010001001010
011010000000010010000001000001010000000000000000010000100100000001011110000
100000000000010010000001001000010100011001000100000100000000000000000010000
000000100110000011000000011010100000010110100000110000000010000001010100000
000000001001100010000100000010100000000001001010011100001000000000001001000
000100000000110000000000010010000000000000000001010000000001011100100000000
010000010011000101001000000000000110000100000000100100000001100001000000001
010000000000001000001000001010010000000000000000000000001100000000001000000
000000000000010000000000010100000000000000101000010000000010100000101010100
000000000010000001010001000000000000000100000000100000000010000000000000000
000011000000100000001000001000000000010100000000000010000000100000001010000
010000000011000100100001010001010000001000000101000010100100100000100000000
001001010110000010000000101000000000010000001100000000010000000001010000011
010000100100010000001000000000000000100001110000010000001000000001000001010
001010100010001000000000000000000001010100010001000010100000010100000000011
000000000000000001000000001000100000000010011001000000000000010000000000000
000001000000000100000000100000000100000100010000100000000100000100010100000
001110000000010010001000011010000110000000001000000000100000000100000000100
100000000001000000000011000100000101000000000000010010010100001000000010110
000001000100000001000100000000001000000000000001000000110000001110101000100
001000100110110111101000011100000010000000000000100100001001010100100000110
000000000100100000000000010000010000000001100001000001000000100011000011010
000000011011010000010011000000001001000100000100000010000100001000000000100
000000000010101100010010000000101001001000010000000100100000000000000110010
001000000000000000001000010000000010000001100001001001000000100000100000000
100000001000001000010000000000001000000101000000011000010010000101010010000
000000001000010001000100010000000001000000000000000100000001000010101001010
101000000100100000000000001001010001000111000000000010000000001010100000010
000000010000100001101100000000000000001000000000001000010001010000100001000
000010000000000100000000001110001010010000000000001000001000000100000101000
000001100000010000110000100000000000000000011001010010001000000000001000000
000011000000010000000000010000000000100000000000000111000000000010001100100
000000100000000000100010010000000000000000000100100100000000010000000001000
100001000000100001001000010001000010010000000100000000000000000000000000010
000000000000110000010010000000010001000000000000000010000000000110110010101
000010000001000000110000001010000000010010000010001100010000001000000001000
000000000010101000110010000000000001000110000010101101000001000110000000000
101000100000100000000000000111000010001000000000011000000000000000100000100
011000010000000000000001001010011001011110000010100010101000001001100001000
000000110110100000010100000001001000000000000000000000010100000010100100000
000100100000010000100100101000100000000000010000101001001000000110111000001
000100000001000000000000001000010000000011000000000000000000000001100000000
010000000011000000001100100100000000000000110000000000000001000000000101000
000000000000001001000100000100111101001001000000000100000001000100101100000
000000011000000001000010000000001000000000001000000000000011000110000000000
100001001011001100000100001101111000001000101001010000100110010100000000100
010010100010000001000000010010110110000011101100001000000000000010000000000
010100000000000000000000100010000001000000011000010001100000110110000010000
000100100100001000110011100001000010000001000001000011000000000000010010000
000100110101000001011001000100000001000000011000110001000001000000001001111
010000000000000001000001100000000001001001011000000000000011011000010110100
000000100000000000100000100001000000000000000000000101000100100000000000010
010001001000101000000001000101000011000010000011011000000000000001010010100
011000100110000000100000001010100000010000000000000011100000000100001010100
010000000100000100000000100000000101001000000000000000000110000000001000100
010100000000001010101100001001000000000000011001001000011010000010000100010
000100000010000011000100010000101100000000001101000000010000000001001100000
000010000000000100010010010000000010000000010011000000000000010000100000010
100000010001100101001100001010110010001011010010001000100100001111000010000
000000000010000000011000000000100000000001000000000000001000000100000100110
001010001000010000000011000100000000000000000001100000001001100000000000010
011000010001100010000000101000001000010100001100101001010000000100000000011
010010000100011010000100000001000001000101000000100000000000000000001001000
64 18
14 72
