75 75
001100000000100000000000000100000000100100001000000001000000010000000000000
000010001010000000010000000000000100010000000000000010000000000010011000000
010000010000000000000100000000000000010100000000000010000000000000000000110
000000000000000001000000000100000000010000000000000000000000000010000000000
000000000001000001010100000000000000000011000000000001001000000001000000000
000000000000000110000000000001000000000000000000000000000000000000000000100
000000000000100000100000000010000000000000100000000000001000011000000000000
000000000000010000010000000000000000000001000000000000000000000000000000000
000000000000000010000000000000000000000000000001000001000000000000010000000
000000000000000000000000000000000110000000000000000000000000010011000011100
000000000000000000000001000000100000001000000000010000010010000100000000000
000000000000000000000000000100000010010100101000100000110000000000000100000
000001000000001000000000000000000000000000000000000011000101100000100000000
000001001000010000000000000000000000000000000000100000000000001000001000000
000000000000000000000000001000000001000000000010000010000000010000000000000
000000000000000001011000000000010000000000110000000010000000000000000001000
000000001000001000000100001000000000000000000001000000000001001000000000010
000000000001000000000000000010000010100000000000100000000100100000010000001
000000011000000000000000000000000000000011000000001000000100000000100000011
000110000000000000000000000000000000000000000110101000000001000000000100010
000000110000000000000101000000000000000000000000000000000010000000010010000
000000000000000000000000000000001000010010000000000000000000000000100000000
000000001000000000000000000000000000000000000000000001000000000010000100000
010000001000000001010000000000000001000110000000000000000001000000001000000
000000100000001000010000000000000000000000100011000000000000000010000000000
000000001000000010001000000000000000011000000000000000000000000000000000000
000000011000000000000000000000000010010000000000000001010011000000010000001
010010000001000000000000000000000001000000000000000001000010000100000000000
000100000000000000000000000000000000000000000000010000000000000000000000000
100000000000010000000000000000000000001010000000000000000010000000000000010
000000000001000100100010000100010000010000001000110000001000000000010010000
000000000000000000000000010000000000010100000010000000010000000001000000000
000100000000000000000000101000000011010010011000001000000101000000000000000
000000000000001000000000000000000000001000100000000000000011100000100110000
000000000101000100000000000000001000000001000010001000000000010000110000001
000000100010100000000010000000000000000000000000000000010001000000000000000
001000000000001001000000010001000000000000000000001010000100000010000000000
000000000000000000001000000000110000000000000000000000101000101000000001000
000000000000000000000000100000000000010000000000000001000001000100000001000
000000000001000010100100000000000000000100000001000000000000000000000000000
000010001000000000000110000000000000000000100000000001000000000000000000000
010000000000000000000000000000010000000000000000000000000010000000000000000
110110000000000011000000000001000000000001000000000000000000000000001001000
000000000000000000000000000001000000001000000000000000000000100000000000000
001000001000000000100100000010000000000001000101010000000000000000000001000
001000000010000000001000010101000010100000000000001000000000000010000000000
000000000000000001000001100000000000000100000000000000000001000000000001000
010000000000100000000000100001000100000000000000000000000010001000000000000
001000001000010000000000000000000000000000011000010000000000000000000101000
000000101000100000000010000000000000000000000000000000000000000000000000000
000000000010000000000010010000000000000100001000000000000000100000100000000
110001000000000000000000000010000000000000110000010000001000000000000000000
000000000000000100000000000001000000000000000001000001100010000000001000000
000000000000000000001000000000000000110000000000000100001000010000001000000
100000000000100001000000000000000000000000001000000000000000000000000000000
000001110001000000000000000000000000000001010100001000000000000000000000000
100000010000000000000000000000000000000000000000110000000000000000000000101
000000000000001000010010100000000100100000000000000000010000000000000000000
100000000000000000000001000000110000010000000000000000000100000000000001000
000000010000000000000000001000000000000001000000000010010000000000000000000
000000000100000000000000000000000000000000000001101000010000000000010000000
010000001000000000000000000000000000000000010000000000000000000000000100100
000010000000000000010000000100100010010001000100000001001000000000000000000
001100001000010000001000100000000000000000000000000000000000000000100010000
001010000000000100001000000000000000000000000000001000000000000000000000000
000000000000100000000000000000000100000000000010000011010000000000000000000
000000000000001000000000000000000000010001000000000000000000000000000000100
000100000000000100000000000000000010100000000001000000000000000001000000000
000000000000000000000001000000011000000000110000000000000000000001000000000
000010010000000000000000000100000000000000000000001000000000000000010010000
000000100000010000010100000000000010000000000001001001000000000000000000000
000000000000000000000000000001000000100100000001000000000000000000000100000
000000000000000000000000000000000001000000000000100001000001000000000000101
000000000000100000000000000000000000001000000000000000001000000000100000000
000000000010001000000000000010000010001000000000000100000100000000000001000
0 0
74 74
