71 76
0000101111011000111000000001100000010010000000010101000100000010000110010100
0010100000000000000001000000000010000000001100100000001100000000001000000010
1000100000000000010000000100000001100001000000000000100000101000101000010010
0001000000001000010000001000000000100000000001000000001100100000000010101000
0000000010000010010000000101010000100001000000000000000000100100000001100001
0001001100000000100000000010100101000011000000010100010000000100010011100010
0000000011101011000010000010000001100100010000000100000100000000100001000010
0101010011000000000000000100000001010000000010000000010010000100001000110000
0000100001010000101001000001100000101000110100000000001010000000000001100110
0000000000000010100010000000001000101000100000011000000000001000000000000110
0000001110011000000001000001010000000100100000100000000001001000100000000000
0001101111100000000100100100000000000000000011000000000000101100000000000000
0000000000000010000101100000000000010000000000000000000000010000011000000000
0000101100100110001000100000000100000100010000000010000000000000000010011010
0000010100001000000001000001000100001001000110001000001000000000001000000010
1110000010000100011000000000100000011100000000110100101000001000000001010010
0000000000001000111100001010000001010000010001000000000010000000010001000010
0000001000100000000001110001000011000101010100000000001001000110010000001001
1101000010001100100001001000000000000010000001001000000010100000110100000101
0000000011000011000100100000011000100000000100000001000011000101000001000000
0000001000101000000000000101000001010000000100001101100000000001000001001000
0001000000100010000000110001010100001000110000000100000010000000110001000101
1100000001011000000010110000000100000000000000100110000001000000111001000000
0000110000000000001000010001010000001010000001000000010010000010000000100001
0000001000010110000000000000000000000001100001000000100000000000100000001000
0000000000000000000000000010000000000100010000000000000000000111010001111000
0001001000101000000010100000001100000110100000110000100010100000000000000000
0000100000011001011110000001001010000001000100000000001000000010000100000100
0100100001000000000000110100000100001000000100010000000000000000000000000000
1000110000101000000001001000000000000110100000100100010001010010000000010110
0110000000001010000001000000000000110000000000100000110000100010001000000000
1100100010000000010000110000010000000000001000001100010110100000010001000000
1010100001001000100000000001100010000100001010100000100000010000010011010010
0001000101010000011010000011010001000001101010000000000001110000000000100000
1000110011101001100000000010010100001000000000000000101011010001000100110100
0001001010010100000000010000000000000001111000000100010000000000000000000110
0000001000100110000001000101010000000000011000111010001000000000000100101000
1101000001000001110000100100001000000000000000000111000000001000000000000010
0000000000000000000010000000000101000001010001000000010011000000000000001100
1100111000110001000100001010011010000110000100010000000000000000000000000100
1000111000111000000011011000000000100000000101100000001000000000000001001100
0010000001010000000000010000000100000100110001000000000100000000000001000001
0000000010010000000101101000010001000010000010000000000000100100000100110010
0000000100000101000000000000000000000100000010100010010110100110100000000110
0000000000000010100000000001100110010011101000100010000101000001100000000000
0000100001000100001000001111101010000001000000000000000110000000010001000000
0000000000000010010000100110001000000000100000000010100000000100011000001000
1000100010000000000010101000000000000000000000000001000100010000001000000000
0000000000001101010000100000000000001000000000000111010000100000100101101000
0000000001000001000000010000001010010000000000000001000000000000100100010000
0000010010100000010000000000010001000110000111001000000001100010101000000010
0001000001000000000010000000010100010010100011010000100010100000000000001000
0000010010001100100000001011010000000000100100001000011010000000010000000110
0100000000000000000000000000010000110110010100000011100110000000000000001100
0000000010010010100000001000000000000000010000000000001010000100000000001000
0000010000000000001010001000000110000001001001000010000010000000000110001100
0000001000100010000010000000000011000000000000000011011000100010011000000000
1100001000000000100000001000000000001000000000010001001000100000000010100000
0100001000110000000001000000000000000110001000000000000110100000000000001000
0000101000000000100000001110000010010001001001100000001001000110000000000100
0111110000010110011000010101000100011010001001010000110100000001000000000001
0100000010000000000100000010000011000001010000000010000000000000100010000000
0000000000001010101000000001001000011100100000000000001000001000000001100000
0001001000000101000000100000001000000000000010000010001001000011000000100100
0000000010100000000001000000000000001000000010110000000110100000100011000000
0000000000111000000000000000100100000010000100001001000000001000010010010000
0000001000101000000011001001100000100000000000100000001000000000100001000000
0001001000000000000000000000000000000000100110000001101100000000000010001001
0100000000000000011010001000000100000001000010000100100000000010000001101000
0000000000010000000100000000100100000000010001100001110010001000101000000000
0010101000000000000000110000110000000011001000110000011001000000000101001000
17 0
69 68
