76 76
0000100000000000000001000000100001000000000100000000001100000000000000000000
0000000000000010000000000001000001100100110010000000000000011000001111000100
0100000000001000000100101100000100001000000101000110000000010010000100000000
0100011000000000000001100001000010000011010010000000000000001000100100000000
0000010001000000000000000000000000010000000100000000100000000000000001100000
0100000011000010100000000000001100100000000000100100000000001100000010001110
0010000000000000000101010010000000100000000000000000001000000000100101001011
0101010010000000000001000000001000000000000000000000000000010000000101000101
0001010000000000000000100000000001000000110000001001101100001000000100100000
0011000000001000000110000000000010001110001010000010000000100000100000000100
0000000000100000000000000010000100000000000001100000001000000001110000011000
0000100100000000000000000000000000000001010001000100000010010000000001001100
0000000000000000001000000000010000100000000000000000000010001010000000000000
0000000010000000011000000001000000101000001000000011000000101000000000000100
0000000000000000000000101001100101000000001000010000100000000000001010000010
0000001000000100000100000000010000000000100000000000000001000000010000000000
0001001010000000000000000110101001000000000000000000001000000000000110000000
0001000000010000000000000000000000000000000000000000001000000000000000000010
1000000001000000001001100000000000000110110011000000000100000100100000000000
0000100000010011000000000001000000010000000000000111010000000001000100000000
0100001010000010000100001011000000000001000000000000101010010100000000010001
0000100000000010010000000000100000000100000001100000000000000000000000000000
0000000000000000000001000010000000000000001010000000110100000000000000010000
0001001011010100100000000010001000000000101000000000000000100000010000100000
0001000000000001000000001001010010000110000101000000001100000100000000000000
0001010000000100000000000010000000110000000000000000100000110000001000000100
0000010100000010000000001010000001101001000000100000000000000000000000000100
0001000101001000000001000000000000000100010000000000100000001000100000100000
0001000011010110000001000100100000100001010000000000011000001000000001000000
0001000000000000000000110010000000000000000000000001000000010000000000100100
0001000101000000000010000010100000000000000000000011001000000010010011000000
0100001001000000000111000000010000011001100000000000100000000100000100100000
0010000000101100001001000000100011000101110000000000001100001000000010010100
0001000000010000000000000000000000000100000000000000000100000010010000000000
0000001000001010011000001001000100000000001000010100000000000101000000000000
0000000100100000000000001000110000000000000100000000000000000000101000001000
1000000010000000100000000001000001000000000010000000001000001000000000000000
1100000010000000011000000011000011000000010000111000000000000000000000010010
0010000001000000001000100000000000000100000101000000001000000000100000001001
1000000000000000000110011000100000010000100000101000010000000000100000000000
0010000000100000000000010000000000000101000000000000011001000010011000001100
0001010000000000000010000000000000000010010000000010001100100001000000100100
0000001000000000001000000000001000000100000100100010001100000000000100000001
0000000010000010001000000000001000001001010000100000000010110000000000001000
0001000000000110000001001100000000000010000000000000000000000100000000000000
0000010000000000000000000000000010000100001000001000100110000000000010000000
0001000000110000100000000000001000000000000010000010000001000000000000010000
0000000000110010000000100000001000001000101000000000001010000000100001000010
0001000000010000000101011000010000001000000001100100000010000000000000010000
0001010000010001101000001000000000001000000000100010001100000000000000001001
0000001100000000000000000100000100001000000000100010100000000000010010000000
0000001000100001000001001000001000000000000000101000000000001100000000000000
0000000010001000001001000001001100010000001010010000100010010011000000100000
0100010001000000001000000000001010000010101010000100101001000001000000000000
0010000000000000000000010000000000101000010000111000001010100000100001000100
0000000011001010000000001010000010000001000000000100000100000001001000001000
0000000010100000000000001000100000010100001000000110000001001000001000000010
0100001000000100000000000000000000000000000000000000001000100000000001000001
0000000110100000000000100000010010100000000000010000000000000010000000000100
0101001000010000001000000000100000000000000000000101000000000000000000100000
0100001000100000000001000000000000001100000000001010000000010000001000000000
0000000000110000000100100000010010000111000000000000100000000100000000010000
0000000001000000100011000000100011000011000100100100000000000000100010000000
0001000010101000001100001001001010000101010000000010000010001000000000000000
0100000000000100000110000000001001001000001000000000000001000001001000010010
1001001000000011000000000001000001000100000100010100000000000000100000010000
1000000000000000000000000000100100000011000000000000000000000000000000010000
0000100000100000000000000000000001000001000000000100000000000001010010000010
0001000000001100100100000000000000000000100000110000001000000000001010001010
1000100000010000000000000001000000000000010010000000010000011000001001000000
0100000000001000010000000100000000000011000011000100001001000000101000000100
1000001000100000000010011000000010000001010000000000000000100100001100010001
0100001110000000010001001000001000000101000000000110000011000000001000000000
0000001000100000000100000000001001100010001000110011000000001000000000000000
0000000000000000001010000011000000100000100000000010000000100001001101100010
0011000000000000001010000000000000001100000000100100000000100100010110001000
0 0
75 75
