72 77
00100000100000011100100100100100000000000100001000011000000001100000000010000
00100000010100100100000000001000010000010001000000010010000001000110001010011
10100110000010011000000001000001010001001010010000000100000011100000000000000
10000001010100000110100000000000000010000000100000000101000000000010010000000
01000000001000000000100100000000000000111100000111000000101000001000000100010
00000011000000001110000000000100000011000010010100000001000101100100000001000
00000011001001000000010000010000100110010110000000000000010100000000101000000
00000100100010100010001000010000000000000000100010010001100000000000000010000
00000001000101000000011000000000000000000110000001000000000100100000000000000
10100001010010001001100000100001010101110000000011110010000000100000010001000
10100100010000000100010100000100100000000000000001000000000000010011001110100
00010000010101000000000100000100000100000011000000000110011110011101011010000
00000001000000000000010000001010000110000000000000001000000111001000000000000
00001000100000010100001000001010000100011000001000011010010001100000000100001
00000000000001001000000000100000000000001000100000000000101100011000000000001
00000100000000000000100000000000101010000011000010000100001000010010000100110
00000100100100000011001110000011000000001000000001000000010011000001100100110
10000001000001000010000000000000000010100101100000000110100000000001000001001
00100000000001000010000100000000000110000000000000000000000000010001000010000
01000000010010000000100000000110000010000100000100100000000000000010011000000
10011001100000011100100000101010000000001000100000010010000000000010100000000
00000000000100001000000010010000000100000000100010000000001000011100000000100
00000011100110000000000000000010010000100000110010000000000010010101000000010
00010000010001100000000000100000010100000010011010000000000000000111100011000
01000001000000001010110010010000010000000000000000000110101001000011000010000
10010010010100100000100000101001000001000000001000000000101100000000100000100
01000001000000010100001001000000000010000000000000000011001011011010000000100
00000101100101010000000001000000010101001000001100001000110001000000000000000
00101000010110000000011000000000101010000100000000000000000100010000000000000
01110000000000100000010010001000000100101010000100011000000000100100000011001
00000010000000100011000100000000000000000010000000001000100000010000000000101
01000000000100000100000001000000010000000001100000011000001000000000100011100
00100100100010010000110010000000100001000001100110110101100000000000000000100
00000000000001000101000000100100001000001000000000100100000001000010100000001
00010010110001001100000100000110100010010010000010001100100110000000100000010
10000000100010000000000000100000100000010010000010001000001101001101010000000
00100000000110000010100000000110110111010001000001000000100010000000000001000
00010000000010100100000011010010000000100110100000010001000000000000100100000
00000000010000010001001110101000000110100101001000000010100001000100000100001
00010001001001110100000100000100010000110000000000000000000000011000000000101
00000101000000000010000000000100010000000000000000100000100100000110000000000
00110000011000000001001000000000000001010000100100001001100000001000000100101
00010000000000000000000000010010000000100000000000000000100100000000100000000
01001000010000000000000000001001000000000101000010100100001000000010100000100
10000100000000000000000100000000001100000000000010000000100000000000011011001
00000011010000000000000000001100000000000001010001010000000110010010001100000
00000100100000000000000000100000000000001000101001000000101000100000000100000
01000000000100001010000000000000000011010000000000000000010000000000100000001
00100100000010010101010001011001000000000000110010010000000101000100000010000
00010001010100001100010000000001100000000110001000100100011000001000000100000
00000000000000000000000001010001000000000001000000000010010001000100000100001
00010000100000001000101011000000011000000011000101000000000100000000000100010
00000100000000001010100000100011010000000001000000000100000000000010000000000
00000001011000000000000000000000001000000100000000000100101000000110001000000
00000001100000000001010000000001000001001000000000000110000000000000000000000
01000100000000100100110000000100000000100001010010000000000010000001000000101
01110001001000001000010001101001100100000000001000000000010000000100000000000
10001110010010010110000000000010001000010000000100001000001101000000010100100
10000100000001000001000000100101000100000110000000001000010100000000000001000
00000100001000010001000000111110100001000000011110000001000010000100100000010
00110010000001000000110010010100100000000000011000010000010010010000001001000
10001000001100000100100010000000100010000000100111010000100001100010100000101
00000000000001000010000000000000101011000000000000000011100000000010010000100
00011000011000000000000000001000000100001100000000000000001001000000100010001
00000010000110010000000000101000001100000101001100101000111000000000000000001
00000000000000001000000000010100010010010000000000000010100010000001110100000
00000000100000000000000100100010111000000000000000101000010001000100001000001
11000110000100000011011001000000100010001001000000101000011010000000000100000
00000000001010110000000000010000000100000001000000000010000001000001010000010
00100001001110000000000111000010000000000000000100000100010100100000010010101
00000000001001010010000000000000000010100100100101100010000000010111000100000
01100011000000100000000000010000000011010100100001000000000000101000001100001
3 27
59 74
