77 77
00000000000000100000010001001000101000000000000000000100111011011000000000000
00001000001000010000001000000000000010100010000100011000000010010100000000100
00010000010000000010000011000000000010000000011000000010001110000010100010000
00000000000000000010000000100001000001000000000000000000010000001000001000000
00111001110001000001000100000000000101100000010000000000000000001000010000000
10001001010000000010000001000010000010000100000000001000000100000000011001100
00100000000000000001100100010010000000000000100101010010001000001110000001000
00000000010000000000000000010000000000010000000000000010010001000100100010000
00100000001001000100000010000000010101000000001000000000010000000010101001000
10000000001000000000000000000011100000001000100001101000000010000110010010000
00001000000010000000000001000000000000001000000000000000010000000000100000001
11000000010000100000010000000001000000000000001000000010010000000010000000001
00010100110001000000000000000100001010011001000010000000100001000000000010100
10000000000001000000100100000000010000000000001000100000001101000000000001000
00000000100011100110100000000000100000000000000000000000110000000000000000000
00010000000011000100000100010000000010100000000000000001001000100001000000000
00000000001000000000001000000001000000010000001010011001000001000001000000000
00000110010011000001100100000000001000001010010100100010000100001100000000101
00000000000000000000000000000001000001000000000010000000000000000000010001000
00000010000100000000001000000000000100000000000010000000001000000001000000000
01000100001000000000000000001011100000011010010000000000000000010000000010000
00000000000000000001000000110100001001000000000010000101000000000100000010000
01001100100000100000000010000010000000000000000000110000000000001000000100000
01000000000000000010000000000000011110000000100101100001010001010001000000000
00000000001100010000100010000000000000010001000000000000001000000000001000000
00000000000001000000000000000000000000000001100000011010000101000000100000000
10000100000000010000000110000000010000000000000110001010010001000001001000010
00100010110100110000001000010000000000000000010000000000100010100000100010001
00000000000000000000100000000000000000010000010010000010000010000100000010000
00000011000000000001001000000000000000000000000000010000000000010001000000000
00000010000000010001000011000100010000000010000000000000001000000000000100010
01000000000001000000010010000100001001000010000100001000010000000100001000000
01000010000100000000000000010000001000000000000000000000001100000000010100000
00110000010001001001001011110000000000000001000000100000001000100000100000010
00000001010000000000110001000000001101000100000100000000000110100010000000111
00000000000001010000000001000000110000000000000011100000000000000001000000000
10000100001000001010101001000110001010000001010000000000000000000000000001000
00000101001000110000000000010001011100001010000001100010000000000000001010000
10100000001000100000000010000000000000000001000000100000100000001000001000010
00100100000000100100010010000100001000100000000000000011010110000000100000000
01000101000000000000000100000000000100000000100000100100001001000000000001000
00100001000000000000110000011000000000000001010001000100000010001000000010000
00100010000000000000000000000010000000001000000000011000000100100010100110000
10001010101000100000001000000010101001100010001001000000000000100001000001000
00100000100000110000010000000000000000001100001101000000000000000010000000000
00010001001000100000100001000010001010111101000000100000000010100001000000000
00000000001000000010000001000100001000000000100000000000010100010000000000000
10000001010000000000110010000001000010000000000000000010000000000000000000001
00010000110000000010000000000000000000001000000000000100000010000000000000000
01001000010000001000000000000000000000000000000000100000000110010001000000100
00000000001010000000000000000000010100000000000000000000000001001000001010110
00000010010100111000110000000001100000101001000000000000000010010000000000000
00000000000100000100111000001000000000001101100000001000000000100001000100000
00001000010000000000000000000010010000000100000000000000000000000000000010000
00000001000000000000100000001000000100000000010000000000100000000100000000000
01000000101000010000010000011000000101001000100000000000110000010100100000101
10000000000001000001100000001100100000000001000100000000000011010000000000000
00100111010010000000101011000000010000000001100000000010000000000010000001000
00000101000010010110000000101100100110100100000100001001000010001010010000000
00000000000000000000010000000000000000000000001000000010000000010001010000000
00000001000000000100011000000000100000101000010110000000100000000000000000000
00000000010010101000000000000000110100010100001000100100000000010001000000000
00000001001000100010001100001100010001000000000000000000000000000001011010000
00000001000000000000000000001001000100100100001100000000000011001001000001000
00000000010000100000000010000000000000000100100000010000000000100000100000110
00001001001101010000010010000000000000000010010000000000100000000000000101000
00001000000001110001000000000000010010100010100001000010000001110010110011000
10000000000100000000010000010001000000000100000000000000100000000000010000001
00000010000000000010010000010000000000010000000000111000000000000000000000001
00000010000000000010010000001000101000000000000000000000001000101000000000010
10000000000100000000010000000000101110000000000001000000000001000010000010000
00000010000000000000000000000100100000100000001100000001000100000101000000000
10000001000010000000001000000010001000000000000001000000000100000000000000010
00000010100000001010000100100000010000000000000000000000000000000000000011011
10001000000000000000000001000000000000100000000000000100000000000000001000000
00000001000000000010000000100011010000001000000001000000001000100100000100010
00010000000000000000001000100000101000001001001000000010000100000001010010000
0 0
76 76
