73 78
000000001000100110000101000000000000010000011100000000000000001001001000010010
000010001010110101010000001000011000100001100000000010000000000000010001000000
001101000000000011010001001001000100000001100100010010000100011000010000100000
000000000010001000001000100010000000000000000110000101000011000000010000100101
101001000001010000000100000011000001000001000000100000100000011000000010000100
000001011000000100000000100001100001000000101000000000101000010010001011000110
000000001010100100100011100000010000000000011100000100000000000000100010000000
000000000100001011101100001001010100000000000000000000101010000000101001111010
000110000001010001101001000000000100000000011101000000110100000000100000100010
000000000100000000000001010000000100000010001001001000000110000000000100000000
000000100011010001010000000110100000100010000000100000000101000010001010000000
000010000000010000000000000011000001000000110000000000100000000110001000000010
010010010000001100101000110000000000100000010000100110001001000000000000000000
000100000100000010000101000000010000110010100000001000001000100100000000001100
000000000100000000101000000000010001000000010100010000000010100000001000000010
100000100000100000001000110100010100010000010000011000010000111000000000100010
010000010010000010000000111000000000000000000100100000001100000000000100001100
001001000010001110000010000100000000000000001010001010100000000001000000100000
000000000000010000100011000000010000010000100110001101100000000111000000000000
000000000000001000110000010100000000000100000100001100101000001000001001010000
100000000000100000000000100010100000000010101110001000100001000000001000000101
000000000100011100110100011001000000001000001100000000100100100001100001000000
010000100000001000000001001100000000000001000000100000000010011010010000100000
010000100101001000010000000100000001001001101001001000000100100000000000100000
000001100000100000000001000000000100000011000010000000100000100000000000100000
100000000000000000010000000100100000100000001001000101010010000000000100101100
001100000101100000110100000000000000000000010000000000010000111000011010000100
000000100000100011000100000000000010000000001000000000000000000000000110001000
001100000010100000011010110000000000001100000000000001000100000010100101000001
000000000001000000000000010001000000001010000111000000000000101000100000000000
000100000001111000100000010001000010000010010000001011010001000000001000000101
000100101000000100000000000000000001000100011010000110000010000010000001001100
101000000000010000000001000100000000000100000100000011000000000100000001000000
100000110000010100000100000000000100000001001000000100000101000000000100000000
001001000101010000100000000100000001000000001001000001101000110001000101100001
010000000000001110000000011000001000000100000000100000010101001000001001000000
000001000010000111000001100000010000000000001100000110000000011010000100000000
000000000000001000000010110000011000010000000000000010100100010000101010000011
000000100101000100000010000000000000001000000000010010010010000001010000000000
000011010100000000000000100100100100011000000000000001000000000101000001000001
011000100100000110100100000000001001000010000000000000010010000010001010000010
000100000000000110010000000010000000011010000000100010000000000100001001000010
000000101001000000000010100100000000101000000000010000000000000000000100100000
110100010010000001000000100100000011101000010100000000000000001000010000000000
000000001101010001000010011000000000000000000100010000000000101000100000000000
110000000011000000001000000100001010101001000010000000100000000001001000000100
010001011110000100000000100000000000000001010000000000000000000000001000010001
000001000000100010000000011010001000000101000100010000010110000000000000000100
001000011000100001101000000001100010010010110001000000010000100100100000010000
010011000000100011000001001000100110000001100000000010100000110000010000100100
100100010000000010000000000000000000000000000000010010111010100110000000001100
000100000000010000010000000010000100010000000000000100010001100100100100001000
010000000010000000100000100000000010000000000001000000000001001000000000000000
001000000100000000000011000000000000001001010000000100000000011000000101000010
010001100000000100100000101001011010110000001100001000010000000001001001100000
000110001010000010010100000000001100000000000010000001010000001000110010010100
010000000000000001101000000000000000000000000100000001000010011110010000000000
000100000000100000000000000000100010100100001000000100001000000000001100000000
001100000000100000001010100010000100100000010011000000000000000101000000000001
000110010000100111100000000001100100001001000000101011000000010000000100001000
011000000000000010100010010000000101000110001100000100011010000110111100010000
010010010101010001000001000010000000000000111001000000000000000000000000000000
000100000000100010000000010000000001000001100000001100000100000010000000010000
000100000001000100010000000010000010000010100000100100000011000101011000110000
010000011100100000000001010000000100000010000101000000000000100110001101000000
100000011000010100000000000010000001100100000001000000100000000010000010000000
000001000100010100110010010001000010000000011010000010001100000000000100010000
011000000100011001000000100111100010000010001110000100010001100101000100010000
100000001100000000000010000000000001001000000011000000010000000100001000100001
100000100000011010100011001000010010000000100010001000010001001101000010010100
100010101000000000000001001000010000101100000001000000000000000000000000010001
000000010000001000000100000100001001100000010101000100100011000000000000000000
000001000010000100100010100000000100000010000000010011000000100101100000000000
51 68
7 2
