78 78
000000000000010000000010001001010000000000000000010000110010000000000000100000
000001000000001010000000010000010000000000110000110000111000000001100000000000
001000000100100010101000111000000000000101000000001000000100000000100110000000
011000010000001000001001000000000001000000000000001000000000010000010000000000
100000100000000000000000000000000100000000000000100000010000000000000011001000
100000100000100000001000000000000001010100000000000001000000000000010000000000
000001010000000001010000000000100000000000000000000100010100000001100000000000
000010000000001010100011010000000010000000100000110000000001000100010000000000
000000000000000010000000010000000001010000100000010011100000000000111100000000
000000101010000101010000000000000100010000000000000100000000000000000000000000
000000000001000000000000000000100000000011001100100000000000000100000000000001
000000001000000000000011000000000101001000000000000100010010001001000000110000
000100110000000000000000000000000110000010000000110010000000011000000000000100
000001000010000010000000000010000000000000000000000000000001000010000011000000
000000000001000100000000000000001110000011001000100001000000000100000000100000
000000000000000000000000000010000000000100000001000000000000000000011001000010
100000010000000000000101000010001100000100100000000100010010000001000000000000
000001000010001000000001001100000000000000000010000000000100000001001000000010
000000010001000000000010000100100100000100000001000000000110100000000000010001
000011000001000100010001000000000000000000000000010100000000000000000000010000
010000011000000000010001010000001000111001000000000011000100000000000010000000
000000000000000010000001110000000010100000010000100000000000000000000001100000
000000000100000000010000000000000110000000100000000000100001000010001000001010
010010100000000000100010000000000001101000000100000000000100000010000010010000
000010100011000001001000001010000000000000000100000000100000000000000000100101
000110000010100100000000100000000000000000000000000010000000000000110000000000
000010000000000001000000000010000000100100001100000000000000000100000000000000
000000000000001000000000001000000101000101010000000000000010000000000000100000
000000000000000001000000001000000001000001000101001010000000000001110000010000
001000000000010000000111000000000010000000000000100011101001011010001000010100
000100000000000010000000110000010100000000000000000001000000110000110000010000
000001000000000000001000000100000000010000000001010001000000100000000010000101
100000100011000000100000010001110000000000000001000000001011000001010100000000
000100001001010001001000011000000010000101000000000100000010001000000000000010
000011001000000001000010000000000000001100001010000000000000000000000100010011
000010100000000010000000000000010010010000010000000010011000000000010000000100
001000000000000000000001000000000000000110110000000000001100000000000000000000
100001010000001000000000000000100000000010000000100000000011000000000111010000
010000010000000100001100000000010000000000000001000000001000010000000000000000
001001000000000100000001010001000000010000001000000001100000000000000000000000
000000000000010000000110010001000000000001000010000000100010000100000100000000
001000010000000000000000000000001000001000000010010000000100000010000000100000
110000010000000000000011000000000000000000000010000000000000001000000000100001
000000000001010010000000100000010000000000000000000001101001000011000000000001
000010000010000001101000001000000000000000000000000000011001010000000000000010
000010000000010100000000000000000010000000000000000000000100000001010010000000
100010000000000000010000000000000000100000000000010110000010000000010000010001
001000100100010100000000000000000001000001000010011000010100000000000000001000
000011000000010000001000010000000000001000100010001000110000000000000010000000
000000000000000000000000010000000000001010000000000000001001100000000000000000
001000010100000000000100000011000000001001000100001100000000000001000001000000
000100010100000001000100100000000000000010000000001010000100000000100010001000
000000001010000000000010000001000000010010001000000100000000011000001100101010
000100000011011011110010101100000000110000000000000000000000000000000000000001
010100000100000001000000000000000000000001010001000000101000000000000000010001
000011001000000000000000000100000000000000100100000000001000000010010010000000
110100001010100001000000010000000000001000000000100000001001001010000010000000
000000000000010000000000100000000000000011000010001000100001011000000000010111
101000000000000000000001001000000100000000000000000010000000000000000010000000
000010100000000000000000000001000000000010000000001000000000000001000010000001
001000000000000001100000000010000010000001000000000000000010000100000100000000
001010000000010001001010000000100110000001011000000000100000010000000010000100
100010000010000000000000000000111000000100000000000000010010011000000000000101
000000001000000000000000000001000001000000000000000000001110010011110001010000
000000011010000000100010001010010000100000000100011000001000010000000000000000
010000000100110010000001011000000000100000000000011000000010100001000000000000
000000000010001000000000010000010000100000000000000000000100000010011010000100
000000000000000000000000000100010001000000001000000000000000000000010000000000
000001000100000100000001000000000100100000001000000010000011000000000000000000
010000000001000001000000000001000000110101000000000000000000001000000000001110
000000000010000010000000000000000100100101001000000000001001000000010000000010
000000001100000000000010100000000000000000001001000011000010000000001000010000
001000010000000000000000000000010000101000100000010010001000100000001000110000
000011000000001001110000000000001100001000100100100010000001000000001010110001
000100000001000000000100001000000000000000010001000001110001000100000000010010
100000000101001000001000000000011010010000011000000000000001000000100010000000
100000000000000000000000000010000000000000000000000000000001000010000000010000
101000000000000000000000001000100000101000001010110001000000000001000010001000
0 0
77 77
