79 79
0010100010001000100000100100000000000010010000000000011010000001000000010000000
0011001100010100011010001000000000000001010011000000000000010100010010000000010
0001000000000000001000000000000011100000000000001010100000100000010000000000000
0000000001010000000010100000000000000001010000010100100000000000000011010000000
0001000100010000000000000000010010000000000001000001000000000000001001000000000
0000100100010000011001011000000101100000000000001000110000110100000000000000000
1000000000011000000101000000000000000000011000000010010000000000000001100100001
0000000000000000000000001000011000000001000100000000001100000110001100000000000
0000101000000100100100001011011000001100000110010000000101000011000100100000000
1001000110000000000100001100000000000000000000000000000100000000000110000000001
0000000000001100010001000010001000000000000100010000000000000000000000011000000
0000000000010000000000000000100000100000001000100100000100100000000000001100110
0010010000000010000000001100100000010000000000000001000000000001000000000100001
0000000010000000010000001000000000000000000010000000000001011000001000000000000
0000010100001100000101001001001000000001010010100010000000001000001011001010000
0100000001000010001000000010000001000101010000011001101000000001010100000001000
1000000000000000000000011101001000010000000000000000100100000000000000110000101
0000000010000000100001100000000000000000110000000000000010000000000000000000000
1000000000100010010000000000000000000100100001000000100000000000000000000000000
0000000000000001000100000010010000000000110000000000001001000001000000000000000
0000010000001010001000000000000000000001011000001000000000001000000000000000010
0001100000000100001000001000100000000000000000000000000001000000001000000000000
0001100000000000000000001000000010000000001100000000000000100101000000000000000
0000010000000000000000000000000010100000001000000000000010000000000000000000000
0000000000000000100100000000010001000000000010000000100000100010001000000110010
0011000000000000001010001100000101100001010000000110000000000000000001001010000
1000000000100000000000100000000000000000001000000000000010000100000101010010000
0010000000010000001011010000010000000000000000000010000000001001000000100000000
0000000010011000000000000100000000000000000000000000100001010000100000100000000
0000100100000000001001000010001000000010000000001000000000000000001110000010100
0000001000100000010100010000001000000001000000000000100010000000000000000000010
0001000100000001001000000000010000000010000010100000000000010000101000000000001
0000000000000001000000000010000000000001001000001010110110000100000000100000000
0000000000100000000010000000010001001001000000101100000010000000000000000000100
0000000001011000010000000010000000000000000001100000000010000000000001000000001
0000100000000000000000000000001010001000000000100000000000000000000100100010001
0000000010000001100100000100000000001010100001000000000010000000000100000010001
0000001011000100010000010000000100000000001100000010001000001100000100100001010
0011111000000000000010000100001000110000100010101100000000000000000010000010110
0000000001100000000000000000100100000000000000000010000000000000010010000100100
0000010000000000000000000000000000100000000100000000000000000100000000000100001
0010000110000000000011000100000100010100001000001001000001100000000000100010000
1100000000000000000001010000001001100001010000000001100000000100011000100000000
0000100001000000010100001000100010101001011000001100000100000100110000000000110
0001000101000000101000000000000010000000100100000000000000000000001000000000000
0000000000110010000000100000000000001000100000000010110000000000000001000001000
0101000001000000000000001000000000001100010000000000000000000000010000000000000
0000100000000000010000001000000000100000000001000000000001100000000000101000100
0000000000000000000100000001000000000000000000001000000101000000000000000000000
0000001101000000010000000000000000000010000000001101000000000000100100010000000
0000000000101101001100000000000001000000001000100001000000000000010000111000110
0100010000000001000000000000000000000000100000010000000000001000000000010100000
0000000000000010000000010000001001000100000000010000101000000001000001000000000
1100000000010001000001000001000001001000000010000001000000010010000001000100000
0000000001000001000000100100000010000000111000001000001000000001000000000000000
0001010000000001010000001011000000000000000100101001000000000000000000000010000
0000001000000000100000000000000000001000100000010000000110000000000000000000000
0010000100000000000000100000101000000010000000000000000000000000001100000100000
0000000000000001000000100001000001000000000000001000000110000000000000000000000
0000000001000100000000001000000000000000000010000000000001000001001000000000010
0111100000000000000010100000000100000100000000000001000000000000010010000010010
0100000100100001100000000000000001100011000010000000100011000100000000000000000
0100001110100000000000000000000001011000001100000000000010010100000011000000000
1000001000000000010011000000111000000100000001000000000010000100000000000000000
0000001000001000000001000001100000010000000000000000000100000000000000000000001
0010000001000001011000000010000000010000010011100000001010000100100000000000010
0000000000000000011010011000000000000000100010100000100001000000010100000000110
1000000000100010111000000000001000000010100000001000000000001010001000000001000
0010001000000100000010000001000000100100100001001000000000000100000101000100001
0101000000100000010000000110000000000000000010000000000001010000000000000010000
0010000000110000010000001001000000000000000000011000000000001000000000000100100
0100000000101010110000010000000100000000000000010011001000110100000001010000000
0000000100000100000001000010000010000100010000010101010000000000100100000000000
0010000000001010000000110000010100000011000010001000001000000000000000000000000
0000000011000101000000100000000000010000000010000100000000000000000000001000001
1001000000000000001000000010000000000000001000001001010001100000110100100001000
0000000000000000000001100000010000010000010000100001001000000000000010000110000
1000000001000000000001000100000000001000000000000010000000001000000000000000000
0000001000010000000001000000000100001000100000000001000010010000100001011010000
0 0
78 78
