74 79
0010010000001000000000010010001000100010000000000010101000000000000001010000000
0001100000000000000010110000000000000010000000000000000110110001000010010100000
1000001111100001000100100000010011001000000000000000001000000000100001000110000
0010000001001000100100110000100100001000000000001001101000010100000000010100100
0010000000001000000000001000000001000111011000010000010011010000010100000010000
0000010011001100101000000000000000101000100010000000000100100000000000001100100
0100000010010001000000000000000000010010000101001000001000000000000000001100100
0010110110001000010000000000000000000000000001000000000010000000010000001010000
1000101000001010100000011000000101010001000000000000000010001000000100010100000
0001000000001000010000000000000000000010001000000100000000000000001000100000000
0010010000010110000001101101000000000000111000100000010010000000000100000011100
0010000100000000000011001000001000000011000100110000110000100010000000100000110
0100010100100100000001000000000001010100000010100100110000000000000100100000100
0110000101000000000001100100000101100001000000000000000000000000000000100011000
0000000000010011000000000000000001100000000001000000010000000000001000000000000
0000001010000000001100000101000010000110000010010001000000000000000000000100100
1000100011110101100000000001001100000000000101100100000000100000100000100000000
0000101001001000000100010000010011100100111000000011010001010000100000010000000
1010110000000001010010000000000001000000000001000000010010110100010011000000110
0010000000100000000000010000001000100000000000010001001000000000000000000000000
1001010000000000000000000100011000100100000011010001000110000010001001010000001
0000000010000000100000100001000000000000100000000000100000000000001000100000000
0110000000001000000010000100000010000000000000010000000000101010001101010110001
0100110000010010010001000000010000000000000010010000000000000001000000000010000
0000100001000000000010000000010001110011000000100011000001000000000000010000000
0000000000000010010000110001000000001001010010100000000000011100000000101000100
1001001010100000000000000000001000001010000001000000000000000000000100001000100
0100110100001001000000000000010100001000000100001000001001000000000000010000000
1000100001000000000000001000000000000011100000100010110011010000000000110000010
0000000000000001000000001100000010000001000000000000000010100000000001100100000
0010010101000001010000000100000110000001001000001000000010000000000000100000000
1000000000110100101010001000000010000000001000000000010000011001000000000000000
0000110100100001000000101010000001100010000000000110001000001001000000000010000
0100000000001000000000000000000110000000000000001000000000000100011001011000000
0000000100000000001000000000011000100000010001001101000010010010000000110110000
0010100000100001100011000010101000100001101100101100010000000000000000000001100
0110000000000000001000000000001000000000000000001101000000100000000000101010101
0001000110010000101000000100101000000001010101101000000000000001100100100010000
0000000100000000100010110000000000000000000000010001000000000100011000101000100
1001110011001101000100010000100000011000010000000000010000000000000000001100000
0001010011010011000000000010100111100110000000101000101011000000001000000000000
0010000101101100000000010001000000000000000000100001010000010000000000000010000
0100101000010000000010100000000001000010000010001000110010000000011000001000100
0000000000000101100001000000000000000000001000100000010001010000000000110000100
0000000011001000010111000110000100000000010001000000010000000110001000010000000
0010001101010000001100001101000001000000011000000000100101001000000000000000010
1000000000000000000100100010101000000000010000100001011000000010000000000000000
1101010001000000001000100011100000000011000100000000100110000100011100010100101
0001100000010000000000000100101001000110000010000100100000000000000000001000000
0100101000001010100000000101000001000000010010000001000000001000000101000000001
0000000000000000001000000110000100000010000010100100000000000000000000010001000
0000000100000000000000000100000000100000001000101000100000000000111101000100001
0010000000110110000000000011000000001000110000110001101001000000010000010100101
0101001000001000001001111001001000010010000000001101000000010010001000000000010
0000000010000010001100000110100100000000001001011010010000100000000000000100000
1010010000100000000001101000010000000101000000000010000010000110000000010010000
1101000001011000010101001010110001101101000001000010100100100000000000000110001
0000111000000010010011000000100010000100001010000011000010000000000000000100111
1010000100000111000100000000001010001010000010100000010000001000010000010000000
0001000110010100000010000000000000000000100000000100000000010000001100010010010
1100010000000010000100001010100010100000000011010010000001000010000000011001000
0001000100101110000100000100000000111100000000000000000000001001110100000000000
0010000000000110001001000001000011000000000000000010100100011110000000101001100
0010001000100110001000011000000100101010100000010110100100000000000101011000101
1110000000010100101001011110000000000100001000000000000100010000100001100001010
0010001001000000000000000000000010000100000000111010000110000001000000001000000
0010000000011000000000100100011000000001000000000000000000000000010010001000000
1100000000000001000000001000000000000000000001000000000110001000001000011000100
0000000000100001100110101000000000001011001100000000011000000011000001010000000
1000010011000001000000010000000000000001000000011001000000000011000110000000000
0100000100101000000000000010100000100100010100011000000000000000011001111000000
1110001000000010010000000000010000010001010000000100000010001010000000000000000
0000000000000011001110000000010001000001110000000000110000011000000000000000000
0100000010010110000000010001010010000100000000000011000000000111001000000000000
1 52
69 6
