75 80
10001000000000000001010011000001000000000010000010100001000000001000000000000000
00000101000000010010010010100010000001001000000010011010000010000010000000010100
00010101000000000000000000010000000000111010000001000000100000001001000100010011
01000000010000111100001010001000100000001010000001001100001000010000000000001100
00000000000010101100000110100001001000000100011101000100101000000000000010000000
01000100100001100010000000000001010010000001100000000000000000000010101000000110
11000011000011010010000000000010010000110100100101000000001000010000001100000011
00100010000011000000100000000101000000000010101000000011000000000000000000000100
00000110000010101000000011000110000000001000000000000000001001000100000001000101
00000001100000000000100000101001010110000000000001000000001100001000001000000000
00000100000100001001100100000010001000000000000000011000010010010000000000100100
00000000001000000011000001000110000000000000000001101001010000100010001001000101
01110000110000000000010000010100001000001001010100110001001011001001000001010100
01000000000010100101100000100000001001011000000000000010110100100000000010001000
01000000100100000000100010101000010010100110100101001000000010000000000100000000
00000000001000000000000010000000100000000010010000000000100000000000000010000000
10000000001000000100000000011000100110000000010100101100000001000000110100010000
00010001100001010000100000000000000000100101000000000000000000000010000000100100
00000100000010000000000000000001010000000000011010000000100110100010001011110011
10000010100000000000000000000000000000000100010001000100100101000100010000000100
01010011100000000000101000000000000001100000110001000000100010000000000001000001
00011010001000100001000011010010100000000000000100010110001010000100110000000000
00100000001000010000000000000000000010100010001010010010100000000000100011000100
00100001000010000000100000000000000000010000000000000000000000000010001100000000
00100010001010000001101000000001100000000100000001000000000000100100001000100000
00010000110100100000100100000000001000000000000100000101001001000010000100000000
00100011100000010000010000001000000001001010000100100000100001001000001101001010
00000100100010010000100000000100000000100000000000000000000010000101010010000010
00010110000000011000000010000000000001000100000000000100010100000000100000000000
01000000000000010100010101000000001001010001000000001000000010000000010010010000
00000100001000100000100000000010000011100001100100011010010000011100111100001000
01010100000000000100000011000001000100100000001100000110100100010010000001010100
00000100000000011110000000100000000001000001000000000000000101000011000000000100
10000000000000000000010000110100000011000000000000000000100001000010100001000010
00000000000010010010000100000001000000010000100000000100000000000001000000000000
00101000000010000100100000000000101000110000001000010000010100000000111100000000
01000000010000000000000000001000000001000000000010000000001000001000001000101000
00000000101010010000000000100000000100001000100110000000110100001011000000000101
00011010000100110000100100011000000010010100101100001000000000000000101000001001
00100000110000000011010000100001101100110100000000000100000100000010000010000000
00000010000100000011000100000011000001011001100100010000000000000000000000000000
01000001000010010000000010000000001010001001010000100000000001000000100001000100
10000010000000000000100000000001000001100001001011010100000001000000010000010000
00000001000010000000100100000111100000010001000000010010100000100000000000000000
01100110000001100000000000001010010000010000001000001000000000000000010000000001
10000001100000000001000100010010000100010010010010011000010010000000000000000000
00010000000000010010000000000100000000001010000000100010000000001000010100000000
00000000000000000000100000000001000001001010010001110000000101000000101010000000
00010010000010010100000001000011000000010000010011000001000000001000000001001010
00001010000000000000101011000001000000000010001001000010000100100001000000011000
10000000010100001011000000100100111000000000100001000000010111000000100110100000
00000000010001000000000000000000001000011000000110001000001100101000000000000011
01000000100000001100101010010010000000000000101000000000001000100000000000011000
00000100000010010010000101010000010110000010001000100000000110110010100000000000
00000000000010000100000010000000000000000001000000001010101000101001110000100000
00010101010000000000000100000000000100000000000011000000000000010000000000100000
00101001000000001000000100000101110010010000101000000010000110000000011110001000
00000010001000000101100000100000011011100000000100100000000100100000000010001110
00000101000000000000000000100100001011001011111000110010000000101000001001000000
00000000100000000100000000100000010000000011010000100000000000000010101000010010
11100000011010000000000000111000100000110010100000010000000101100001011000101000
00001010110100000001100001000000001000001000001001001000000010010000010110000000
00000000010100000100000000010100100011010000001101110010010010000100101000000000
10000010000010100010110000000000000010000000000001100010000000001100000001000101
00100100001000000000000000000001010000001000100100001010100011010000001000000001
00000000001000101000000011001100000000100000000010000000010000000010000011000010
00000100000000000000000100101000000000000100100000000000000001000010000000010001
00000000000001001011000000101010100000000000000010010000100010010100000010000100
00010010000010101000000110100000100000000001000000000001000000000100010100001001
00011000010010000000001010110000100000001001001000000100000010010000000000000110
01000000000000000100000000010010010100010100000010010001000000010000100001010111
10010000000000000000100001000000000100001000110001101010010001000000011001000010
01000000001000000001001000000111010000010001110100000010010001001100011010100000
00000100000000100000000010010001000001000010001000000000000000000000111000101000
00100010001001000000000100100000000010000000000011000010110010000000000010000001
63 76
17 5
