80 80
00000000001001001100010000010000010000000000001110010110000000000000010000110000
00000001100101000000110000000010000001010000001000010000000000000000000000000101
01000000000010000000000010000000011000000000000000010101000100011000000001000000
00000001011000000000010010000000000000000010100000000000000000010101000010010001
00000000000010010100000010000000001001000000001101000000000100010000001010000100
00000110001100000000111000010000000001000001000000001000100101010000000000100110
10010000100100100001000010001000010001000100011000000001000000010000000001000000
00100000000001000000000001000010100100100100001100000100010101011010000000001000
00000101000000101000000000101000110000000000000000100000000010000100010010000000
10001000000010000000000000000010100010000000000100000010000000000000000100010100
00010001000100001000000000110000000000000000000100010000000001000000000000000010
00000001000000011100100110000000000000000100100000100010000000100000000000000000
00000010000000000001010000000000000010000000000000000000000001000010000010000100
10000001001010000001001000000000010000000110000001000110000001010011000100000100
10010000000000010001110011011010011001000000100000000000000000000000010000000000
00000101000001101100000100100000000010000000000100000001000000000000000110010101
10000001011001100000000000110000000000000001000000000000000000000000001000000000
00001000000000000000000000000000000000000000000010001001100000000000101000010000
10000100001100010000000110000000001101000000000000000000000000000011000001100000
01000001110001000001001101000000100010000000000001000000000100000100000000000010
00000000000000000001000000000000100000001100000100010000000000010000010000000001
01001000000000000010000001100100000100001100001000100000010000000000100000000001
00000100010000000001000000001101000000010000000000000000101100000000000010000001
00010010001000000000000000000000001000001000000010010001010000000000000000010100
00000000000000000100000000000000000000100100010001110000001000000100000011100000
00000110000000001000000000000000010000001100000010000000000000001000000011001100
00000000000000000000000011000000000000000000010010000000100000000000000000000100
00010000000001001100000001000000100000000001000000000010000000100000000000111000
00000000000000000010010000000000001000000100000001100000000010000000001000000000
00100000000000001010001001000000010000100000100000001000000000000000000000100001
00001110000000000000000001000000000000000110000001100000000000000000100000100000
00001000000001001001000000100000010010100010010000000100000000000000000000000000
00000000000010000000000000000100000000010000010001000001001000001000000000001000
10000000000100000000000000000000000000001101000110010100010000001000100000000011
00000000000000110000000000000000000000000000000000001000000010001000101000000000
00000001000000000000010010001000001000110110010001100000000100000000100000001000
00000000000001000001000000000010000000000000000000000000000001011100001000000000
00000001101001010100001000010000101001000000010110000101100000000100101010001000
11000101000001000001000010010000000000100000000010000000000000001010000000001110
00000010000000000110000000100000010010010000000000000100000000001000000000000000
00100000000000000010000000000000000000000000000000100001010010000010010000010000
01000010000000000000000100000000001011000000100000000000100000010000000000000000
00000001001000010100000000001000000001100000000000000001000001000000011100011000
00000100000000101000001111000000100000000000010100001100100000100100000000100000
00110000010000000000010000011000000000011000000001000010000010000000000000000000
00011000001100010100000001001010000000000010100000000000001010000001100010010010
01000000000000000100000000000000000010000000000001000000000001100001000010000010
01100010000001000000001000000000000010000001000000101100000001000000000000000000
00000000100000001000000000001010000100000000100000100010001001001000000000101000
11010000010000000000000000100001100000000000000000000001100111000000100010000000
10100000000000100000010000010100001000000000100100000000010001001010000001001000
00000001000000000010111100000001000100000000000000000000010000100000000001001000
00000000000000000011011000010000000000000000000100001000000010000001000000100010
10000001000000000000000000000000100000010000000000000001000100001000000000010000
00000000000001000010000000100101000100010100001001010000101000100000001110000010
10111000001010100100000101000000000010100001000001010000000100010000010000000000
00101101000100001001010000101000010010001000100000000001001001110001000010000000
00010101000100000000000101000000000000010000000000000000010000000000000110001010
01000000010100000101000000000010000000100100001000000000001000000000000010001100
01000000010001100000000001000101001000000000000000001000011100001000100001000101
01011000000000010000001001000001011000101100000000010000000010000000011000000000
00000100000001100001000100000001000000000010000110000000000000010000000100001100
10011000000001100100000000001101000000001111000000000010100100000101011000001101
00010001000000000000000000001001100010001000010000100000000000000000101000001000
00000000000000001000000000000100001000010000001010000000100000001100000001000000
01001000000000000000000001001001000001100000000000000000000000010100100000000000
00000000010001000010000000000100000100000001010001100001000001000000010001100001
00010000100001000000011000001100001000010000100001000010010000000000000000000000
00000100000001000100001000000010000000000001000000010100000000110100000000000000
00100000100100011101000000000100000001100000001010100000001000001010000000000000
00000000001001000000000000000000000000000000010010010000000000000001000010000000
00000000000000000100000100000000110000110000010000000000000001000000000000000001
00000100000000010000110000100000000010010010010000001000000000001000000000000000
00011000010000010000000000000000000000100000000000101000000000000000000000000000
00010000010100100000000010000000000000000000000000011010010000000000000000100000
00100000010000000000001000000000000010100010000000100010100000110000000100000001
10000100000100010100000000000100000010000000000000000000100000000000010000001000
00000000000000111010001000000001000110010000100000001100000000000000000000010100
00000000000100000000000000000001001000000000000000000010000000000000000100001000
00010000000100100101000100000010010000100100000000000000000000010001000000001000
0 0
79 79
