76 81
000000000100110001000010010000000010000010010000100010000000010000010010001100000
000000000010000000000001000000110100000001100111100010000010001000000000000001000
000001001000001010000000100100000001100010000001000000001100100010001111100011000
010000011100000000000100100010000000001000000000000010000001000001010000000000100
100000001000000100100000100000010000110000100000000010100000010010010110000100011
100010011000101000000000100000000000010010000000010000001100100000000000010000001
000000100000000000001000000000100100001100010000010001001001000000000001000001000
000000011001000010000000000011000000001000000010101000010000000000000001000010001
000001000000000011010001000001100000000010001000000000001000000011000010010001000
100100000000000000000000000010000000000100001101000010000001100100110010001000101
000000100010000000100000010110100000000000000001100110010011000010001010000011100
010000001100000001000000000100010101000001101000000010110001000100000000000000100
000001000111110010101110000100001100010000000000000000000001000000001000000000000
000001001010010000000000101000001000000101000000010000000000010000000001101000010
110110000001000100001000000011000000000000000100001000000000101001001000000010000
000001110000000110001000000010000011000100000011000000001000000000000000000100000
011010101100100000000001010000100000010100110000000000001100100000000001000000000
101000000000100000000010000100010000010100111010000000000001100011001010101010000
000011010001000000100000011000100011000101000101101001011010000100011101100000000
000001000000001010000010000000000000000010000000001000100100011000000000010101100
100001001100000010010000000001000001000000110000001010000010000000010000011001001
000110000001010000010000101011001000000100100000000000011000000110000110001000010
100000000100000000100000000100100000001000100000010010000000001001010000000000000
100110000001010100000011010100000000100000010000000010000010100000101001010001001
000000000000100100000100000000100000000000010000010100000001101000010000000000100
000001000000000000000011010010000000000001000010000010001000001001010001100001000
100000000000000100000001000000001000000000001111000000000001000010001000000100000
100000000101000010100101000000000000001000010000000000000000000010000010010000000
000000100000100000000000000010000001110000100110010010000100000110101000000001000
010000001000110000000011000000000101100000000100010000000001000000010000001001100
100011010000100000000100001000010000000000000000010001000110000000011000110000100
000101000010000000010100010000000000000001000010010000000110001000000000000010000
101000000000001000100000100000000000000000000001010000000100010000011010001000100
100110000100000001000000110111100011001000100000110000000010000001001001010100001
100000000001000010001000000000010010110100000010000110110110010000000011001001000
001000011110000000000000010001000001001000000000001001111010100001010100100010001
000000000000000000010000010010000100000000001011101010000000100100000000000000110
100000000000110010100010000000000010100000000000001000000010000001010000000100001
000010011011001000001000010011010000000100010000010000000000100000000100001001001
010000000101000000000100000000000000000100000100000000000011000010000010000000000
000010000100000000010000000000000100000000111101000010010001110100000010000001000
000000001000010100100000100000001101000100010000001000000000000000000000000000010
010010101010010000100100010100001001000000000100000001100100000000000000000000000
000000000000100010010010000100000001000001000101010010000101001000100000010010000
001000000010000000000011000100000001001000001000011001010101000001010000100001001
100010000000000000100000110000000100100000000000100001000000000000010001000000010
010000100000000000000101000100000000000100010010010000000000000100001100100000010
000000000010000000000000000000000010000000000010100000000000000000001000001000000
000100001000100001100001100000001000000000000110011011000000001010100000000000000
100001110001001101010100000010000100000000000000000000000100001000100100000000010
101001011000100000000000100100000000110110101011000000000000010100000000110100100
000000000001000000000000000000011000001001000001000000000000000000011110110000000
001100000001000101001000000000000000000000000100000000100000001011000000010110000
000000001000010000001100001001000011001000010100000000001100000000001000110000000
000100011010001010001000000110000000010010010010000000100000010000000000001000100
000100000000000000001000001000000000101000001110010000110000000100000000100000000
000000000000100101001000000011010010001011000000100010010000000100001001100010000
100000001000101000010000010011011000000100001000001100110000100001000000100011100
000000001010001000001000000000010101000110001010100010000010001010100100000010000
001001000000100011000000010001100000100000000001100000010000000000000000000000110
100001000000000000100000100100100000110000100000010100000010000010000000100001100
000100000000000000001000000100001010000100001010000000010101110000011000100000001
000100000000000000011100100000000010100000000010000000000100010000000001000010101
000100001010010000001010001000000111000100010000000100001000000001000000010000001
000010000000001001000100010010010010010000010000000000101000101001110000000000000
000000000010001000100000010000000000000000000010000000000110000100100010000000001
100100000000000000001001000000000001000010100000001100010000100000000100100000001
000000010000100000000000000010000000000000000100000100000000001000000110000000000
100001001000000011000100001100000011100000100100000100000010000011000000000000000
001001000011010000101000010000010001000000000100000000000001001100101000000100100
000101101000001100000100000000000101010100000000001000100000000000000000000100000
000000011000000011000000100100100010101000001001000101000100110000010010100000010
000010001001000000000010000010001010101001010100000000000010001100000000100000110
010000001000000111000100000111000000001000001000000000000000001010000000110001000
000000000100000000101010001000011000100001011011011010000000100000001000010001001
001011000000000000110000101111000001001010001100000100000000000000000001000010000
43 37
1 73
