81 81
001100010000000000000000101100000100100011001101000100000000010000100100010001000
010000000000010011010100010100000000100000000000000000100000100000000000000001000
010000011000000001100001100000000000000000011000000100000000000000001000000000101
000000000000000010000000000100010000000011000000000000001000000000100000000100000
000100000001100000000000000000000000000000100010001000100000000000010001000001000
001000000010000000000000100000000000000000010000000000001000000100010000010000000
000000101000001000001000010100010000000000000000010000000100000000010010001000000
000000000100000000110000000110000000000000000000010000010000000000000000000000000
000100001000000000000000000000000000010000000010110000000001000000010010000000010
000000000000000001000000000000000000101000000001000000100001000000100000000000000
000000000000010000000000000001000011001000000000010010100000000110010001001000001
001000100000100000100000100001000110000001000000000000000000001010000000000000000
000100000000100000000001000001000000000100000010100010100100010000000000000000000
000010000000000000100000000001001100100000000000000000000000000000000000000001000
000000001000001000000000000000000001000010000000000010000000001000100000010000000
000101001000000000001000010000000000000000000000000001010000000101000000010000000
000000000010010000100000001000000000000000010000101001101000000000000000000000000
000000001000000100010100000010000001000000000000000100000100010100000000000100000
001000000010001000000100000000000000000000100000000000010001000000000000000000001
000010010100000010000100000000000100100000000000000000000000010000000000000000000
000000000000110000010000001000000001110101000010000000000010000010000000110001000
000100000000000100100010001000100001000000010000000100000000000001001000000100000
000100010000001000000000100000001001001100000000010000000000100000000011000000010
000101000100001010000000010000000100010110000000001000000010000000000001000000101
100100001000000001001000001000001011010000000000001000000100000000011000000010100
000000110000000000001000011101000001000001000000000100001001001000000101010000000
000000010000000000001100100001000000000000100001000000000001000000000011000001100
000000010001000001001000000000000000000000010000011100000000000101000101000011000
000100010001001010000000000000100000000000000000011001000000011000000000000000011
000000010010100000000001100000000000110000000001000000000000010000000001010010000
000010000100000000010000101010100100000010000000100000000000000000000100011000100
000000001000001000000000010001000000000000000000100000000000001000100000000001011
000000000000000000100000101000000000010000001000100100000000000001000000000000000
000001000001001000010000000000000000000011100000001100011000000000000000001000100
000001100000100101000000011010000000000010010010000000000000010100000000000000001
000100100100000001001100000001000000010000100000000001010000000010000010000000000
010001010000000100000000000000101000000001000000000000000000000010000001000000001
000101000100000000000000000000010000000000000000000000000010000000000000000010000
000100001000000001000000000000010000000001100001001100010000000000000100000000000
100000000000000001010000000000001000000010110000001000000000001000000100000000010
000001000000000000010000000101000001000001000100000000000000000001100000100000000
011000100110100010000000000000000100101001000001000000000010000100000000000000000
100000001100010000001000101000000000000001000000000000000000010000000000001000100
000000000000000100000001000000000000001000000000000000100000000001010001000100100
000000000000001010000001000000000010000000011000010001000011000000001001000000000
000010000000100100100000000000101010000000000000000000000000010000000000000010010
001000000100000000000000100010010100000010000001000010000100001000001000000000000
000000000000001010000000100000000000000000000000000001100001100000000010000101000
100000000000000100000000000000000100000000000000001000100000000110000000000000010
001000010000001001000100000000010000000000010011000000000000000010010000001010101
001010010000100000000000101100000000010000000000010000001001000001100100000001001
010000101000011000000000001110100101000000000000000010100000000000010000000000010
000100000100000000000010000000000000110000010100000100000000000000000001000001010
000001001100000000010000000000000000000000100000000000001000011010000000000000000
011000000000010001000000000000000000000010001100011010000000010010001000000100000
100000000000010110000000010010000001100000000000000001000000000000000000001010000
000100100010000000010000010000001001000000100010000010101000000001010000001000110
010000000100000000000110001101010000001000000010000100100000000000100000000000000
100000001000000100000000000000000000010000010110000000100001100001100000010000000
101110001000000000000000000000000001011010010000000000001000000001000010000000000
000000001000000010010000101000001000001100001000000001000000010000000000000000000
011000001000000001100000000001100001000000000001000001000000000110000001000000000
000000000100000010000000001000001000000000000000000010000100000000000010000101000
001000000100000000100000000000100001000010000011000000000001000000001000000000000
000000001100011100001000000000000000000000010000000100000000000010001000000000001
000010000010000000000001001000010001010000100011000000001000000001000000001010000
000000000000000000000010100000010000000000000000010010010001000010001000000000000
000000000000000100001000000111000010010000000000000010000000000100000000100101110
000101001010000000000000100000000000010100000010000000100000000000000100010001000
000010011010000100000000001000010000001000100000100001000100000001000100010001000
000000001000000000000100000000000000011000000000000000100000000000000000000000000
010100000000000000000000000001001000100000011000000000000000000000100000010000000
111000000100000000000010011001000100100001000000010000100000010100110011100000000
100001010000100000000010001000000001010000000000011010100000000000000000010000000
000011000000000000010000001000001100000000000100001001000000000000000000000000000
100000000000000001000001001000000001000100000000000000000000000000000110000000000
000100000000010000011000000000000000001000000010000000000100001000010000000000000
100000000000000000000010000010010000100100100010000001000000011000000000010000001
000000000101000000000000001000010000001000000001010100100100010000000100000000000
100000100011000000000000010000100000100000000000010000100010100000100100000000110
001000000000000000000000000000000000000000001000000000000001000000100000011000010
0 0
80 80
