77 82
0010001111000100010110000000110111101100001000000001000000001100000011000000011101
0000000000100000011000000000001010000000011001100100101100100010000000001000011100
0000000000010100000000000000100001000110100000000001000100001001000000010000000000
0000011000001100000001000100100000000011011000000101000000010110100001011000000010
0000011010001010001001000000101000000000001100000010000101010100100000000000000101
0000010000001011000000000001000100010000000000010000100001000000000111100000000001
0011100001000001000000000010000000000001100101001011100110000000001001000000011001
0000000000000000100000100000000100101000111001000000000000010000100010000000100000
1010000100000000000000101000000000000000000001000010000100100001000000000000010000
1000001000001001100000000000000000000000000000011001010000100001001100000000000000
0011101000110010100110000010110000001100001010000000000000010000010101011011000100
0000000000100000001001010010001001000000000011010000100000000001000000000000001000
0000000000000000000000000001000000010000000000000100001100000101100001000011000000
1000000000000000100000100001101011011000000100000110000000000001000100000000000000
0110100000000001000010000110100100000000000000000101000001100101111000001000011000
0000100001010000000000110001000000000110001000000001000110000001100000110000010000
0100001110001001100100010000100000001001000000010110000000000000010000001010000000
1000000100000100000000001000000000101111000000000000000000000000100100000010100100
0000010001000000100101000000000001000001000000000000000000000000000010000000001000
1000000000010100000000000000100000100100000000000010000000100000101000000000000101
1000001010010001000000110000101010000010000001000110000011000000000001000000000000
0100110000000000000000000011010100010010010001000000000010001000000010000010000010
0001000011000000010000100010110101011110000000101000110001100000100011000100011011
0000010101000000000010100100000010001000111000100010101001000101000000010000000000
0000100000011010010000000000001010000000000010000000011000010000000110000000000000
1000000100000000100000001000010011010001000100000000000001100000000000101000000010
1011010000000101100010000000010000000110000100100100111110000110100010000101000001
0000000100000011000000011000001000000100100000100000001001000000010100000000010100
0000000100010000000000000011000001001000010010001000100001000001001100000000011100
0000010000000000000011010010100000000000000000000000001000000010000011000000000010
0000000100100010100001100100100101010000010000000000000010010010000010100101000000
0110001000000000000000000100000010100011100000101100010100001000000001000000000101
0001000010000111000000010000001000110100000001000100100000000000000001101100110000
0011000001000000101100000010001000100000010001011100100000001010000000000010001110
1010001000001010100000000000000000000000000100111011000000000000000010010000000000
0000000000001000100000000001100001000000000000000100000001010000000000100000000001
0001000000001100000001001100001010101010100000001000100010010000000000000000101000
0110000011000000100011000001000000000000000000000000010000000000000110001000010000
0100110101000000000000000000100000000000100001100100001000100010001010110010101000
0110100010100000000000001100001000000000010000000000011000000000000010010010000000
0110000000000010101010000000000000000001000000010000000000000010011000100100000000
0110010100100000100000000000001000000011011000100010100000000010000000000010000011
0000100011001101100011100100000100000010110100000000001000010010000011010001010000
0000000000100000000000000000000000100001000000000100010001000010011000000010000100
1010110000000000100100111111010000000010000000000100000000000100100110010000011000
0000010111010000010100010000000000000001001010100110100001100000000000000000110001
1000001000001001000000000100000001000000000101000000010000010000000100000100000000
0001010011000000000000000000000001000000000000000000001000010101001101100000001010
0010000001001000000000100000010001000000010110000000000000010000100100000000011100
0001000001111001101000000011000100000000001000000000000100010001100000000000100001
1010100000000000001001101010000000110010000001000001000100001000100000010000110010
0000000000000000011000000000010001000000100010000000000101000000001100100000001000
1000001100000001000110010000000000000001001101001100000000001001000010000000001011
0110100000000000000000000011000011101000000001000101000001000000011000000000001000
0000000000000000000100000100000000000000000010010000000001000000000000110000000100
0001010001000100000000001100010001000000000000000000001101100001000000100000000110
0001000010001010100001000000011010100101000010000000001000000000000010000000010000
0000001000000000000010010000000000000000001000000001000000000100001000001111000000
0100000000100000000010001011000110000000101010000000000100100100000000001000000000
1000000100000000010000000000000000011000000010000001000000000100001000000000000110
0111000000000000000001000000111001000001000000000010001000101000000000000000000000
0110000001000001100110100010000001000000001000010010000010000010000000010000000000
1000000000000101000000000000000000100101000001001001011011101100000001000010010001
1000010011000000000000100100001010000000100000000110101000000001000010100110000010
0101000010000000000100000100000000100000000000000000000000001100100000001001000000
0010000100000000010000010001000110010000001000000000000001000000000000000000000000
0001001001000000001000000000000101110110000101000000100000010000000000000010000000
0000000100000010000000000000000110000000100000000001010000110100000000000000000011
0110000100010001000000000010100011100110100000001000001010000000100010101000000010
0010000100000000010000100100000000000010000110100001000000100000000100010101011001
0100010001000000000001000100010100101001010010000100000000000100000100000000100000
0000001000000010101100010000101001000000100000000000110010001000000001000001000000
0010100000000000000100000100010100010000100100100000000000100001010001000000110110
0000010001000001000000010010100000001011001000000100000101000100000100000000001000
0000000000000000000100010000001010000101100010010000110010000000000001100101011000
0000000010001000101010000001001011000101000100000000000000101011000111001000100110
0000001001010100100100000100000000000010010111110000000001011000000000000000000010
24 7
64 80
