82 82
0000001000000000000000000000010000000000000000000000000100000000000000000000000000
0010001011110010100100000000000000100100000000110010000000100011000000000000010000
0000000001011000010000000000001000100000000100000001000011000001000010000010000100
0000000101100000110001001010000010000101000000000000000000000101000000010000000011
0000001001000000000010010000000000010000010011011000000000000000100000000010000010
1001010010000000000010000000001000100110000000000000000000100000100010000000000000
0100000100000000010000000100000000000000001001000100001000000000000000000100000000
0100100000000000000001000000000000000000010000000001000000001001000000000001000100
0000000111000100000000000010000010010000000010000000000101010000110010000001000000
0010100001100001000101000000010000000001000000000001001000000000001001000110100000
0000000001000010000000010000010101000010001001010000001000000000000011000011010000
1010000001000110000100000110000000000000000100000000001010000000000001000000001000
0100000000000000111011000001010000000100000000000110000000100000000101000001010000
0000010001000000000000100001000100000010000000000000010001000000000000000010000000
0000000000001000000000000000000000010010000101000000001000000000000000000000010001
0100010110010001000101000000000000000001000000000000001000000000000100010000100100
0110000000000000100000000000000100000000000000110000000100000001100000010000000000
1000011000010000100100000000001000000000001000001000000000000000000000000000010000
1100001000000011001000100001000000000000000010100000000000000000010000000000110000
1100000100000000000100000100000000000010000000010000000000010000000000000000101110
0000000000000000000001000100000000000000100000010001000000001100000010000000100001
0001010000000000010000000110000010000000000000000000000000100000000000001010000000
0000000000100000011000000110000000101000010000000000010000001000010001001000000000
0010001001000000000000000001001010110000000000000010100000000000000000010000000000
0000000000000001000000000001010001000000000100000000010000000000000010000010100001
0100000010101010000101001000000001000100000000000001000000000000100000000000000000
0000100010000000000100010001000001000000000000000000000100000101010000000000000000
1001001000010000011100000000000001000010001010000010000001010010000000010000000000
0000010000010001000000000001000000000000001000000010001010000001000000100000000011
0010000000010000000000100000110001001000000001000100000000000001000010000000000000
0001001000000010010000000010010000000000000100001010000100101000001001100010000000
0000000000000000100010001000100000000010010010001011000000100000000000101000000010
1000001001100000010100000001000110000001000110000000000000000000000000000000000000
0000100000000000001010100010000010000000100001000000000000000010100001001000010000
0010011000101000000010000000000000010000001101000000000000000010000110100000111000
0010000000001000000000000000100000000100000000100000000001001000000000010001000000
0000000000000100000000000000000100100010000000000000010000001000000001110000000100
0010001010000000000010010000000100000000000000010000100101000100000000000001001000
0000001000000000000100000000000000000000000000000000000000001000000100000000000000
0000010010001000100000010000011010001110000000001000000100001000100010010000000000
0000000000000000010101000000000000000000100000000100000000000000000000010000001000
0100000000000010000100000000000000000000000000100000010000000100000000000000000000
0010000000000000100000000000010001000100000100010000000000001000010000100000000000
0000000010001000000000100000000000000000100100010000010000001000010000010000000011
0000000001000010001000000000010000000000000010010010001100000000000001110010000000
0100010000000010000011001010000000000000010000001000000000000010001011000000000100
0100000000001000000000000001001000000101000000100001000001001000000001000000100000
0100010000000001000000010100001000000000000000000010000000000001000000010000000000
1000000001000100010000000101000000000000010000100001000001000000010010000110000000
0001010011000100000000000000000000001001000101010100000010100001010111000100001100
0000000001000000010001100001000000000000110100000000100001000000010000100000010011
0000000111000000000010000000100000000000000000000000000001100100000000000001000010
0000010001000000000000000000000000000000001000010001010000000000100000010010100010
1000001010000000000010000100000000111000001101000110001000011000000000001000000000
1000000001010000100000000000000100000100010000000000000000100000000000001000000100
0100000001000000000000100010000000100100000000001000001000000001011100000000000000
0100001010001010000000001000000000000000000010000100010001000000000000000000000010
0000000000000010000000000000000010000000000011100000000001110100100010000000000000
0000010000111001000000010010000000001000000000000010010100001001000000000000000000
1000000000000100000100000000000000100000001010000000000000000000010000000000000000
0000010000000000001001000000001000000001000100000000101101000100000000010000100110
0000010010001001100000101001010000000000000100010100110011000000000110000010100100
0001001000111000000000000000000000000010010000000001000000010000000000000000000100
0000001000000000000000000000011000000100000000100000011000000001010010001000010000
1100011011000100010000000000000000110000000000011000010000000000001010100000000000
0000001000000000001000001110000000000100000000001100000100100010000110000000001000
0000000010000000000100000001010000011000001000001010100000100111010000000000000000
0000000000000000100100010000000000010001000010100010000000110000001001010110000000
0011000100000100000010100000000100010010100000100100010000000000000000000111000000
0000001000000000000000000110000000000001000000011100010001000001001000000000010000
1000000101100000100000000000000001100100000000000000000001000110000000000000010001
0000000000010000000000000000011100000000000000000010000000000001000010000000010000
0000000100010000001001001000010000000000000000110000110000000101000000001000001000
1000000100010000000000000000000000000000000001000000000100000010000000000001110000
0000000000000100000100000010010000000000000000000011000000001100000000000000010000
0000100000000000000010000000000000000000000000000110000010000000001001001000100000
0000100000000010011100000100001000000000000000010110000010000001000010000000100000
0000000000000000010000001000000100000000010000000000111000011000001000011000000000
0001000000000001000000110011000000000000000010100000000000000100100000001100100000
0001111000000000000001110000000000000000000000000100000000000000000000000000110000
0000000000000100000010100000000000000000000000000000000000100000000000000000000000
0010000100000001000001000001000000010000000000001001000110000000000100000000100100
0 0
81 81
