78 83
00011100001000000000000000000100010110001010000100000100000000001110010000000100000
00001010000011000011000000101000000000001100110000000001010010010001110001000010000
00010001000010100111001000000000100000001000000000000000100101000000100000000000000
10000001000000001010000010010010100000100110000000001011000000000000000000000100010
10000011000000000000101000010100001101100000001000000001000100010001000000000000011
01000000000000000011010000000001000010100110001000100000001100000011000000000001011
10110000000000010000000010000000010000011010000000100100000000001001000001000000001
00010000000001000010000001000010000000000010100100001101101101000000100001000000010
01010000000100000100001000001000000000000101100000000110000000000100000110000000010
10000000001001010010000010000000010010010110001010000000000001000100010001000010010
10100000110000001000000100100000000000000001000000110100000000001100010001000000000
11000000000001000100000110010001000010000001000010101000000000000000000011001000110
01001010000010010000100001000000001010000000010100000000000100001000011001000010100
00010001001000000000100101000000010000010001010000000000100000001000000000100011000
00000010000000000000000100000010000000010000101000000101000001000001011001000000000
00000000000000000010000110001010000001000000000000011010101001010000000001000001000
11000000001000001000100001010101000000000001001100000000000101000001000010000010010
00011101001010011000000100000010010000100000000010001000000000110100100100000010010
11000111000000000010010000000000000000001000100010000000100000100000010011100000000
00101000001000001000000010000000000000000000001000111000101000000010000001100001000
00000000000000000000000100000101000001000010000000010010101101000001001010000000011
01000000000001110000100000101001100000010000000000100000000100100100100100001011010
01000000001000010000111000000100011000100100000000100000000000000000100000000111010
10000000001000000000001000000000010010001001000100000011100011010111000000000010000
00000000000000010001000101000000000001010000011000100001000010010000010000110000001
00001000100000100000000000000000000000100010001110000010000001000100000100001100000
01000001101000001001001000000100000000100000000001100000000000000101000100001000001
10000010100000001010001010100000000001101001001001110010000000000000100000100100000
00000000000000100000100000000000001100001100000000010000000100000100000000000001000
10000100101000000000001101000010001010000100000010000001000000010100000000010010010
10100001001000000000000000000000000001000000000001010010000000100000100010100000010
10000000001000100000000100010111000011000100000000000000000010011110011001001101101
10001000000000000000001010101100100100000001001010000000000100000000110000001000010
00001001000001010000000110010001010000100010000010000100100000000000100000000000000
01000000000000000010100000000100000000010100100000000000101000100101000001000001000
01000000000000001100010000011100000011000000000000010101000100111101000000001000100
01000000000010000100000000101000101001000000000000010000110000000001000000010000000
01000000000011000000101000000000100000001000000000000000000000001000000100001100011
00001000000000000100000000000100010000001000000000000000000101100001010000010000000
00110011100000100100010000000000000000001000000001001000000000110010000000000000010
00100001100000000110001000010111000000000000100110000110000001000000010000010000110
00000100010000000100010000000000000001000000100000000000010010000001000000001000000
10000000000001000000011000100000100000000000001001010000000000000000000100000001000
00000001000000000000110000100001110111000000001000100100100000010000010001000000001
00000000000000011100000000000000000000000010000000001100000001000000011000010000001
00000001010010000000100000000000011000101110000001000010000000000000000000010000100
00000000000110000010000000000000000100000011110100001000000000010001100000000000000
00000000110001001001010110000000000100100000000010000111001000010000100001000000000
00001100000100010001000001000000000100001000010011000000110000000000000001100001001
00000000010101000000001100100000100000000101000000000101000010001000000010010000010
10000011001010000000000101000100000100000100011000000000100010000000000010110000000
00001010010000111000001001000000000000000000000000000100000000010010010000000101100
00010110001000100000000110001010000100010100000000000000000000000000000000000000000
10010000011000001010000000001000100001000000000110000010000000001000010000010011000
00110000000000001000000000000010011000000000000110000000000001010100110011000100101
00000000010000010000000100000000000100000000001000110000000001000000000000010010000
00100000100010010100000000000100000100101000000100000000000100000100111111000000000
01000000101011000100000000100110000100000000010000000000001000000001010010000110000
00000100000000000100100000001000001100000001010010010001000100101001001000000000001
00000010100010001011000101111110100000000000001001010100000000001011100001000100100
01000010100000000100110000000100000000100000010010000010000000000110000010001000000
10000010000010000100001000000010000000011000001100000111010001010100010000000001110
00000000100010001000011110100010010100000000000000011000000010000000000001000000000
01010010000001000001000010011110000000000000000000100001011000100000000010000101001
10001000010000100000001000010001000000000001000000000100001001000000000001111100000
11000110001011000100000000101010011000010000100010110100010010000000101000000000000
01001100111000000000000010010000000000100001001000001000001000100000001000000010000
01010000000000000110000000010001000001000001100010010110010000010010000000100000000
00100100001011000000000001000000000000011000000000000000000010010000000000100000011
10101011010000001000001101001000000100000100000000100101000100000001000100000100111
01010100000001000001001001100100100001000001000101100010001010010100100110000010001
00001001000000010000000010001000110000010100000000000010000000001000101000000000000
00000000000010100000010000000000000100000000000011110010100000000000000000101110010
01000000100000100000000000000000001000110001000000010000001000101001010000000000000
11001010000010000010011000000000100010011000001000010000000011000111010001010010000
10101000000000100000101001001011100001000000000001010000001001010110100000000001101
00110100000000000011000000000000000100000010010001000001001000100001010000100000100
10001100100000000100011000000000010010010101011000000100000000001000001010000000100
39 51
76 10
