83 83
00111010000000000110000100000001000011000000001000100000000000100000000000000100010
00100001100000000100000001100110000000000100011100000000001000000010100000100010000
00000000001001000000000000010000000000001000000000000000000001000000110110000000000
00000010010000100000000000000000100001110010000001001010000000010000000000100000100
00000100000001000000110010010100000000000001000100000010001001000001100000101000100
00100000010000000100001000000100100000100000001001000001100011000001010100000010010
00000000000000010000001000110000001001010000100000100001011000001000000000000000000
00001000101000000000000111000000000000000100000101010000000001000101010000110100000
00000100000000000000000000000000100001100000000000000000000100000000000000101000100
00100100000000000000000000001101001001000100000010000100001000000000100000001000001
01001010100001000001000000010000000010000000000100000000000000000000000000000010110
00000011000000001000000000100000000000000000010000000001010110000000001001000010000
01010010000000000000000101000000101000000000000001010000010001000001000010000000000
10000000000000001001000000000000011000000000000000000000100000000000010000000010100
00100100001000000000000000100000000000000000000000000000001011000010010000000100000
00000000000010000000000000110000010000000000010000000000010000000000000010001000000
00000000001000000000000001000000000100100110100000000000000000000000001100100000001
00000001010000000000000000100100010100000000010000000001001000000000000000000000000
00000001000000000000000000010010000000000010000000000000101000000000000000000000001
00101000100000000000010011101010000010111110100111000100000000010010100010000000000
00000000000001000000000010001010001000100001000000000010101010010000000000001100000
10000010010010000101000010000000011100100000000000100110010000010000001000010000010
00000000000001100110100001001000000101100001000110001000000000000000100000000010000
10010100000001000000000010110000000000000000001000000001001000000000001010010000000
01101100000000000000010000000011000010000100001000000000000000000000000000000010001
01000010000000000010000000000000001000100000011000000000000000010000000000100001001
00100000001000010010010000011000100010100000000010000100000000000100100000010001100
00000000110000000000000000000001000000001001100000001000001010000000000000000000000
10000010001010000000000100100000001000100000001000100000100000100100000000000000000
00000000000000000000000000000000100101011000000010000010010000000000000100010000000
10000000000000010010000000000000001000000010000110000100010000000000000001000100000
01000000000000000000001000010100000000100000100000000001000000100000000000000000000
00000000000100001001000000100000000000010001000000000010010000010000001000001000000
00000100100000000001000001001010100000010000000000010000010000000100000000000001001
00000001000010000000000010000100000000001000101000000000000000000000001000101000000
01100000001011000110000000000010000000000001000000000010000000000000011000000001000
00000001000000001100000000010000000000101000000010010101011000101010000001100100010
00000001101000010100000100000000000100101100000010001110000000000000010000100000001
00000000000010000000000000100000000101000010010001010000000001000000010000000001101
01000000000000000000001000000000000001000001011000000000100000000001000010100000000
00000011000100010000001100000001000000000001000000000001011000000100000000000000000
00000001000000100000010110001000001001010110000000100000000000000001100010010000001
01000000001000010001000001000110000000000000000000100110000000000000000000000000110
00000100000000000000000000000000010101000000000100000000000001000010000010000100000
00100000000000000010000000000000000001000000000001000000101000000000000000000000001
00000000000010000000010000000000000000000000000101000000000110000000000000100000000
01000010001000000000000001010000000000000000000000000000100100111000000000000000001
00010110000000000000010010000010000000000000000000000011000000100000000000000001001
00010000100010100001100000001000100000000000010100000010000010000000000000010000100
10000000000110000000110010000000000001001000011000000000010000000000010000100010000
00000000000000001000010000110001000000100000000000110000100000101000000010100100100
00000000000100000110000000000000000000000011001000000000001000000000010000000000000
10000000000000000000000000000001001000001000010000000010000000000000001000010010000
00000000000100010000000000000000000001000000000000001000001001011010001001000000011
00011000000000110000000000000100010001000000000000001100000000001010000010000000010
10010000000001000000001000010000001000000011000000000000000000000000100001000000000
00100000000000000000000000000000100000100001001000001000000000100000000101000100001
00010100100000000010101000000000000111001000010000001001000000001010000000001000100
00000001000000000000000110000000000001000000000000000010000000000000010001001000010
00011010010010000000100000000000000000000010010000000000100100001000000100000000000
10000010000100000001000010000100101010000000100000000000000010010000000000000001100
01100000000000100000100000010010000000010000011000100010000000001000000001000000000
00000000000100100010000000000000100010000000111001000000000000010010110001000100000
00100100000000000000000000100000000100000100000000000100000000001000000001000011100
10010000001000000010000000001000000000010000000010000000001000000100000100000001100
00000000001001001000000000000000010001100000100000000000000000100000000010000100000
00010000000100000010000000000000000100010100001001001000000000000000000010000100000
01000000001000000001000000000001110000001010000100000000000000100001010000000100000
00000000010111000100000000000000000001101100001001101010000000000000000000000011000
11010100000000100000000000000001100100000000001100000000000010100000000001000000001
00000000010001000010000000000000100010000000001000000010101000000000010000000000000
00000000100000010000000000000001010000000010000000000000000011000000000000000010010
00000010000000000000110111000000000000000000000000000001000000001011000000000101000
00000000000000100000000000010000100110000100010011001011000000000000000000100000010
00001110000001010000110000000001001000100010100001000000000000100000001000000000000
00100001000000000000000000110000000000100000000010000010001000000000011000000010010
00110100000000100000100100100000000010000000001010000001000000000010000000001000000
00010001010000000000100100000000000001000000000010001010000100000000000000000000010
00000000000011000000100000000000000000100000000100001100001000000100100100001000000
10000110001010100000010000100001000100000000010000000000000000000000000000000000010
00000001001000000010000000000000100000100110000100000000100000000000010000100000101
00100000010000010010001000100000001000000011000000010000100000000001000001000000000
00001010000000100010000000000101000000010100000000000011000000000010001110000000000
0 0
82 82
