79 84
100000001100100000000010000000000000000000000100010100110100001100011010011100000000
010001001001000000000110000000000000100100000000011101010010100011000100001010000000
000001000100100000100000000010000000001010010001001001000000001100000010100000001000
100010000000000100000000110010000000001000001001000110010000000010110000010000110000
011001000000011110000010100001110001000000000100000010000000000001000001100000100000
000011100101001000010000000000100100001010000000000010100000000000000000100000110010
000001000000000000000010000000000000000010000010111111001000000100101010010000010010
001000000000001001010000000001000000010000110100001000000000110000000000000110000111
000110000001000000000100000100010000001000000000001000000100001000100001000010000000
000100000011000000000100101000001110010000000000000100100010000010000001110100100000
000000000001100100000000000001010000000100000001000001000001100000000100010000000000
000100000000000010001000011000000000011000001000000100000011000010000001000000001000
000000000000010001000100000000000010100010100000000010000001000010000000100100000000
000000001010000000100000100000000000100000000000110000100010000101001000000000001010
011000000001010101010000000000100100011000100000100000000110000000010010100110010010
000001110000000010000000000001000000001101001000000000000010000001010100000100000000
011000000000111011000000000010000010001100001000100000011000000011001101100000000000
000000010101001011000100100010000100000000100000000000000000101000011010001000000101
000100000000000100011000000000000011110000100000000000001010000000000010001000000110
001110000000101001000000110000000000000000011100010000000000110011000000000000011100
000000000000000000001100000010001100100000000000110100100010001010001000011000010000
000110001000000100010000000000000011000000010011000000010000000000010100001000000000
010000000000000000001110010010001100101000000010110000110000000000100010100000010011
000010000000011000100110100001000000001000000000000110000000000000000010000010000000
000000110000000001000100011000010001000000010000001100000000011100000000101010101000
010010000000000010101000000000001010000010000101000100010000010000000000010100000101
011000101010010100000000000000001100000000100000000001100111011000000001000000001001
000001000110000000010000000010000110000000000011000000000110000000001101000100101000
000000000000000000100000100010000010100100000000000000000010000000000000000001001110
000001000000001100000000010110000000000000000010000110011000100000000000000000000000
001000000001000001000000001000100000011001000000000001000111010011000110000011000110
100000000011001000110010001001100001100111011100001001000110000000000101110001101000
000000000001000000100000010011001000010000000001100001000001000000000000000011000010
000000000000000000000100000101001000000000000000001010000001100000000000010000000000
000000001010000100011000001000001000000000000101000000110110001000000000001000000001
010000100000100010000000011001010000011010000000000000000001010001001100010010000010
110010000100000000010010001000000000001010000101100000010100000001000000000000100000
000100000001011000001101100000000000000011001000000100000100000000000011000000000010
000000001100000000000001000000000000100000000000000000000000100001000000101000000000
001110010000000100010000010000000000000010011000001110001010000100101001000100010101
000000000000100010001000001100000000001000000010000000100000000100011000000000100100
100000110100000000000000000010010100000100100000100000110000100100000010000010000000
001000000000001000000001000100010000010101000000111010000000000000000000001000010011
000010100000010100000001000000000001000000010000100000010010000000001010010000000100
010101101000000000000011000100000000101000000000000001000000011000000000100000000001
001000010111100000010010000010010001010000111010100000001101010101000000100001001000
000100001001000000010000000100001100000100001000001000000001000000000000101110100000
001000000000100110010110000000000011001000100000100000000010001100001000000010000110
000000000010000000000110000000000000000000000000000100000000100000000000101000110001
010000001000001000100000000100000001010000001000001011100010000000010000000001101100
010000000100000010100000000001000101110001100000000000000010000000000010000000100000
000011010000001000000000000100000100000001000000011000000000010100100000000000000001
000010000001010100000100010001000010000000000000000100010011000010011000100000001000
101001000001000101100100000011000101100000010000010011010000010000010000100000000000
100000000100100000000101100010100000000000101000000110000001000010000010000110001000
000000001000000100010000010000100010011001100110000101001100100001000001000100011000
000001000100001010010000001001010000000001000010101010000001010100001000000000000010
001011000000001000100000000000001000000010000010000100100000000000000010000000100001
000001000000100101000000000000011000000000000001000000110101001100010000100000000000
000010000000101000000000000100000100101010000001000000000000100000101111000101100010
001000000000000010101000000001101000010000100101000010000100010000010001001010000000
100011100010100000000000100100010100100000010000000001000010000001011000001000101100
110100101000010100100110000001000000000000110000000000001001000001000010001010010000
100000000000100000000110000100010000000000001010000010000000000100100100001000001000
000110010001001000011000000000000000000010000000000001010001100000000000011001100100
001010011000000000110000010000001000000000001000101110010001000000001010000010010000
000001000010001000100100000100010010000001101000001000001100001000100000000000000001
000010000110000100110000000000101010000110001001000000000100000000101010011011000001
100000010001000000000010011001001000100100001000000010000100000000000100000010000000
000110000000001000000000000000001000001100010000010100000000010000000100000000001111
110010000110000001000001001000000110001000000000000010001010000000000000111000000100
001000000000000000100011000111010000000001000000001000000001100011010000000000000110
000000000000000000110000000100000100100010000001100001000000110100000010001000001001
000000000110010000001010000100000000100010001110000001000000010000000100000001001000
000001110000100001000001110100001000000000000000011000100001010000000000000000010010
010001000000000000010000001000001000000000010010100000100000000000000001000000001000
101100100001001000000001000000001100100001000100111001000000010000000010011100000110
000000000001000011000000100010000000000000000100100000000000000110000000000001100001
011010010100000000000100000100000000000000000000100001000110000001100000000010001001
15 42
77 4
