84 84
000000011000000010000010000100000000100100010000010001000000111000000000000100101000
000101010000000100000000000010100000001010011000000000000100000000000100000000010000
000000000000000000100000000011000100001000000010000010000110000010000000000000000000
000001000000010000000000000000000000111000010000010010010000000000010000010000000000
000001000000101010010000000000000000000100000000000100010000000000000000000000000010
000000001000000100000000000100000000010001100000100010010000000000000011000000000000
000100000001100000100010000001001000000000001000000100000000001001000001000000000000
000000001000001000000000100001000010000100000000000000000000010000100110100011000101
000000000000000001010100001000100100000010010000000000000000001000000000000000000000
001000100000010000001000000000000000001000000000000000000000010000000000010001000000
000000000000000000000100000000001000000000001001111000000000000000000000010010000000
110010000100010000000001110001010000000000000010010000000000100000010000000000000000
001000000000000000000000000010000000000010000100100100000000001000010000000000000000
000010001100000000000000100001000000110000100001000001000001011000000110000000000001
000011000000010000000000000001110000100000010000000100001010000000101100000010001000
000001010001000000000000000000000100010000110000100000000000000100110000100000100010
100100000001000100000001100100000000100000000000011001000000000000000100000000000000
100001000000010001000100011100000010100000010001000000000011000101000000000010010000
011001000000000000000100000010000000100001000010000000000011000100100000000001000010
010110100000000010100000000001011100001000000100100000000100000001000000000010000000
000000000000100010001100000000100000000000000000000100000000000000100000000001000000
011000001000100100100000100001100000110001000000100101000000000011000000000000000000
000010010001000000000000100000001000101000110001100010000000001101000000000000100010
000000100011010000100010010100000100000100010100000100000000000001000000000000000100
011000000000010010000000001000000110000001000000100100010000001000000110010000110000
000100010100001010000000000000000000000000000100000000110010000000000000100010000101
000010000000001000000000010000000000000100000100000010000000000100000000000011000010
000001000001000001000000000010000000000000000000001100000000000100000000110000100001
001001101000000000010010000110000000010000000000010000010000000000000000000001000001
000000001011000000000000000000101010000000010000100010001000000000100000000000000010
000001000000001000000100000000010000000000000001000000000001000010000000111100101000
000000001001001010000000101000100000001100000000000001000000001100010000010000001001
100110000010001100000000000010000010001010100000000001000011100000000100000000000100
010000000000000000001000100100100010000000000000000010000000010100000000000000000110
000000100000000000000000100000000000000000000000000000100000010000000000000000001101
000100000100000000000001000000001010001010000000000100000010000001000001011000000001
010010000010000000000000001000101000000000000000100000000000000000000000000010010000
010000000000001001000000000000000010000010000100000000010100000000001000010010100011
001000100100000001000000110000000010000001000000000001001001000100000000000000000000
000000010010001100000000101000000000000000000100000100000000000001010000000010000010
000000000000000010011110010000000000000100000000000000000001011001101001000010100001
001100010000000001000000000100000010001000101000010100110000000001000000000000000000
000010001000010010100000000000000000000100001000000000000010000000100010000000010000
000001100000000000000100000010000000000000000000000000000100000000000000000000001000
010000000000000000000001100000000000010000101000000101000000001001000100100100000110
000000100000000000100000000000000000010100100001010010000100011000001000000001000000
000000000000001000000100110000000000100000001001000000101000000000000000001000000010
000010100100000100000010000100100000000000000000000000010000000010000010001000000001
000000000000010000000001100100000000000000101000000000000000100000010000000000001000
000000000001001000111000000000001100000000000000100000001000000001100000000000000000
000010001000000000000000000000100000000000101000111100000100000000000000010000010100
000000001000000000000000000100000001000011000000000010000001000000000100000000001101
000010100000010000000001100000000100000000101110111000100001000011001000000000100000
010010010101100000100000000000001010000100000000000000000001000001000000000000010100
000000000000011000001011010000000000000000100000100000000010000000000000000100000001
000000000000000010000010010000000000001100100000000000000100000001101000010000000000
010000010000000001000001110000010000000000000000000000011100000000000000001000000010
001000010000010000000100000001000110000000100001000000001000000001000100000000000000
100010000000101000000000000000000000010100000001110000000000010000000000000001010000
000000000100000000000000011000000010001010000100000000100101000000100000001000000000
000111101000001000000000000100000001000000000100001110000010000000110000000001000000
010000001000000000001000010000101001000100000000010000000010000000000110000000001001
000001000000010001000000000000111010000010000001100000001000000000000000000011000110
000100000000010000001000000000000100010010010100001000000001100100000000000000000000
000001000000000001100000000000100000000100010000001000000000010001100100000010000000
000001100000010010000000110000000000000101100000000000001000011100010000000000000000
010000010000000000011100010000001000001000000110000000000000100000000001000001000010
000000000001000011000100000000000000010000010000000010000000000000010010110000000000
000000000000100000100100010010010010110100000000000001000010010010001100101000000000
000001000000100000100000000000000001000000011010010100000000100010000010010000000000
000000111000100011100001000000000001100000000000000000000010001000110100000000001000
000000000000001000000000010000101000100001100000010000000010010000000000000001010000
000100100001000100000000001110100000000000000000000000000000011111000000000100000100
000100110000000000000000101000000000000001000100000001000000101000100010000000000000
000010000000010011010000101000101000000000000000000000000001000000000000000010010000
000000000000000000000000000000001000000001001000001000111000000001100101000000000000
000000000000000000000000000000100000101000000000000100000000100000000111000000000000
101100000000100000010000000000000000000010000000000000000001000010010000101000000001
100000000111000000000101010100000010001011000000000000010010010001110101010000000000
010000000000001000010000000011100000010001001000001100000011001100001000000001001000
000000000010000000000011111101000000000100000010000000000000000100000010000000000101
100000001001000000000100000010000000100100000010000000000000000110000000000100000000
000100000000100000000001011000000000100000011000000010000011100110000000000001010101
000000000000000000000000000100010000000000000000001001100000010000100000010000000000
0 0
83 83
