80 85
0000001010100000100000100000000000000110010001001000000000000000000000110000100000100
1100010010001100100010001010001000000000010100000000000000010001000000010010000000000
1000000000000000110101000000000000000010000100000000010001000000000000000000001000000
0100000001000000001000000000000001001100000000000000000100100000001101100000000100000
0000010100111001100000001001010000110000000010001100000010000001010000010000001001100
0010000000000010000000000110100110000000000100100010100001000001000000000000001100010
0100000001101000000000000000000011000100000010001000000100000100000000000000000000101
0000100000010000010000100000001010001101001010000100000000000100000010001010001001000
0001000000100000100000000010001000010000110101101010000000000101001100011010010011010
0000110001000000000100001000001000000100000110000000000100010000001100000001000000111
1010000000100000000110001100100000000000000110010000111000000001000010100100010000000
0010101010100001010000000001000100000010100001000000101010000000000000100000000000000
0110000000011001000101000010000100000000100010000001000000000000000000010101000110000
0000000000000001100100100000100000000100100000010010101000000000010000000000000100101
0000000010100000100011010000000100000001001000000100000000001110000000000001101000000
0011000000111010100010000100000001010111000001000100101000000000000010000000000100000
0110110000000000000000000000000010000000001000000100010100000000010110000001000000000
0000000001000000000010001100001000010000000000010000000100100001000100100101001000001
1010001110001100000000000000000010001100100110000010001000010110000000110000000000100
0000000001000000000010000001110000000001000101000110100000010000001101110000010000000
0000001101010000101000000100100010000000100010000100100001000000010000000000000100000
0001010001000110000100001000000000100000100000001010010000011010000011000000001100000
0000000010000000000000000000010110000000000000000000011000000010000000000000000100000
1010010001000001001100000100101000100001000000101010011010000100000000001000000000000
0000000010000010000000001000100001000000000000110000000011100100100000000100000010000
0100000000000000000001000010100001000001000000010010010000101000000001000000010100000
0100101000000011000100011000000000000010010001100100001010100010001101000000101000000
0000000100100001000000010000000000000000000000000000101010111000000000010100000000000
0001011000100000110010100100100000000000000000001010111000000010010000100000101000110
0100100000100000000010000000010010000000010001100010110000000110001000000000000000000
0011000010000100100000001000000100001100000101101000000000100000101010000100100100001
1000000010000100100000000000100000010000000010010001100000010011001101000000000000010
0100000000011001001010001100001000000000100000010000010010000000000000000000100000010
0001011100001001100000001000110000100010000000100000000001010001000001001000001000010
1000010100000100001001000000000000011100000000000000101001001100010010000001011011000
1000000000011101000000010000001011001010010001000010000000011000000100000000101011000
0000000001001000100010000000000000000010100001000010000000000100001010001001000000101
0001000000000010000000111010001010000000000000000000010000000001000011100001000100000
1000000000001010001010000111000100100001000000000100000000000000000000101011100010010
0000001100001000001101000010100010000000000000011000001010010010000010000010010000000
1000001000011011000000000010100100000000010000000100001000000000000010001000010000000
0110000000011000010001001000000100001000000001000110010010010001110000000000001100000
0001001000000010000000000101000000000100000010100001000011001000000001010001000010011
0010010110000010110100001001001100000010000100000001000000010000000000100000000001000
0000000001000000000000010000000001010001000001100000011000101000000100001000000010010
0000100000000001100100100000000000001001000001110100010000000000000000000000001000000
0001001000001100101010000000000001000000100000000000001111000000000111010010010110000
0000000001110000100000001000001000000000010100010000000000100001000001010011010000110
0000010000000000001000000010010010000000000101100001000000000010110010000001010000101
1010100000001001101010000000100000101000010100110000000000100000001001010000000000001
1000000100000000001000001000110000000000010000000000000111000100010100000000001000001
0000100000001000000100001000000100010001000000000001000000010000000000000000010000000
0000010001000000100000010100000011100101100000000000001000000000000111010000000000110
0010000000010010000000100000000000000000000100001010000110001000001100000000101000000
0000000000000000000000000000001000000000011000110000100010000100000000001000100010010
0100000001000100010000101000000001000100000100010000000000111100010100000010000000001
1011001000000010000100000000010101000000100000000000100011000000000000010000100000001
0010111010010010010010010000000010000000010110000011001100000011001010001010000000000
0100110000011100101000110100010100000000000000001101001000000010000111000000110100000
1001100000001000001100000000000000000000000000000001000000000000001110010010000001100
0000100100000000100000000000010000000000010100000000000001010000000010000000000000000
0001000010000000100100000000000100000010000100000001000100001101000100000100100110000
0001000010000001000010100100000000101000001001000000010100000001000000000000000110000
0000100000000000010101000000110000000010001000000000100000010001000000000000100000001
1000010110001110000000100000000000000001001100010110010000000000110000100000000000001
1010110110000010000010000000000011101000100010010101000001000000010100000001000011000
0000000111010000000000000001000000000000110000001000000000000100111000100001000000100
0110000001010000011001011100010100010001000010000000010100000011011001101001010110010
0011101001110000100100000100000010000000000000000100100001010000000001010111100100000
0000010010000000001000110100000001000100001100000010001000000001000001000010000000010
1000000000000000000000100000000000000010111000010000000000000101001000000000001100001
1000000000000001000101000000100000101010000010000001001000001000101000000000101000000
0000010011000000000001010010101000010100001000100000010010000000000000010001100100000
0110000000000010010100000001100000000111000010000010000000010101001000000010010001100
0000000010000000000000100000010000001000100010010001000010110000011001010001000000010
0000110000010000100000000010000000000001100000001000000000000001000000000000000000001
0110011010100000001000100000101100010101000000000000000100000000001100100100000000011
0001100000111000000000000000000000100000001001010000010100000100000000000000100000100
0000010100000000000001100000010000000001001000000000000000100100001010000001000010100
0011000101100011000010000000000001100000010000000000010000010000110001001001010010000
27 8
4 84
