85 85
0000000000000100000000000010000100000000000010100000001001000100000010001000000100000
0001000000000000000001000000000001000010001001000010010000000010000000000000000000100
0000100000001100101100010000000010001010010000000000000100000000000010000000000000100
0000000000000010000000000000110000000000000010000110000000100000000000000000000000001
0000000000001000000000100000001000000000000000000100000000000010000000000000000000101
0001000100010000000000000000000000000100000000000000000100000001000000000001000000000
0000010000000010000000000000010000110110000000000000010000100000000000000000000010000
0000000010000100000000000010000000000100000010000100000000000000100000000000100000100
0000101000000000000000000000000000010000000100001000000000000100000010110000000000000
0000000000011000100010000010000000000000000000000000010000000000101000000000000000000
0000010010000000000001000000000000000000000000000100000100000000000000000010000000000
0000000110001000000000000010000001000101001100010001000000110000000100010000001000000
0000000000000100100000010001000000001000000001010000010000000000000000000010000000000
1000010000000000000000000000000000000000000000000001000000000000000000000010000000000
0000000000000000000011000001010100000000000110000001000100000001000000000100000000100
0100000010000000000000000000000000100000000000000000001100000100000000000000110000000
0000000000010000000000010000000000000000100000000000000000010000000101000000010000000
0000001000000001010000000000000000001001010000000010000000000000100000001000000000000
0000000000000000000000100000010000000000000000000000000000000000000000001000000000001
0010100000000000000001000000000000000000001000100000000000000000000000000000000000000
0000000000000000000000010010000000000000001000000000001000000010000001000101100000000
0000010001000000000000000000001000100000000000000000000000001010000000000000000000000
0000000100100110000100000000000101010000000000010000000110000000000000000000000000100
0000000010000000000000000000010100000000000100000000000000100000000001000000000000000
0000000000000010000000000000000000100000100000000010000000000010000000000000000000001
0000010000000000000001000001000000000000000100000000000000000001001000000000000000000
0000000000000100000000000000000000000000000010010000001000000000100010000000010001000
0011000000000000000000000101000000010010000000000000000010000000000000000000000001001
0001000000001000000000000000010000001000000000000000000000000110001000000000100100000
0000000000110100010000011001000010100000000000000000000000001000010000000101000000000
0000000000010000000000010100000000110000000001010000000000000000000000000010001000000
0000000000000000000000000000000000010000100000100001000000000010010000000000010000010
0000000001000000000001000100000000000100000001000000000000000000000000000000011010010
0000000000000001000000000000010000000010100000000000000000000000100000000000010000000
1010000010000000000000000010000000100000100000000000000101010000000000000000000000100
0000000101000000000000000000000001001000000100000000000000000000001000000100000100001
0010000000100000000000000000000000000000000000010000100000000010011000000000000100000
1000011000100010001001100001000000000000000000101000000001010000000000010000000000000
0110000000000010000000100001000000000000000000000000000000100000000000000000000000000
1000000011000100000000000101000000000010001101000000000000000000000000000010000000001
0010000000100000000000000010100000110000100000000000100000000000000000001011000100000
0010000000010000000000100000000100000000101000000110000011000001000000001000000100000
0000000010101010000010000000000000100000001100000000000000000010000000000000000000000
0000000000000000010101000010000000000011000010000001101000001000100000100000001000000
0001001000000000010000000000000000010000000100000000000000100000001000000001100000100
0000000000000000000001000000000000000100000000000000000000000000000000000000010000000
1000000000010001100001000101000001000000000000000000000000000000010000000000000000000
1000010000000100000000000001000010000000001000000000000000000011000100011000000000000
0000000000001000000000000000000000000000000000000000000100001010000001000000000000100
0100000010000000000000000000010010000000010000010100000100000000001000000000000000000
0000010100000000000000000001000000001000000000100001000000000000000000000000000000000
0000000000000000010000000010000000100000100000000000000000001000000001000000000000000
0100000000001000000100000000000001110000010001000000000000001000000001000010000100000
0000000000000100000000000000000001000000100000000000010100000000000000000000000000000
0000000000000000001100000000010000010000000100010000000000001000000000000000000000000
0001000000000010000000010001000100000000000000000000000000000000000000101001000000000
0000000000000000000010100000000101000000000000100110000000000000000001000001000110000
0000000000010000000000000000010000000000000101010001000000000010000000100000000000000
0100000011000000010000000100000000100000000000000000000000000000000000001000000000000
0000000100000100101001000000001001010000001000000000000000000000001000000000000000000
0000000000000000000000000000001000010000000000000000000000001100000000000100000000000
0000010000000100000000000000000000010000001100000010000100000001100000000000000010000
0000000000000001000110000000001000000000000000110000000000000000000010000000000010110
0000001100000000000000000000000000000010010100001000000100000000100000000000000000000
0000101000001100000000000000000000001100010000000000000110000000000000010000000000010
0001000000000000000000001000001000100100000000010000001100000100000000000000010000000
0000000000000000011000100010000001010000010001000000100000000000000000100000000000000
0000000000000000000000010100000000000000000000000000000000000000000100000000000000000
0000001000000000000000000000100000000000000000000000000000000000000000010000001000000
0001000000100000000000010000000000000100001101000000000001100000000000000000001000001
0011000000010000001000010010001010000000000000000000000100010010000001100000000000000
0000000010000000100000000000000000000000010000010000000000000000000001100100000000000
0000000010000000000000001000010000001000000000110000001000001000100000000011010000000
0000000100000001001000000000110000000100000000100000000001000000000000010000001001100
0000000000100000010000000000000000000000000000000000000000000011000000000000001000000
0000011000010010000000001000000100000000000000000100000000000000001000001101001100000
0000000000000000100000000000000000000000000000001000100000000100000000000000001000000
0000000000000010000000000000000000100100000000000000000000000100000100000000000000000
0100001000000010000000010000010000000000000000100000000000100000000000100100000000000
1000000000000000100100000000000000100000001000000010100110000000000000010001000000000
0000000000000000000011010000100000000000000000000000000000000010000000000000000010000
0000000010000000000000000000000000000000100000001000001000000110000000000010000000000
0000000001000000010100000000000000000000000001000000000000011000000001001100000000000
0000100000000000000000000000000000000100000000000000000000000000100000000001000000000
0100000000000000000010010000000000011000100000000000000000000100100000001001000000100
0 0
84 84
