81 86
00010000010100010000010000010000000110000000000100000100000110010000000000100000000000
00000101001010101000000000010011100100000000100001100000001000000000000000001000000000
01001100000000000001000001011001010001100001001001001010010100000100001000000000001000
10000010010000100000100000111100010000000111010000000000000000001000000000000000100010
10100100000000010010000010000011000000010010001001000000000101001000000010000010101010
00010000000000010001000100001000111000000010000101010000000100010010000010010011010010
00100000100100000010000010000100011010101001010101000000011000100000000101000001000110
00001100100000100000001100000010001000000000000001010000000000000000000000000010000010
00000100000000000000100000001000000001001001000000001000100101000000010010001011000000
00001000000010000011011000100001000001000001010000100000000000010100010101010000100111
00010100101000010000110000000000001000000000010100000000000000000000000000000000000000
00000000100110000000100000010000010000000000001000000000100000100001101000100001000000
00000100000110000000000100000011100010000000100100100000001110000000000000000001010100
00000000000000010110010100011010000000010000000000000001010000100000000001000000000000
01000110000001100001000000000000000101000000000010000001000000100010010000001000000001
01000001000000010100010000010010000000000011100010001001000100001001100001000000000000
00001101001000001000010000000001011001010000000000000100000000010100000011000000000000
00001000000100100010010000100000000101100100001000000001100001100000000100111101000011
01000000000001000010000010000010100001100101000000010100100000011000010000000000110000
10000110100000100000000100110000000000000100000000001000000110000000000001000100000100
00000000000000101000000000000000001000000000010011000000011001100000000000000001001000
00100001000000000000000000010100001000000000000000100000000100001000010010000000001111
00000010000000010100001100110100000000000110010010001011100000000000000000000000000100
01110001001010001000000000001001000010000010000001000001000001001000010000000100000000
00010000000010000000000000010100000000001011000000000000000000001000000000100000101001
10010000111001000001100101101100000000000000100000000000100100100000101000110000010000
01100001100000000000011010000010010000100011110010101101010010100000000000000001110000
00001000010011101001011001010000111100000010001010000010000000000000000000000000000000
10000101101000000010100000000000010000001000011000000000100010000100001000000000000111
00000011000000001000010000011000010000001000000000000000010111000000010000000000000100
00010000000010000000001001011000010100010010001000101000010000000100000001011000000000
10000010000011110000000101101000000000000100000001100110000010001010001000010000000000
00001000101000000100000110010000100100010000000100001100100000000001001010000011000000
00010000000101001010000000100000001011000010011000001000001000000000000000000100000000
00010010000000000000000000000110100100000100010010000001101000011001000100111100110000
11000000000000010010000000011001000101001000010000000000000001000100000000000010000010
00000000000010110000011100100010100000010000010010000000000001000000010010101100000100
10100101000000000001010100000000001000011010100001001101100000000010100001000110001010
10000000010010000001100000100000100000000100000001001000100000010010000000001000001110
00000000001000100010000000000000001010000100000110000010000000100001010000100000000010
01100000011110000010000001000000000001011010000010101000110101011000110000000000000000
10000101100000001000101010001001000001100100000000100001000000000010000010000100001001
00000100000010000001001100001000000000000010000001000000000100001001001000000000000100
01110010000100001010000001000010100000000010010000000001010000010101000010000000000000
00000010000000001000010001001100101000100000001001100000000001001000000001000000001000
00001000100100000000000100000100100000110100001000100001000010001000000000000101001000
00000000000001101000010010000100000000100000000100000000000010010000000000000000000000
01000010001010000100000010000000101000100001001000000000010000000101100010101000001001
00000000000000000101001000101000000001000101000010000000000110010000000010100000010010
00001000000100000000101000000110110000000000001000000000001000001000010100000000000100
01101010100101000110011000000110100000000101000001000110000000000010001000000000101000
00011000000100000000000100000000001010000000000010000101111000000000010000100000000000
10100010000101000000000000000001001010110010000000001000100101000000100000000000000010
01101011000000000000000100000100000001010000100000000011000100000010001000000001001000
00010000000000100010000000001000011010001000001000100000010110000000000010100000001110
10000000000001000000000100000000010000100101000001001000000100100000011010000000001010
00001010000000000000000001101100010101111010100000000000011001000010010000001000000000
10010010010000000000000011000100000101000000000000000000000010111000000001001110000000
00010100001001110000000010100010000001000000001110100000000000000000000000000110011000
00000000000010100000000001000000010101110000100101000010001000010001100001000001100001
00100000001011011010000010010000000000110100010000100010011000000011100000010000000000
00000000000100010000001000000000100000000110000000110000001000100001010010001000010010
00000000001100000010010010010000101000000000000001000100000001000100000100100000000000
00010100000000000100100000000000100000000001000010000001000000010000100010001001001000
01100000000000010000000000010010000110100000100001010000100000100000010000111000100000
10100000010011101000010111000001110000110010000000010000010000000000100000000100000000
10000011000000000001100001011100001010000001000000000000000100010000000001010000011000
01000000000000000000000000000000000100000000000000000000001000000100000010001000000001
00000010000000100100101100000000000000000100101000100101000000001011000000100010100011
10010011000010011000001010001000000100000100000001010001000101000000101000100000000100
00101100110010011000000000011110000000000000100000010000001001101011000101000000100100
10000000000000001100000010000000000110001000100011010000000001001000000000100001000100
00100010000000000010000000000000000000001100000001010000100001001010000010100011010010
00000110010001000000011011000101001010000100000100001100000100100110010000000010000000
00000010010010000001001010000001001111010000000000000000100010010000000000000000100011
00000011000000000010010000000000000101000001100000000000000110000100000000000010000000
00000011000001100000000111000000111000000000001010000001000010000010000100100000010000
01000010001001000010000000000000000000000000000000000000000001000010010000001010000000
00000010110000000010100000010000101000001000100000010000100000000100010000100000010001
00000000000000110000000000000000010000100000010001010000010000100001000000110101000000
00001001000000000000010001000000010000000000110000000000011100000001010000001000000011
72 42
5 7
