86 86
00010000000000000000000000001000000100000000001000000000100000001010010000000000000000
00100000000001000100001000000001000000010000000000000011000000000110101000000000000000
01000000000000010000000000000010000001000000101001000000001000000000010010100000000010
10000000000100001000001010000000100000000000000010000001000001000000000001010100000000
00100000000100000010000011010011000001000000000001000001000000000000000000010011000001
00100001000000110000010011000000100000000000000000010000110000010111000010000000000000
00000000000100000000000010001000000001010001100000000100010001100000000000100000000100
10000000001000000000000000000000000010000010000000011000100000001000000101000000000000
00100000000010000001000000000000001010101001100000000000000000000000000000101000001000
00000000000010000000001000010010000000001100000000001011110100010101000001000000000000
00101010000000001000010000000000000000000100000000001010000110000000010010000000011010
00001000000000000000000000000010000000000000001001000001000110110000010000000100000000
00100100000000000001000001001000000000000000000100000000000000000000010000010001000100
00000000001000000001000000000000000000000000000010000011000000100000000000000011000000
00010000000000001000000000000000011010000001000000010000100000000000000000000000101100
10000001000000001100000000010010101010010100001010001010100010000010001010000010010000
00000000100000000000000000000000000000001000000000000010000001100000010100000101000010
00000010000000010010000000000000101000000000010000000111100000000000000100000010010100
00000000000000000000110000000000100000100000011000000010000000000000000000000000100011
01000000000010010101000001001000100100000000000000000000000000010000100000010010010000
00101010011010010000100000000000011000000000001000000000100000010001001010000000000000
00010100110000000000010011100100000000000010010000000001000000000000000110000000101000
00010000100000001000111000000100101001101000001000000000000000000000010010010000000010
00011000000000001000100000000000000000000000000000000000000000100000000000000000000100
10000001000001000000000100000001000101000000110001000100001000000000010000000010000001
00000000001000000000010000000000000000010100000000000000100000000010010100000000010000
10000100000000100000000100000001000000000001000000000000000000000000000000000000000001
00000000100101000011000110001000000000000000000100000000000100000000101010000000000000
00000000100000000000000000001010000000100110001010000010000000000100100101000000000101
00000010000100000100000000001010000101000000010000001000010000000001000000100100100001
00100100000001011001000000000010000010110000000000000000110000100000000000110000000000
00000000000100000000000010000000000000000010010000000010010000100000000001000000000000
00000100010100000000000000000000000010000010001011010000010000000011100000000010010100
00000001000000001001000100100000000000010000001001001101000001000000000001011000000000
00000000000000010000010010100001001000000001000001111000000000000000000100000000100000
00100110000000110010000000100000010010000010000000010010000100000100000000000000000110
01001000000100000000000000000000000000000000100110000000000000000000000000000000000100
00100000000000011000100000000001110000000000000001100000000000000000000100000101000010
10010000000000000000000000001000111000000000100000000010100000000000000000000001010001
00000010100000000000010100010100011001000100000100011001000001010100000001000000000010
00101000010000000000011000000100000001000000000010000000000000100000110000000000000000
00000000100000000000000000000101110000000001000010000100000010000001000110000000000000
00010010000000100000100000000000000111000000000000000101001000000000000010000000000000
00000011100001000000001110000000000101000011001001000010000000000010001000000000000010
00001101000001100000000000010001001010000001000100101000010000001000010010000000000000
00010100000000000101000010000000001000000000000000000010000000100001010000001000001000
00010000001000010000010000000001000000000010000000010000001000100010100001001001001000
00010001000000000010000000000000000001001001000001100000000000000000000000100001011001
01000000010010100010000000000000001000000000000000000000100000000000000000100110000001
00000000000000000100000000000010001000000000000001000000000100100010000000100000000011
00001000000000000000000000001000100100000000000011000000000110110000101000000000000001
00010000001000000100100000100001000000000000000000100010000000100110000001000010000100
01000001000000010000001001000000010010000100000100000010010000000000001001000001100000
10000010010000000010100000101000000000010100000000000010000000000100000000000110000111
00000000000000100010100100100000000100001001010011000000000000100001011100000000000010
00000000000000100101000100000000001010100000000000000000000001000000000000000000010010
00100000100000000001000100110000001000000000001010100010000000000000001000000100000000
00000010000000000000000100000000010000100010000000000000000100010010000000000001000000
01010000000011000010000000010010000000000000000000001000000000100000000000100000000000
00100000101001001010000000000000100010001110000000000000001000000000010100000000001010
00010000011000011000000000000000100001001000000100000000000000000000000000001010000110
10000001000000100001000000000001001000001000000000000000010001000000000100000000000000
00000000001101000001010000110010000000000101000101000011000000000100000010010000000010
00000000101010000000000000000001000000000001000000001000000001000000000010000000000101
00000000010001000000010010000100000000000000000000000000010000100100010000000000000000
00100000000000000101000001010000010000100000000000001000001001000001010110000000000000
00010000010000010000110000000011101100001000001000000000001000000000010000100010000000
00000010001001010000000000000000000000000000100000000000100001010010000000001100000000
10100100000000000110010000000000000100000000100000000010011000001011000100000010000001
00100000001010011000000100000000010000000000000000000010000010000001000000000000000100
00000000110000100000000000010000001000000100000000000000100010100100000000000000000000
00000100000000000001000001000000000100000000010000010000010000010000011000000000000001
00000100000000100000000000000000101000000100000000011000000100000000000000100100000010
00000001000001110000001010000100000000000000000000100001100000000000000000000000000000
00000001000000001000000010010001000000000000000000000000000001000100010000000000010100
00001000100000000110100010000010101000010000100011001100101000100000010000100000000000
10010000000100000000100001000000010000000011100100000000100101010001011000100110000000
00000000000000000000000010000000001100010000000000000000000100010000110000000000001011
10000001010000000000000000101000010000000000000000000000000000000000000010000000010000
00010000010000000000000000000000000000010000000000010000100011001110100000100000000000
00000000100100000000000001000000000100000000000000000000000001000100000010010000100000
10000000000010000000000000000101000000010000000000001001000000001000000000010000000000
10000000110000000100100000000000000000000000000001000001000100000000000100000000000010
10000001010000000000001000110000100000000000010000000001101000100000100000010100001010
00001000010110000000000000000010001100000000000000110000000010000001000000101000000000
00001100000000001000000000001000000000000000100001000010000000000000000110000010000000
0 0
85 85
