87 87
000000000000001000000001000000100010000000000000001000000100100000001000000010000011101
000000000100001000010001000010011101000000010001010100000001001000010100010000000000000
000000100110001010000011000000100000000000000000000010000010000000000000000000000100000
000000010010100001100000010000000010000111000000100000010001000100000001000000000000000
001010100000000000000101000000000000000000000001001000000000000000000001001001100000000
000000000001011000001000010100000011000000010000000100000000000000000000000110000000000
000000000000000100000000000001100100000000000010000011000100000000000001000000000100100
000000000001000001000001000000000000100001100000000100100000000000010000001010000000000
000000010000000100000100100000000000000000000000001000000000001000001100000100000000000
001000000000000000010010000000100000000101000000000000000000000010000101000000000000000
000000000000000000000000100010000010000000000001100000000010000000010001100000000100000
000001100000001000010011010000100000100000001010100000001000000001010000000000001000000
100000000000000000000100110000010000000000000100000001000001001000000000001010000000100
010000000100011000000000000010000110000000000101000000000001000000000010101000101000001
000100000000100000000010000001000000000000000000100010010000000000110000010001000000001
001000010000000000100000000000000000000010000100000000010000000010100000000100001100000
010010001010001101001000010110000000010000000000000000110010000000000100000000000011010
000000100000010001001000100000000001000010101000100010000000001000000000000100000000100
100000000100000000000000100001110000010100100000000000000100000001011000000000010000011
000000000110000010000000000010010000000000001100110100000000001000001000000010100000000
000010100000000000000011101101000000000001000000001000000000000010000000000001000001000
011000000000010000000000000100000000000100100000000000101100000000001100100001000000000
000001000000100000010000000000001001000000000100000000001100110000000010000000001000000
001100000100001001010000001110000100000001000000010000010000000011000011100000011000000
000000001000000000000110010000000000000001001000000000100000000000100000000100000000000
000000010000000001001010000001010001001000110010000010000001100100010000000000000010000
000010101001001001100100001001000000000010001000000010101010000001000000100000000000100
000101010100000000000000010000000000001000000000000001100000000000000000000000000000000
101000001000001000001010010000010000000000000011000000010000010110000000000000010000000
000000000000000101000010000000000000000001100000010000000010000011001000000001000000010
100000000000000000000000010100001001101000000000011000100000000000000111100000001000000
000010000001000000010000000000000000010000011000001000000011010000000010000000011000000
000000001000010000000001000001100011101000010001000010010000010000000000000000100000000
000000001000010000111010000000001010001000010000000000000000010101000000100000000110010
000000100001000001000001000000100000110000000000110000000101000000000000110001000000100
000000000010011000000000110001100001000000000000010000001000000000100001000010000000010
000000000000001000100000000010010010001100000000000000100000100001000000001000010100010
010000000000010000000010000001000000000000000001001000000000000001000010000101000001000
000000100010000000000100000000100000100100000000010000001100000000010001000000000000110
000000001000010000000100000000000000000000000000010011000100000000001001100101001000000
000000000010100000000000001000000000001100010000001000010000010100001000001000000000101
000001110100100000000000000000000010001100000000010000000100000000000100000100000010000
000000000000000000000000000000000011100000110100000100000100110001000010000001000000000
100000000000000000000001000000000000001000000000100000011000000000000000010000000000001
100000010000000000000001000100000000000010000000100000000010000000100000000010000000000
000000000100000000000000000010000101000100000000000000000000000010000011000001010001010
000000010000000000000000000100001111010000000001000001001000000000010010000001010100000
100000000000100010000000000000100000110000000011000000011000001000010001001010000010000
100000010000110000000000000001010011101010100000000000000000000000011000000000000100010
000000010000001001000010101100000000000000000000000000010000100000000010101001001000000
000001000000010011001000001001000000000000001100000000000001101000101000010000100000001
000000000000000000101000110000000000000000000001100000000000100000001000000010000100000
010000000000000100000110000101000000100000001001000000110100100001000110000100000000001
000100000000010010000000000000110000000000010000000000100010000000110101101001000000000
000000001000000000000000010001000001000111100010000000001010010000000000000000000100000
000000011000000000010000000000000000100100000000001000000101000100011000100000000000010
000000001100000000000000100000000100000001000000000001000100000000000010000000000000010
010000000000000000000000100000010110000000000000000000000000001000000000010000000000100
000000010000000001001000000000000000000100001010001000000000001010000010000100100000001
000010000000001001000010000010100011000000000100001001010110010010010000001001100000000
000000000010000000100100001100000000100000000000000100000001110000000100000000001000010
000010100110100100100000001000001001000010111001000100010010000010010001010000000001000
000000101000000010000010010000000011000100000100011000000001000000000010000000100000001
000000010000000110000000000001000010001000100000000000000000000000000000110000000000001
001010111000000000100000001000000000001000010001000000000000100000000000000000010000010
100000000000000000010000000000000000000000100000001000000000000000100010010000000000000
000000000000000000000000000100000010000010111010010000000100001010000000000000010010000
001110000001100000001000110010000001010100000010000000100001000001010000001000000011000
000010000001000001000001000001000000010001000010000100000000010010110010101010000110010
000000000000000000010000000010000000000000001001100010100100100100000000000100000000000
000001000000001100011000000000000000010010000000000000000000001000000000100100000010000
000000000000000010000100010100010000011100001000001100010000000100001000000000000100000
101001000101000000000000000010000001001110100000000010000001010110001000000000101000000
000000100000110010001000011100100001100100010001000010000000000000100000010100000000000
000100000001000000001100000000001100000000010110000001000000010000000000010100001000100
000001000100100000010001000000000000001001010000000010000010100010010100000000011000000
000000000001110001100100000001001100010000001010100100000000000000000000000000000010000
100000000000000000001111000000000000000000100000000000100000110010100000000001000110000
010000100100000000100000001000110010010000010000000000000100100000000000000000100010001
000000000001000000100001000000010010100000000000000000000010000100101000010000000100000
010000000100000101000000110000000010000100011000011000000000101000000000000000000000001
000010100000010001001000000000000000000100000001000000010000100000100001101111000001010
010000000000001100000001000000000000000001010010000000000010000001000000010011000011010
000000101000000000000100000110000100000000000100000001000000000001101000110100100010010
000000000000010000010000010110100000000000000000000001000010001010000001000000000000000
100000000000000000000001010000010000100000100110001100000100000000000100000000000000001
100000000000010000000100000000000000000000010000100101110010000000000110000000000010000
0 0
86 86
