82 87
000010000000000000000000100110000000000000000100000100000000010000110011000000011000000
000010000000000000000000100100100000001011000001000000111001010000010011001100010000010
010000001000001010000110011001100000010000000000100010000011100000000000000101001100101
000010001000000010000000000000000000100001010100001010100001001100000000010000000000000
101110001001001000001000000010010001000000110100110000000001000000000100000000000100110
000010000000010100000000000001011000110000000000000000000000000110000110100000001101010
111000001101000100001000000010000010000000000000000010000000000000000001100000001010100
001000000011000010100000000100100000000101000000000001100000011000000000100010100000000
011111001001010000000100000000001001010000000000011000000000000000100010000001000010001
000010001010001000000000010000000100001110011000000000000000001000101000100000000010001
010001000001000000000000001100000000000100000011000000001001000000000011011100101000011
111000000110100010000010100000000001001001000010100010001011001000110000000010000000001
000000000000010100000001000000000000000110000010010100110000000100010000000000010111000
000100101000000100000011000001010000000010000001000000000000000000010011100100010010000
000000000000000000001000000100010000000000001101001000100110100000000000000100010000000
010000000000000000010000100001000000000101000100000000000000100011000000000000000000000
000000101000000010111001000000001010000000000000000101010010000000001101000000000100000
000000000000010000010000000000000000000010001010000001000000100000001000000000001110010
000001010000100001000000001000100001100000101000010010111100000000001000000100001001000
000010010011000000000101000000000000001000000100000010101000000100000011100010000000000
001110000011111000000001011000000000000101010000010000010100000000000000000100000100100
000001000000001000011001000100000001000100000000010101000010101100000000001001010000000
101001000000000000001000000010000000111010011000000010001000000000000100000000000010000
110000001000000010011001100000000000001000001000000010001000100001100100000100000001001
001000000000000010001000101000010010001000100010110000000001010100001000000010000000001
010000000000000010100000010000000010001100101001100000100000000000110000000000010000000
100000000001101000000000000000000000000010001000110100110100001010000000000000000100001
000100100000000000000101000000010000000000000100000000000000011001000000000100001010000
100100000000000110100100001111010000101100000000100011110100001000100100111001001100010
000000101000010100000010000000010000000001000100010010000101100011011011101011000011001
100001000001000000100000110000000011000000000000000000001100001001000000011000100000011
000100011100000000000100010000010000000000100101100000011110000100011111000000100011000
000000010000100000001000010001000000101000001100010101000000001000111010001000100000000
000001011000100000000100000000010000011000000000100011000000100100010000000000100010000
000000000000001000000000010000000000000010000010010100010100000000000100000000100001000
001100010100000100100000000100000000000010010010000010000000010010000000100001000000001
010101100000000110000100000101010000000000000001000001000000000000000000010011110000001
000000011010010000000000000001000100000110000101000000010001100000000000001001000011000
010100010110000100001010010000000000100000100000001001001010000010001001010000001000000
000000010010000001011000000000000000000000001000010100000001000000000000011100100000100
000010001000000000000011000000100000000010100000100001101000001001000000010000000000000
000000011000000000000000000000000100011100010100010000100111000001000000010000000000000
100000001010001000000000000000000000100100001000110000000000001011001000000000010100011
001000000001101000100000000000001000001101000010000000001001000010101000000110010000000
000000000010110000000000010000000000000000010000000000010100001000100010000000000000000
000000000000000000000100000000100010000000100010010000010010000000001000000010000000000
000001100010011000000000010000101100100000000000100010000010001010000000000010000001000
100000000000000000100000101000010001100000010000000000000010000000001100000100100010001
100000000000000010010100000110001100100000001000010101010000100010000101010000110000000
100011000000001100110010100000110100010101101000000000111000010100000001000000000101010
001001110110000000001000000000010110100100000101000001100000000000010010101000000000000
001000000100000010110000100001000100000000000000000010101100000000000000010000000110011
000001100100010100000100000011000000011000000000000001001000000000000100000000100000000
001010000000001001000010000100000000000100000010010010000110000101000100000000000000000
000001101001010000000000100000110000100100000000000010000111000010001000100000100000010
011000001010010100100100010111100000010000000100000000110000100000000000000000110011000
001000000011000101000010000011000000001001001110000010000010000000001000000000000100001
000010000000000000000010001010000000000000011010000010100000000110110100100000000000110
000100001000101000100010000000000011000001001000000000000001010010010100000000000000000
001010001001000010101000000000000000100000100010001100000110000000110101000000101000000
010001010110000000000100000000000010000010000010010000000000001010111000000010000000000
011000000111000011000000010000000000000000000000010001010000000001000001010000000000011
010000001000000000000101000001000010000000010000001000000001100000010010000101100011000
010110001001001100010010101000010000000010000100000000000000100000000000000000000100000
000000000000110000000010000000000010010100000000000001010101010110000000000001000100001
000000000000000010000000010100111100000011010000000001001100100000000000110000100010000
000000011000000000000000000000000000100010000000001000000100010010001011011000010110101
000000111010000010000110001100011000000000010000000001000111000010001100010000000000110
001000000100000111000111001000001011001010000000100001010001010001000001000110001000000
100001111001010010000000101001000100000010000100001100001000000000100010000111000100000
110000000000110000000000000000000010000001000000000000000001110000000000100001001000000
111110000010100000000101100000010001000000001000001000000001000011010000100110000000001
000000100000000000110000001000001011010000000000000101000000000100000000010000000000010
001110010000110011000100000000100000000011000000010110000000000100100000010000101100000
001000010001010000000001001000000100100000001000001000000101000000000101000100000101000
100000000000100100010010000110000100000000000010000000110000010000000100010000010010001
100000000000010000011010000010010010000111001000001000001010100000000000010000001101001
000000000100101000000000010100010000010010000001001010000100000000000000000100100100001
000000000000000000001000010100000010100000100000000000000010000000000110000000000101000
000000011001100000000000000010010001100000000010000100000111000000000101000000000001000
000010000000000000001000000000101000000000000011000000000100010101100000001000001000000
010000101100000010001100010000101000100000100000010000000001010100000010010000011010100
15 84
77 8
