88 88
0000000000000000000000001001100100001000011001010000000000010000100010000001100000000001
0000100010110100110000000100110001000000000100000100000000001000000000000010000000000000
1000000000000100100000110000000001010001000010010100000000010000000001110000100000000000
0000100001000000000001001000000000001000000001101001000000000000110010000000010000010000
0010100001100000000001000100010000000101000000000100000000000000110000000011000000000000
0000100000001000001010000000000000100100000000000010000010000000000000000000000000010000
0110000000000000000000100000000000000011100000001010010001010010000000000010000010000000
0000000001000000000000010100010000000001000000000000000000000100000000000001100100000011
1010000000010000001000010000010010001000000000000000000010000000001000001000100000100010
0000000000000010000000000000001000000011000000001001001000000000000010000100001100000010
0011000000000000100001101010101000000100001000001000000000000000000000000000000000010100
0010000010000000000000000000010100101100001010000000000010000000000000000000100001000000
1000000000000010000001000000000001000010000000000000000010000001000001000001000100001001
0000000000010000000011000000000100000100110000000000100000000110000001000000001100000000
1000000100000000010000000101011001000000000010010000010110010000100001000001101000000001
0010010000010000011000000000010001000001000001000000000000000100000000000111000001001000
0000000000000100001000000010000010000000101000100000010010011000000001100000000000000010
0001001101000000000100000000000000001000000000000000000100000000000000000000100000000000
0001000000000000000000010000100000000010000000000000000010000000010000010000000000000001
0100000000000000001010000000100000000000000010000000000000000010000110000000000000000010
0000100000001000000000100010001010001000010000000011011000000001010011001000000000001000
0000010000000000000010000001010110000001001100000000000000100100000000000000000000000000
0000000000010110010000000110100100010010100011000000000010110000010000000000000000100001
0000000000000000000001101000000101000000001000000011000001011000000000000000001000000010
0000000101000000000100000000000100110000000010110000000000000100000000000000100000001000
0000100000000000000000100110000010100000000000100000000000010000000000010000100000000000
0010000010011010001001000100000000000001000000101000000000000010000010010000000010000000
1000010000000101100010010000010100000000000001000000000000000100010000000000000100000000
0000010000010001000000000000001000000010000000000000010000000100000001000100001000000000
0000000000000000001001101000000000100000010001000010000010000000000000000100001010010000
0010000000110000100000001000000000000000000001000000010001000001001000000000000001001010
0000110001000000000000100000000000100000010000000000000000001100000010100010001001100000
0010000000001000000000000010000000000110000000000010000000001000000011000101000010000110
0000000000001000001000000001001000000000000100000000000000000101010011000010000010000000
0010100001000010100000010010000000001000000000100000000001000100000000000000000000000000
0000100000000010000000100000010000010000000100000001011010100000011001000000010010000100
0000000000110000000001000010100000000000000000000000000000000010010000000000000100000000
0110000000000000000100000000001000001001000000000000000000001100000000000000001001000000
0001000100000010000000000000000000100000000100000000111000000000000000001000010001000000
0001001000000010000000100010000000000000000000000000001000000110000000000000100000000001
0000000000000000000001000000000010000000100001000001000000000000000100000100001000001001
0000010000100000000000000000000000000000000000010000000010010000000000001000000010000010
0000001100000100001001011000010010001000011000010000000001000000000000100000000000000000
0000000000000000000000000100000100011000000000000000001100010000001000100001000001000111
0000001010000000010000100000000000110000000000001000000000010000000000100110000000100001
0101000000000010000000000010001000100010000000000100000101000000000000011010010000000000
0000000000011000010010000000000000000000010000000010010000000000000000000000000000001001
0000000000000000010000100001100000000001001010000000000010010000000101000010000100000000
0000011000010000010001000010000100000110000000000001000000011000000100100001000000000100
0000000001010001000001000000100001000000010001000000000000000000100000011000000001000000
0010000001000000000010101000000000000000001000000010000000000000000100011000000000000001
0010000000100000000100000000000010000000100000000000100000000000001010000000100000000010
0000000000000101000110000000000010001001000000001000100000000011100000001110010000000000
0000000100000000010000000000000000010100001000000000000000000101000101000010000000000000
0010100010001011100000100000000010000001101001000010000010000110000010001000000000000000
0000000001000000000000000000000000000000000100000000000010010000010000000000010100010000
0000000000010100000011100000000000000010100000000010001001000000000000000000000010001010
0000011001000000010000001010001100001000000100000101001000000000000100100010000001000000
0101000000000000100000000000000001010000000000000010100000000000000010010000010000000000
0000000000000000100000100100001100000010000001010010000000001010001000000000000000000000
0000100010101000000000010011000000011010110000000000000000001100000010011000000100001000
0000000000000100001011000000000000010000000000001000000110010000000000000100101000000100
0100000000000100000110011100100000000000000000000000001000100010001111000000000000001010
1000000010001000010100000000010000000010001011000000110010000000100000000000000001000000
0001011000001100100000000010100100000000000111010010000010000000000001010000000101000000
1010100000000100000000100000000010010110000001000100000011000010000100100001000001000000
0010000000000000000010000100100001000000100000000000000000001001000100000000000000000000
0100100101001100000000000000000010000101101000000000000000000000000000010000100000000010
0000000010100100000000000100000000000000001000000000110100010010100000000001000001000010
0000100111000000000100001000000000001001000000100101000100000000000000000001101000000000
0100000000000110000000000000000010000100000001010000110000010000000000100010000000010010
1000010000001010000000101000000100100000000010101000001100000000001000000000001001000010
1000101010001010100010000000000011000000000000000100001100000000000000100000000100000111
0000000000000000000000001000000000000000000000100000100000011000000001000001000000000000
0010010100000000001000011000010000000000011110000000010001000100010000000000010000000000
0000000000100000000000000000000000010000100000110000000000000100010000000000011010011000
0110100000010000000011001000110101000000010000000100000000000010110100000000000101000000
0000000000000000000000000000000000100000010000000001000000011000100000010000000000000101
0010001000010000001001000010001000000000000000000000100000000000000011010000000000100010
0101000000110010100000000100001000001000010000000100000000001100000000000000000000000010
0001100000000000100000001000000000010010001100000000010000000000100100000100001001001010
0000010000000000100010000101000000100000100100000100110100000000001000010000000000000000
0000000000000000101110000000011100001010000001100000001000000000000011000010000000000000
0000000010100000000100000000011000000100000000000000000100100000001000000000000001000000
0100000000000000100001000100010100000000110100100000100000000010001000001000001000000000
0100000000000000000000001000000000001000100010000000000000000000000000001000101000000000
0000100000000010000000000010100000000000000000000000010000000001110000010000100000000001
0000000000001000000100000101001011001010000000000000110000000000100100100100000100010010
0 0
87 87
