83 88
0000000000000000010000000010000000000000000100100000000000011000000011011000000100000000
0000000000000000011001100010001010000000011011000001000000000000000010000000000000100100
0100000000010010100110001000000100001000000010010010000000000010000000100100000010101000
0100000000000000100010000000001000001001010000010000110001000001110000010000000000000000
1000000010010101000000100000000010001000000000010010000000000000000100011000100110000110
1000000000000110001100010000001011000000011101000011000000000100100001000000001100000101
0000000000000001001100000000000001101010000000000100001000100001100000010011000000000000
0100000010001000001100100000000000100000100000010011001100000010000011000001001100001100
0000000000000000100000000000010000000001001000000000100011100000000010000000111000000001
1111000001000000011000000000100000000000010000010100000001000010000100010000000100010000
0000001010100000100000000000001000011000000101000000000100000010111010101010000000000010
0000000000000001000000000000010000110000010101100010001100100000000100001000000100011000
0000000000000001000000000000000001010000100100100011010000010000000100010000000000000000
0000000010000000000000000000000100000000001000010000001000000110000110001000000101000000
0010000101001000010000100010100000010010100010000010000000011101010000000010100011110000
1000001000000101000000000000000000000100000010101000101000100010001000100000000000110000
0010011000000110001110000100101011000000000100000010001010000000001000000000100000100000
0010100000010100010000000001010001100000101001000001000000100111100110000000001000100000
0000000110000010001000000000110000110000000000000000100000010001000101000000011100000101
0000000011011100100001000000100001010010000100000100100000000000000001110011000101001000
0001011011000010000100000000000000000000100100100000100000000100000011000000000000111000
0000010001001001010000000000010010000000011000000000010001010000000100000000000100000000
0001000000000000000001001000000000001000000100100000000010000000000010000000001000100001
1010001000101010101000000010000001000000000100101110000000010000100011000000000001101000
1000000000000010011000000000000000000010001000001000010000000010000000010011010000000111
0101000000000000000000100100000000011000000000100010000000000000111001001000110010000000
0000001001111010000000000010100000000000100000000000101000001000000100000000000010000010
0001010000000000101011000000000100010001000100000001011001100000000000100100010000111000
0000100101000010011001000001000001000000000000000000100000000010010000100000000100100010
0010010000000000000001000001000001000000010000010000010000010000000000001000000100000100
0100000100000001000001000000001000010010001000001001010000000000010000001101000000000000
0000000000011001001000000001101010010000000000000101000000010000001101000001110010010101
0000001000011000000000010010000100000100001000101000011011100010000010000000000000100001
0001010100000000101000000001010100100011000001000000000000000100000010000001000000000010
0100000000000000000010000000100000000010000001001000001000100000000001000000001100000000
0000000000010001000000110000000000100000100001000010000000000000000000000001000100100000
1000000000010001000000000000100010000100000010100100000000000000000000000100000000000000
1000000010100000000001110000000010101100001001100010000000000000000100000000010110010001
0000000000001000000000000000010101101001000000000000000010100000100000011000000000000000
0001001000000001001000100001000000000000000101000001000010001001000010100000001100000000
0000110101111000100010000010000100100001000000100000000000000010000001000010000000000001
0100000001000000000101000100000101100000100011000010000100000000101000100000100000000100
0000000110000100100000000010001011010000000000001000101010000101000100000000001000001001
0000000000000000000000000000000010010000000000010001100100000000000010000000000000001110
0010000110100000100010000000100010000001000000010000010010110000000000100100000100000000
0000000000000100001000000001010010000100100001001000100100100100010000000101000001000000
0000100100000100000011001000000001100000001000001000000010010000010010000000011000000000
0001010000100001001000111000000001001011010000010000000000001000001001000111010000000000
0000100000000100010100000001010000001000001000000001011001000000100000010100000101000000
0000000000101011000001001001010000000000000100000100001110100000000111000001001100111000
1010000101100010100000100000001010100000101000101100100000111000011101000100001000000000
0000000110000100100011011010001000001000000000010001001000100010000000000000000000100010
0011000000001010100000000010000000010000000010000000100000000010000010000010000000110101
0001110000101011001000000110000000000111000000001000000111000010000111001001001000000110
0100000000000000100000000010010001000010000000100000000000101000000000000000101000010000
0010011000000000000110100100000000111000100000000100000000000001110000100011000100000000
0010100100000100001010001000000100100010100000000000000000000000000010000110001000000100
0100100000010000001010010000010001000001101000000010001010000100000000001001010000000000
1001010000100001100010000000001000001100000000001001000100100001000100101000000010000000
0000000010101000100000110000000000000000010000000000000000010000010100101000100000010001
0100100111010000000000010001000100010000001100010100010000000000001010000001000000000000
0111010000100000000000101000001110010001100000000000000010000100000000000000010001000100
1000000010000010111010000010100000101000001000011000000100001000000000000000000100001000
1000000000000000100100010010000000010010011000100010000000111000100000000100011101000110
0000000010100010000000010001010000001011010010000010001110000000000001000010000000000000
1000010011101000100010000100010000000100001000100000010000101111000000010011010001100000
0000000000001010100000000000001011100000010110010000000000100000010000000000100100101001
0000001000000000100011001000000101000011000000000000000001110000011100000000010001011000
0000000001000100010000100000000011011100100000010000011000000001001000011001000000010110
0000010010010000000001001000100110000011110001010000000001010000001000000000100110001000
0000000010000100000000100100010000000010010010100001000000001110001000011000000000000101
0000001000111100000000010010011000000000000101100000010100000000110000001010100000010001
0001000000001000100000100000001000010000000100000100000000110001000000001000010000110000
0001000010000000010011000000000010000010001000100001000001001100101001000010000101000010
0000010010000000000000000100000010000001010000010010010001011000001000000000000010010110
1100111000001010000000100001000010101111000000001000000010000000001000000001000011001000
0101000010000011001110010010000000000010000010100010000000100000101100000010010000001101
0100000000100000000000000000011000000000010000100001101000000000101000000001100010001000
0001001000000000000010010000100001100001000010010101100000100000110000000100010100000000
0100000000000100101000000110000000000000100000000100000011001001100000010001100000000000
0000001100001101000000001010000001000100000010101000001000000000110000000001110010001110
0100000000000001000110000000000001110100000001000000101100000010001001110001000000010010
0100010100000001000000100001000000000000100110000000001000100000000100000100000001000100
81 5
12 85
