84 89
00000000001110000100000000110000000001101100001010101000001000000001110100010000011000000
10000000100000000000000001010000001101000000010000000000000000010000100001000000000000000
00000000000000000000000100000000000010000100010011100000000101001010000000010100010000000
00000010100000001000100101000000000000000101000001001000100001010000000000000000101001000
01000000000100000100100000001010000101000000000000000000000000000001000000010000000001000
00000000010010101001000001001100000101110111000001001100000000000000001000000010000101100
01000000010010000010001000001000000000011000100000000000001100011000110000000100001010100
00010001000000000000000000010000010001001001000000011000000000011000000010001011100010100
01100000100000000000010010101100000000010100010011101010000000001000000010000001001000001
01000110000000101000100010010010010100000000000000000000000000010010000011100000100000100
00000100000000001100001011111010111000001100000010000000000010001101000000111001000001000
00001010000010000001000000000000001000000000000111000000000000000000000010010000101000000
00000000000001000010000010000001000100000100000001000000000000000000010000010100000000000
00110000010100000000010110001000010100000010011000000010000001000000010100000000000000000
00100101001000100000001110000000000000000000000000000000000000011011000000000000000010111
01101100100100010100001001010000000000000000000000000010100100000100000000100101000100110
10101001000110001010011000001000000000000000000000001000001001000000000100000010010001010
00000010000000010000001000100000010111101000000000001000000100001011000010000010110010000
00100010000100000001100100010000000000000000000001100100001000000000000000010000000000000
00000001000000010010001001000000010000000000000100000000111110000000001010000001000000000
00000001100000000000001010000000000000001000000001000000000000010100000001101010000001100
00000000010011000100000000000001000010000100000000000000000000000000000010001010000011000
00011011000000001000100010000001000010100100100000101000000000000000000000100000100000100
00000000000000100010100100110010000000000010000000000000001100110001010010000000000000010
01000000000001000100001000000000000000001110000000100000100000100000001000100000001000001
00100100010000100000000000001100000100000010000000001000001000000000011000001010010001001
00001010000000000000100000000000001000000101100000010010100000000000000000011000000100000
00000000000000110000001010000001010000111010100100000000000001000000010110000001100000000
00010001010000100010001000001000010000000000010000000010100011000100000010011100100111000
00100000001100000000000010000000100000000011000000000011101100010011000001001100000100000
00000000000100000111001000100000000110000000010100000100000000010101001100100100001000000
00100000011000001000101000000001000000000000011000001000110000000111000000010001100001000
00010000010001011000000100011010010001001010000001100000000100001000001101100100000010101
01000010010001000000100000110001000000000000000000010100110000000010000000100000000000001
01000100100001001000100000000000010000100001001100000100100010001000010010000000011010010
00100010000000100100010010001000001000010100101010000001000000101010001000000100001000000
01001010001001000100010000001000001000000000000000000011010000000100000000100001110001000
00000001101010001010100000001011100000000000010000000000111100000000000001010000011001000
00010000000110000010000000001000100000001000000100000100000100000001000000000000001010000
10000010000000000101010001001000010101100001010000001101000001000000011101000101001100000
00000000000001000000001010100000000000100000000010000011100000010000110000000010000110000
00100001000001000001100010000000010000001000010000000101000010000001000000110000000100000
10000010000110100010100000010000000000101010000001000000000001000110000000010000001000001
00000111100110000000001000000000000000000001111010000000001100010010100001000001001000001
00000000011001000110000000000000000100000011000000000000101010110001000111000000100100000
00010000010101110000011001010110100010101000000010010000000000000000000100000000100100010
00001000000000000011000101001000000000110000010000001001001000101000010000010100000001010
01010000000100000010000000001100010000001100011000011100100100000001000000010100001000000
00000001000010000110011000101000000011000100100100100000101100000010101100000100000001100
00000001000000100010110100001010000100000001101000000000000000000000100000000000010110000
01000000010010100000000001000011000000010001011000011001010100010000001000001000011000010
00000001000000001010000000001011000010100100010010010000110100000100000000001001101100010
00000100100010000100000001000111000000000000000010000000000000100000000000010100010000000
10100000000000001000100000010010100000000000000000010100000000000000110000100000000001100
00010000000001010010100000000110000001000000000000000000000000001100110000101010011000101
00100000000001000000001011100011000000010111000000000001010100000100000001000100000000101
00010100000000001000010000000010001000000000100000000010001010000000100000011001000011001
00000000000000000000110001000000101000101000000000110000100100000001010000001000000000001
00011000001000000000110000001001000000100000010000000010001100000010010000110000010010000
00100000000011000010010001110001001000000001010000000001001011100000000000111000100000000
00101000000010010000010110000001000001100000000000001101010001000011000000000001000010010
00001100000000010000011000000001101000000000001000100001100000100001100100010000001000000
10010010010000000000100001000000000000010000100110010010001000100001000000001000010000110
00000100000010000110000000000011100100010001000100001000001000001000010000001110000001110
00000010111000001000000000011000000101000000000000001000000000110111001010001010000000100
01010001100000000100000000000011000000100000000000011000010100000000000000000100100000001
01000001010000001000101000000100000100000001000000000000000011000000000000000010000000001
10100000001000110000000100000011000000000010000000110000000000000100000101000000000010010
00101001000010010001000000000001011000000101010000001000011000011001000000000000000101000
11000000000000000000101000000000000100000011001000000000011100001011110000010001000001000
00000000000000000010000000000000000010110000100001100100100100001000000000000100001000000
00000001001000000000000000001000000011000000000000001001000010010000000000100000110000001
10100000010000110010011000000000100100000100100010101000110010000000000000001000010000000
00000100001000010000001100000100000010001011100000001100000000001000000000000100100011000
00000010001000100001000010000000000000101000000000001101001000000100000000001010001000000
01000000000001100010000100000100010000001100010000001000100001000000000010101000010000000
00000010001001000010110000000000100101000101000100000010100011000000001100000000000000000
00000100000010000011011001000001011001101010000100000010000000000000010000100000100000000
00000010010000000010010000101000001000001000000110000000001000001000100000100100100000010
01000000010100000001000000011000011000100001011000000001000000001000100010000100010001100
00001001000000000000000100000010000001001000001011011001100000000000100000000000000000010
01100010000001000000000110100000011010010000010000000000000110010001001000010010000000000
10001010000001000010100000100000000100010000011010000010000000000100000000100000000000100
00000110010000000111010101100100000101001000001100001000100000000010100000000001000110011
61 70
6 2
