89 89
00000000000010000000010000010000000000000001000000011010100000010001000101001000010010000
00000010010000010000000000001010000000000000111000000100000000000100000001000000010000000
00000000000001000000100000000000100010000100000001000000000000010110000010000001000100010
10000010000000000000100000000000010000000000001000000000000000010000100000100000100000110
00000000001000010001110001010000000000000000001000000000001010000000101000000000000001010
00100001000001000000000010000000000001000000001110000001100100001000000000000000000001000
01100000100100001000000100000000000100000000001000001000000000000000000000011000000001100
00000011000000001010000000010100000100010100000010001000000000000010000000010000001000100
00000000101000010000001000000000100000010000100010000000000000000000010000000000000000000
00110001000000100000000000000000001000000000001100000000000000100100000000000000000010000
00000000000000000000000001000000000000000000100100001000000000110000010000001000000000000
01100000100001000010000000000000000000000010000000000000000001101010100001001001010000000
00001000101010000000001010000000100000010000000010000000110001100001101010000000000100001
00001000000000001000101010000000001100001000100000001010000100000000100000000000010100011
00001000111000000010001100000000110000000001000000100001100101001000010010000000000010000
00001100001110100101000001000000010010100100010010000000000000000010001000000000110000000
01010000000001010010000110000000000000001000001000000010110000000000100010000000000000000
00000010010000000000000000001100011010100000000000001001000000101000010000011001000000010
01000010000100000000000000000100000000100000000000000000001010000100010011001000100010100
00101011010010110010000000000000000000000001001000001000000010100000000000100100000000000
10011001100110001000010001000000001000000000010000000000001000001000100000100000000010100
00000000000001000000000100100000000100000000000000011000000000000100000100000000000000000
00000000000000010101000001000001000000111001000000100100000000000100001000100001000000000
00001000000000010000000000000010001010010011010000000010000000000000000000100001000100000
01000010001000000000000000100110110000000000110110000000010001000000010100100000001000000
00000001000000000000101010000000000000000000000000000000000000000001000100000000001000000
10000000000001000001000000001010010001101000000000001100000000000010100000000010100000000
00000000000100000000001010110000000000100000000000100000000100000000100100000000001100101
00000000000100000000000000011010000001000001010100001000010010000100000000000000000000000
10001001000000100001000010000100000000000000011001000000000000010000000000000000000000010
00001100100000011000000000100000000100010000100000001000000000110001000000000100010000001
10000000100000000010100000000010000000001000010001010010000000001000000000000000100100001
00010000000001101000000000000010010000001100001001100000010000000001000000000100000010000
10000001000001000000000000000000000101000100010001000000010001000000000010001000000000000
10000000000000011000000001000000000100000100000001000101011010000000000000000000000110000
00000000000000101100000001000000000000000000000010000000100000000001000000100000100000000
00000000001100000001000000100000100000000000000010001010100000000000001000100100100000100
00010001000000000000100000100000110010000000000001001101000000100000000100000000000000000
00101000000000100000000001000000000000000010000100000100001000000000001000010000100000001
00000000000010001000000000000010000000000011100000010000001100000000010000000000000100000
00000010000000000000000000101001000100000100000000000000000000010000110000000000000001100
10000000000000001000000000010000010010000100011000001000000000000000000000001000000000000
00000001000000000000000000000000000000110100000010000000000101000000000100100000101000001
00100000000100000010000000000000001011000001000000000000100100000000100000010000000000001
00100100000000000000100100000000000000010000000001010100001010000000000000000000101101000
00000000000000101010000000000000000100000000000000000000100000000000000011010000000001000
10000001011100111111000000010000000000001000100000100000000000001000000010000000001000100
01000101000000000001000000000010100010001000000000010001000000010001000100000000000000000
00000000000000100010100000000000010100010110000100000010100000000101000101011010000000000
00000000000000000000000000001010000001000000010000010000001000000000000000000001000001000
10010000000000100000010100010000000000100010000001001001000000000000000000010000010010000
00010001000000000000000100000000011010001001000000100000100000001000000000000000100000001
00000000100000000010000010000000000010001001000000010000100000010010000000001000011000000
00000000000010000000000110000010000000000000001000000001000010001100001000000001000100000
00000000010100000000000000000010000101000000100010011000000000100000000010000000000000110
00100000000000000010000101000001001000000100100000010000000000000000000000000000001001000
00100000001010000100000000000000000000100000100000000011010000000110000000010010010000000
00000000000000000000001000010010111000101000001100000000110000000000001000000000000000000
00000000000000100100000001100000000000000000000010001010000100000010100000000010001000000
11000110000000010010000001000000010000000000000000100010001000101010000111000000000000010
10010000000000000100000001001100000100000000001000010000101000010000000100010000000000000
00010000010000000000000000000000000100000001000000101010100100000000000011000000110000000
00000000000010100100000000000000000010000011101000010000001010000001001001000000000010000
10101100011000001000000000001001000000000000100000011010000000000000000000000000001011000
00000000000000000100000000001100000001000000000000000000000010100010011000000000000001000
00111010000100100011001100000010000000010000000001000010000000000000100100000000000000000
01110000000000010000100000000000000000000001000000000000000010001001000000000001000010000
00010000000010000010000001000000000000000100001000011011000010000000000000000000000101000
00000000100000000000000100000100000000000010000000110100010001110100011000001000000000000
00000001010000000000000000000000000000000000000001000100000000100000000000000000010000010
00000100010000001100000000000001000000000000000010000000000000000000010000101000001100100
00000100001000000100100000000010000100110100000101000001010001000000100000001000101001000
00000001000000000000100000001000000000000000000000000000000000000000100100000101000000001
00001000000000100000000000001000000010000010000000110100000010101000000000000010100100010
10000000010000000000000010001100000000100001000010001000101100000001001000000000000111000
00000100000000110000100000000010100000000000010000000000010000000000001000000000000000000
00000000000100010101010000000010000000000001100000000010000000000100000000000101000000101
10100000001000010000000000010100000000001000001000010000101101000011000100000000000000010
00000000010000000001100001000110000000000000000100000000000000000000010000000010000000000
01000000000000000001000000100000000000000100100000000000000000010000000000000000000000000
00000100000000000010000000001000000000010000000000100000000001000000000000000010100000000
00000010010100000000001001000010000100011000000010000001000000000000010000000001001000000
10001000100100000001000100010000001000000000100100000000000000000000100001000000000001010
01000000001000000100000001010000000000000010000000000010100000000000000000000000000000000
00000110100000000000000010010001000110000000100001001000000000000000000000000000000001000
00000000000000010000000101000011000010000000000110000000001001010010000000000000001000000
00000000001000000000101000001000000000000000000000000000000100000000000100101100000100000
00000110010001001000010100000010101000000000000000000000000010000010110010001000000010000
10000010001000100000000000000100000000000010000000011000100000000000000010000000001000000
0 0
88 88
