85 90
111000000001010000001001011001000000000100000011000000000011001000000001010010000001110100
000000101100000000101010000010000001110000000000000110001010000000000010000010001000000000
000000000000010000000010010010000100000000000000100010000100110011110000010010111000010000
010000010000110000010000100001000100000000000000100100101101000110010001001000000001100000
100100000100001000000000000001011001001011010100000011000000001000100100000001000000011000
000000000000100001111000000010001100010000010000001010110100001111000000001000001100010000
000000000000011000100100000000000000100001101010101010101010001010001000010100000100000000
000000100000000101000010001000110000010000000100010000000000000100111001000101001100000100
001010000000000000101001000001001100100000000000010000000000010000011110000000100000110000
001100000000001000000000011000000010000000100100100100010000100010000000000000000000000001
100010000010011001100100001000000000101010001000000000000000000001000001110000000000011010
001101010001010000000010000000100100010010000100000001010100000000100000010000010011011000
100001001000000000010001000110011000010000100000001100000000010100010100000000000000000000
000101000000010000001010011000110100100100000000001110000000100000000000000001110000101000
000001001011100000000000000000010110001000010101000001000010000000000010000000100100000100
100000000001001011000011100000001000000000001000011000010100010000001000100010011010000000
100110100000011000000000101000001000101000100000001101001010010000000000000000000010000110
000000100000000001000010000000010010001000000000010000000000000000000101100100100100100000
000000000100001010001100000000000000000000000110001100010001000000000001000000000000001001
000000000000000100000000000000000000000000001000000010000000000010000000001001000000100100
000000000001100000010000000010100000100000100011000001100001000011100010001011000010100000
000010100111010000010010000001101000000110000000000100000000000100001010000000000101100101
100100000011000000100001000001100000101000100000000000100000100010000000010000000000000001
001000110000001000000010100000000010000110001010000101000000010010100000000100000001000000
000000101100000010100100100000000000100000011000000001100011100000000000011000000000000010
010000010000001100000000000000000000010100000100101000000000100100001100001000001000110000
001000000000000010000000001000110010000000001010000001100000000010001000000000000000000000
000000010000000000000100000000000001000011001001001010110010001110000100001001000001000000
100000001000110000110000000000000000000100000000000110000110000000000001000001000000111000
000000100000000000100001011100000010000101010000100000000000100000000000000100010010001010
000101000100000010110000000100100001000001110000000001000001100000010000010000011001000000
000000000101010010011100100001001000000011001001010000000000001000000000010000001000001000
010000001100100001000000000100101000010000001010001000100001001000000000000000000000000111
010000000000000010000000001000000010000010001000000101100000001000000010000000010000010010
100000001000000011010001100101000000010000001000001110100000000010100010001000010001000000
000000000000000000000000000100100010000010000000001001010000000000000000001000001000000100
100000010000011000000110110000010010000000000000010000100000010000001000010000000001000001
100010100000000010000100000000111110111000001000010001000000001000100000000001000000010010
000000100010000000000010100000000101000000000000100000000000001000011000000000000001010010
000001010000000000100000110010000000000000000000110000100100000000000101010001000000000010
000000011100100000000000001000011101000000100000000101000000000001000000001000001110001001
000000001000010000011000001110000011000000001000000000010000110100000111000100100000000000
000100000100000000010011000101001100001000000000001000010010100000001010000000000000000000
000010000011011000000000000011000000100100111001000101000100001110000010000000110000100000
010000101001000100000000000000000000010101001100000000000001010000000000100000001011000000
000000110000000101011001010101010001011000000101000000001001010001100000000000010000001000
110000010000100100010100000110100101000000001101000000010000001001010100011100010000010010
001000000010000000111010010000010000011000000000100101001001000000000100010000100100100000
000010010001000100000001000000000001000011000000000000010010000000000101100000100010000000
010000000100010010000000001000000000000010000000010000001100010000000010000001010000110000
000000100100110000000000001001011010000000000000100000010010000110000000100000000001100000
000001000011110001100001000000001000000000011000101100000001000010000100000000000100000100
001010000100000000011001000000000000000011000010000000001000000000000010000010000100000000
000110100000110000001000000000010000001000000000000000101001000010000000000000000000010000
010000101100000000000010000000000000000000000100001000111000000000000001010000000100000010
000100001000110000010000000100010000000001001000000000000000000000100001000000001110000010
000010010100001000010100000000100000100001010000000100111010011000000000110010000000100000
000000010010010000010101000010000000000001100001100100010000000000000001000110100000000100
001000100110000000110000000000000000010000000010001000001000001000000000010000000100011001
000000000100000000011011000000000000010000100000000000000000000001000000100100000010000001
000001111100000100000000001000000010000010001000000100100100000110000000010001010101001000
010000101100101100000100001001000100110000001100000110000000010100101001100001000001000000
000001000001000000000000000010000000010000001000000100000000001000000100000001100000000010
010101001000011000000001011110010000001000000100000000000000000000101001110000110000000000
000001000001010001000010110010110010100000000000000111100000000000101000001100000001001100
000110000000000000100000001000000010100000001111011000100100001010010010000000100001010000
100010000000001000000001000000000000000000011010110000000110000000000010100000011000010010
000001010100000100000000000000000100001011000000100000000010001000000000001000000000000000
000010000010000101000100000000010010001000000000010001000000000000001000001000001110000110
000000110000000000000000000101001010000000001010000011000000001000101000100100000010010010
000100000000000100101000000000100100000000000000000110000101011000010000000011000000000000
100000000010000001010100000011000000101000101101001000011000000000001011000000001101000000
000000000000001000010000000000101000000000100000000001011000010100100010000000000101010000
000100000100001000100010001001010000001000000010000000110000100011010000100000000000000000
000000000000000000100100000010100000000010100000010000000010010000010010100000010000010100
110110000001000000001000000010000011000010000010101000100010000000000100001000011010000000
010001001000000001000110000100000000000000000010000100111111001001000001100100000010000000
010000100000000100010001001010100000000001010100000100000100000000000010111000100100000001
000000100001010010000000110100000000000000100000000010100010000011001101000000110000010110
010000100000000100100100010000010100001010100000000100100011000000100001000000000000000000
100110001000000000000000010011000000000010100000101000101010000010110110100000001000010100
000011000000100100001001000000000000010100000010000100010100001000010000000001000000100000
000000110000001000001000000000000000000000000000101100000011000001000000010000100001000000
111000100000000000000000001000000010001010000000001110010100000011001000000010000000010000
000011001110000011001010000100000000001000101100000000110000000110000010010010001010000000
48 24
79 86
