90 90
000001000000000010000000000100000000000100000000001000000000000000000010000001000000000000
001000000000010010000100000000000100100010000000100000000000010000000000000000000000000000
000000000000000000000000000000000000100000000000000000010010000000000001010000001000000000
000010010001000000000100001000000000000010000010001000000010000000000000010000000000000000
000000000001000000100001000000100010000000000010000001010000000000000110000000000000000000
100000000000100000001000100000000000001000000010000000001001000100000000111000001000000000
000000000010100000000001000000000000010000100010000000000000000000000000100000000000001000
000001000000000010001000000000000000000000000000010100001000100100000100000000000000001000
000000100000001000000001010000000000000100100000101001100000000100100000100000000000000000
100000000000000000001000000000000010010001000000000111001000000100000100000000000000000001
000000100000000000000000100000010000000010000010001000000100000000000010010000000010001000
000000000100100000000000000000000100000010000001010000000100000000100000000000000000000100
000000000000000000000000000010000110000000000000000000000001000000000001000100000000100001
001000100011000000000000000000000000000000001000000000000000000100000100000000100000000001
000000000100000000000011000000000000000000000010100000000000010000100000000000000000000000
000000000000001010000000000000000000010000000000000001000000100000000000001010001001000100
000001100000000000000000000000000000000000000100000000010000110000000000000001000000100100
000001000000000000000010000001000100000001000000000000000000000000000010000100000000000001
000000000000000100000000000000100000000001000000000100000000000000000000000000010000100010
000000000000000000000000000000010000100010000010000000000000110001000000000000100100000000
000000000000000100000000000000000000001000011001000001000010000000100000000000000000010000
000010110001010100000010000000000000000000100000010011100000010000001000000000000000000000
000001100000000100000100010000010000000000000101010100000000000000000000000000100000010000
001100000000000000011001010100000001000000000000000010010000000001010000000000000000010000
000010000000000100100000000000100010000000000000000000000010000000000001000000100000000000
010100000000000000000010010000000000000000000001000000101001000000000001000100000000000000
000101000000000000000000000000000000010000000000000000000000000001100000000010000000000000
000100000000000000000000000000100001000000000000100000000000000000000000000000000000000000
000000000000000000000010000000100000000000000100000000101000101010100100001000000001010000
000001100010000000000000000010010010000100000000000100000000000000000000000000000000100000
000000000000000001000000000000010000000000000010010000000000100000000000000000000101000000
000000000001000000000100000000000000100000001000001001000010001000000001000000000000000000
000000000000000001000000010000010000000001001000001000000000000000110000001000000000000000
000000000000100000000000000000000001000010000001000000000100001000000110100010000000100000
000010001000000000000000000000010100010000000001001000000000100000000000000000100000000110
001000000000001000100010001010000000001000100001010000010000000000000010011100000001000000
100010000000000000000000000000000101000000000010000000001010000000000000100000000000000000
000000000000001100000001010000101000000000000000000000010000000000000000010000000001000000
100001000000001100010010000000000000001000000000000000000000000000010011000000000000000000
000001000000000000000001000010000000000000000000000000000000000000010000000000110100000000
000001000100000100000000010000000000000000000000000000000000000100000000000010100000100000
010000100000000000000000000000000000000000000000000000010000000100001000000001010001001010
011000000000000000000001100100000000000000000001000011000000000000000000001101010000000000
100000100000000000010000000000000000000000000000000010000000000000000000000000000000000000
001000000000000000000000000000000000000000110000100100000000000010000010000001001000000100
000000001001010000000000000000000000000000000000000000000000010000000000000000001010000000
000000010010000000000000000000000000100010000000000000000000010000000000000000001000000001
000000001000100001000000000100000100100000000000000000000000100000000000000000000000010000
000010000000000001000100000000010000000000000000000000010001000100000000000100000000100000
000000100000000000100000000000000000000000000000000000100000000000000000000000000010000000
010000100000000001001000011010010000000100001010000000110000010000000000010000000000000010
000000001010000000100000000000000000001000000000000000000000000000000000001000010000000100
100100000000000000000000000000100000000000000000000010000000000000000000000000000000000010
000000000000000010000100000000000000000000000001000000000000000000000100000000000001001010
000001000010000000010001000000000001001010000100000100001000000100000100000110000000000000
000100000000000000000000000010000001000000000000000100000000100000000001000010000000000000
010001001000000000000001000100000000000000000001000000000000000000000000000001000010000000
000000000010000001000000000000000000000000000000000010110000000000010000000001001100001100
010110000000001000000000010000000100010110000010000000000000000000001100000000000000100000
000000000000000000000000000010000001100000011001000000000000000000000010000000000000000001
100000010000001000000000000100000100001010010000000000000011000001000000100010000000100000
000000001010000000011000001000000100000100100100000000001000000000000010001010000000100000
100000000001000000000000000000000000101000000000010000001000000000000000000000000000000000
000000100001000000001000000000000000000000010000010000000001100000000000001001001000000100
000000000000001000010000100000000001000000000100100000010000000000100001000000000100011100
100000000000010000010000000000000000000010000001010100000001101000000000000001100000000000
000001000000000100000000000000100101000000000000001000000000000000000100010000000000000000
000010000000011000001000000001010000000100000000000001000000000000010001000000000000100000
001001010110100101000000000000100001000000010000000000000000010000000000000000000000010010
000000000100010000100000000000010000000000000010000010000100000010000000000000000000000000
001000100000000000010100000001011000000010000100000000000010000000000000000000000001000000
000000000000000010000000000000000000001000000000010000000001000000010000010000000000010000
010000000000000100101000000000000000000000001000000000001000010000000000000000000000000000
010000000000000000000000000000000000000000010000000100000000000001000000010000101000000001
000000000001100000000000000010010000000000000100000001100000000000000000000000000000001000
000000000100000000000000000000001010010001000000000000000010000001000010000000000100001000
100000001000000000000010000000000011100000000000000000000000000000000000000100000101000100
000000000000000000000000000000000100000000000000000000100000000000000000010000000000000000
000000000000000000000000000001000000000100000000000000010000000000000000100000000000000000
000000000000010000000000000000000000000000010010000000001000000001010100000000000000010000
010000000000010001000000000000000000010000000000000001101000000000000000000000000100000000
000001000001000000000010000000000000001000010000000000000100000000000000000000000001000100
000000000001000000000000100000100000000000000000001010000100000000010000101100100110100000
001000010000000101100010000000000000001000000001010010000000000000000000000000010001000000
000000101000000001000000000000011000100000010010000000000000000000000000000010000100100000
000100000001000000000000000000000010000100000000000000000001100000010100000000000000000010
000000000010000010010000000000000000000010000000000000000000000000000000001000000000100000
100000000000000000100010001000000000000000000000000100000100000000010000000000100001000100
000000000000010000000010001100000000000000000000000000000100000000000000100000000000000000
000000000100000000000001011000101000000001000000000000000000000010000000000000010100000000
0 0
89 89
