86 91
0010000000100000000000110100000000000100000000000001000100000100110000100010100010001000000
0001100010100010000000000000010000000100100000100010000100001000111001000010000001000000011
0100000010010000100000011000100100000101000000010000000010101011100100010010000000110000000
0000000001000000000001110100010000000111001001001000100000100001011000000010000000000000001
0000111000000100000010100010000000001000100100001000011001000100000000001001000000110001000
0010000000111001100000000000000000001000000000000001000000000000000000000000010000000000100
0000101000000001000101010100000000101010110000100010101001000000000100001000100010000000011
0001001111010000001000010100110000001010000000001000000100011000000100010000000100000010100
1001000000000000000000001100001010000011100000001001010010010101000000000000000010001000000
0000010010010010000011010000110000100000000010001000001101000001000000000010100000000000000
0000010000000000000000000001000000010010100001000000001010000100100000000000000100001000001
0001000000101010000000000000100100000100000000100010000000010100000100001001010000010000100
0000000000011100011000000100011001000001010100010000100000010100010001000100000101010000000
0000100100000111001001010010011100000100001010000000011000000000000000100001010100100001000
0010000000101100000100000000000000010001000100000001010010000101000000010000100001110001010
0010110001100000101000101000000001000100100011000000001000100011000001000000000001100000001
1000000000000010000010011010010100000000100101000010000000000010100000000000100000100100000
0000000000100010101000000100100000110001000001000010100010110101001001110000011001001011000
0000000000011100100011001000000001000000010001001001001000000011000010000000010001001000000
0000010000101001000000000000000000000000000010000100000010100010000000011101100000011001000
0000100000100001100000000101000011000000000110100000000000000000001000000001001000000000100
0000001000101000100010000100101000000100000001001100000000000001010001010000000000001010010
0000000110000001000010100000100100000000000011000000010101000001001010010000001100000000010
0001000100000110000100011000101000000000100000001000100000100000000001110000000000000000001
1000000000100010000001000010100001000000000000000100001001010010010110001001010000000000001
0000000000000000000001000000000010000000000000010001000000000000010001000000100000100001010
0000000000000001000000000000000000000100101000000001000011001000100110000000000000010000000
0011100000000010000001100000010000000000000010000000100000000011100000000000100010101000000
0000000000010010000000110001000001110000010101110000000000000000000000001010000100000000011
1010001000001100000000000000011100000101010000101011100100011000000010000001000000001010000
0000010000000110010100000000000010000010000000000010000000000000000001000011100000100101010
0101000100001000001000100010001000001001100000000000101000101000100000010000101100010000101
0000000000010001010000000000000010000100000000000000000000100100000000010010001100000000000
0110000000000000100010001000000000001000000010000000000100000000001010010000000010000010000
1100000100101000100101000100001001000000100000010000000010000001000010000000000000000010001
0000001001001010000000001000001000010110000100000000001010000010000000000101000000000000100
0000000100010000010000100001111100001000100010010000100000000000000000101000001000000110001
0100011000000001000001101100001000000000000001001001100000000000010000000010000001001010010
0100000001001000100000001000000001001000000011111110000000100000000001000000100000000010100
0100001100000000000000001001001000100001000000001000001100000001000000100000011100000010000
0010001010010000000010000000000000001000001000100010000000000010010000001000001100100100000
0110000000000000010001000000001001100000001010000000000010010100001001000000000001000001000
0000100001101000000000000000000000000000001000100000001000010000000010000001000000000100001
0001000101000100100100000011000000001100000010010000010010000000001000100001100000100010000
0000000000000000000000001000000000000100000011000000000101000000000000100100011010001000100
0000000010010000001000000001010000110000001000100010110110000100011110000000000000000000000
0000000000100000000000001101111000000000000000010000100011100010000100100100000111010011011
0010100000000000010000000000001000100000000010001010000010100111100000000100100000101100000
0000001000001010110010001001001110001000000000000101000000000000100000000000000000001101000
1010001001100000101011000000000100000000010010100010101000000000001101010000001000000001011
0000010000000000100000000010000000000100100000010000010100000100101000000100000010101000000
0000100001000100010100000000000000000011000001000100000010010100000101000000100110000000100
0000000001100001000000000001001000001001000000001000000001000000010000000110000000000000000
0000000000000000000000110001100100000000100001000001100000000010100000000100100000000000001
1001101000000100000001001101000000100000000010000000010000000000000000000100011000000000010
0000100000000100001000010100000000001010000000010001000000100000000100000100000000010001000
0000010000011010010000000101010001000001000000000000001100000010000000000000100001100000001
0000100110100111100000000000000000000001010000000000001000001000001001010010000100000101100
0000000000000101100101000000010000100000010000010101111000011100000000000000101000101000010
0000010000000000010010000000101010000000001000000100000010100000000001100101000100000010110
0000100001000001101001000001000000100100000000000010000000000000010001100000100000010100011
1010010000000010010000000000000000010101000000000000100000000000000000000000000011110000000
0100101000000000000001000011000100000000000010000000110110000000000000000000001001001000101
0000000000000100001010010011000010000100010001000000000100000010000000000000010100011110001
0001100010001000000000010000010001000100101001000001010001000100110100000000000100001000010
0000000000000000010000000000010000000000100000000000101110010010001000000000000000000000000
0000010100000100001000000000010010000100000100100100000100000101000000111010100000000010110
0100000101001000000001000000100101011001011010000001001011000000000000000110001110010111100
0000000000000000001001000000011000010000001000000100011110001000100000100000000010100000000
0000100101000010000101000010011000000000110000000000000000100000000001000001010001000001110
0000100110010010100010000001001000000000100000101000000000000000000000100001000000001010000
0000000000000001000100000000010000100000000000010000010100000110010000010101101000011000001
0010100000011000100001100100010010000011000000100010100000001101110000001001011010101000000
0000010000010100110000100001001000000000000000000000000000000010000001001100010000000000010
0000000000000101100001110000000000011100100000010011011010010000100000100000000001010111000
0001011010001101001000000000010010100000001000100011010100010001000000000000001001011100000
0001011000100111000001100000001000001100000000000000000101001000000010100000010010001011000
0000100000100111000001000100000000000000010000100000110000001000101100000000000010011000001
0100000001000000001000000000010000111001001010100010000000100001000100000010000110000010000
0000010000010100001000000001000010000100000000000000000100100000010001010010001001000000000
1000100000110000010001100001010001001000000100000010100000110011000001001000100000110100001
0000010100000001100000010000110011000001000000101000010001010000101100000000010011000000011
0000000000010100000000000000000000100000000000010000010000011000001000000001000001001000000
1000010000000000010000101000100001100100000000100000001000000001000011100000000000100001000
0000000001000000001101000000000100001000000100010011001000010000010000001010000100000100100
0000000001001000001000001000000110000000001010100000000000010000001100001100010010001010001
65 12
14 88
