91 91
0000000010000011000000100000000010010000001100001000000000000000000000000000000001100001000
0100000010100100110110010000001001000000001100010100000000001000001000000100000000000010000
0000010000010100100010000101000000100000000000000010000010100000000000000000100000000010000
1111000000100000000001000000000000000000000000000000000000000000000110100000000000010100000
0010000011010000000010000000000000000010101000100000001000000000000000000100000000000101000
0000010000001000000000001100101000000010000000000000010000001000000000101110000000000001000
0000010001011001000000000010011100001000000000000100000000000010100000000001000000000000001
0010010000000000111100000001000001100000000000001010000010001010100100000100000110000001000
0100000000000000010100000011000000110000010001101000000000000001100001000001000100100000010
0000000000000000000000000100010101000001010000000000000000000100001010000000000000000010001
0000000000000000010000010000001100010000011010000000000011100100000000000001000000000000100
0000010000001000000001001000000000000100000000000000010110100011000100000000000000000000000
0000000000000000000010000100000000000000000000000010100010000000001001000100100000000001000
0001000000000000000000100010000000000000000001010001010001010000011100000010000000000000000
0000000110110100000000000000000000000000010100000000000110000000000001100000000000000000101
1000100010001001000000000100010100000000110001000010000000000000001010000100011101000000100
0000101100001100010000100101000000000000000000000000000000000000000000010100000000000110000
0000000000000000100000110010000010000101010100001000000001001000000000001000000100000000001
1000000100000000000000001010001000010100001000011010000001000000001010000010000000000000000
1001100000101000100000000000000000000000010001100000100010000000010010010000000000000001001
0100000000000000010001000000001000000000010000000000000000000010000000000000000010101100000
0100000001000010100000000000000000010001000001101001000000000100000000010000000000000000000
1010000000101100000100001000000010100000000010010000000000000010000010000010000000100010000
0000001111000000010001000100000000000000000110000000000000000000100101000010000000000000000
0000000001000000000000000111010000001000000000000010000001000000010000000000000000000000000
0001100000000000000000000000000000000000000010010000100101000010000000000000010000000000000
0000100100001001000000000000000100000000000000010010101001001000000001000000000100100000001
0000000000001100000000000000000110000000000000000000100000000000010100100000000001000010000
0000110000000010001000000000000000100000000000100100010100000100000001000000100000111000000
0000101000010000000000000000000000000001001000011000000000010000100010000010000000000000010
0001000000000010000011000010000000000000000000000100000001100100000000010010000000001000000
0001000000001011000010000000000000010000000001000000000000000100001000000000000000000000000
0100010001001000000010000100000100000100000000000000010000000100010100000000000000001000100
1000000000000100000001000000000100000001000000000000001001000000000000000000000011000000100
1000000000000000000010000000000110001000000000010000001011001000000001010000010000000110000
0000000010100000000100100000011000000001100000010000000001000000001000001000100001100000100
0010001000000000001000000000000000000101000000000010000000000101000010101000010100100010000
1000000001110001010000000100110001000010000000000000000101010011101000000000000001001001000
0101101000100000001000000010000000001000000000000000000100100001000000000100000000000010000
0000100000000100000010000000010000010100001000000001000001001100010010000100001010001000000
0000010000000000010000010000100000000000000010010000000000000000000000100000100100011000011
0000100110000001000100010100000010000001001001001000010001100010000010000000000110000000001
0000111000000010000000000000000000000000000010011000000000101000000000000100110001000100000
0000000100110000000000000000000100000010000000001000000000010100101011001000000100000010000
0000000000000001000011000101000001000000001011000000100000100000000000010001000000000000100
0100000000000100000000001100000000000000001011000000001000101000000000000000000000000000000
0000100100100000000000000101000010000000100000011000000000000000000000000000000001101000010
0000000000001100001000001000100000000000000100100000000000010010001000100101000000000000100
0000000000001000000011001000000000000100000000000001001000000100000000000000000001100100000
0000000001010000000000000000001000001101010000000101000100000000000000000000010000000001010
0000000000000100000000111010010101000000010001010001000100000000000000100000000000000100100
0000001101000010000000001000000101010000000000011000000000000010000100000000000010001000000
0010000000000010000001001000101000101000000010000010100000000000100000000010001100000000101
0010000000000000010000000010000000011010000001000010000000001001101000001000001000100000010
0000000010000010100000010000000010000000100001000010000000001010000010000000000000100001000
0000010100110000000010101000000001000000000000000000000011100110000100001000011000010100001
0100000000000000000000000000000000000000000000001001000001000001000000000010000000101000000
0011000010000000100000011000000000100010011000000000000000000110101000000100000000100011000
0000000000011000100000100000010001010001100000000010000000100001000001000000000000011100100
0000000000010101000100100000110010000000000100000010000000000000000000010001100100100000000
0000000000000000101001010000100000010000100001000000000000010010000000010000000110000000010
0100000100000001000001000000010000000000000000000000000001000000000000000000100000010011000
0010100000000000000000010000001100000000000010100010001000100000010000001000000000001000001
0100000000010010000000000001000000000100000010100100000000010001000100010000000100010000010
0100100000000100000010101010000000001000000000100001000110000001000000100000000000000111000
0001000000000101100001000000001100000010001000100000000000000010000000000000000001010000000
0000011111001100010000001000000100110100100010010000100100000000110000010010000000000001001
0000000000000000100000000100100010000000000000000010010010000000000011010000000010000000000
0000001100001010001010001100000000000000000000010001000000000000000000100000000000000000001
0000000100000010000011011010001000000000000000101001000100000000000001100000000110000000000
0001100000000001000001000000001010000000000000100000000000000100011101010100001000001000101
0100000000000000000000001000100001010000000000000001000010010100001000000100000110010000000
0100100101000001000000000000000000000000010100100100001000000010010000010001000000001000000
0000100010000000010000010000000010000000000000000000100010000000010001000000000011001010001
1000000000000010010010000000000011000000010011000000010000100010010000100100100000000000000
0000000000010000110000110000110001100000000100110001000000100000000100001000000010001000000
0000100010000000000000001000000100000000000100010011000010000000000001000000001011000000000
0001000000000000000000100000000000100000000000100000110010110001001000000010000100010001000
0000000010000100010010000010101000000000000000000101000110000100000000000001000000000000100
0000000100100010000000000000000000000000100010001000000000000000000000000000001000000010011
0000010000000001000000100000000010000100000000000000001001000000000000110000000000000000000
0000001000000000000000000000000000000000001000100000000101100000000000101000000100000000000
0001000000000000010000000000100001001010000000000000000000000100101000000000000000000000001
0000000000001010000010000000000000001000000100000001000000000100000000000000000000000010000
0000000100000001100000000000100010001000000000000000011000001000011001000000000010100000001
0000010000010100110001000000000000010100000010000000000100001100010000000010010110000010000
0000000110000001001000000000001000010000000000000000001000001000101000000010000000000000001
0000010000001000000000000011000000000000100000100000111010000000000010010001000000011100000
0000000001001000000100000000000000000000000000001010000001000100000100001000010110001010100
0000010000011010000000000000000101000000010100010000000000101001000000000001000000000100010
0100000000000001000000000000000000001100000100101000000100101000001000010000010000010000010
0 0
90 90
