87 92
11010000010010001010001001000000100000001000000000010010001111010000010000010001000000010000
00000001100010010001000000001010010010000100000000001100010000101000000000000000000000000000
00010010000100010001001000000000000000000101010000101000000010010100101000000000000000000001
00100001010100100010000001000000100000000000001001010000110000000000001000010000000000000010
00001000000000001101010000000000010110000000011011001000100000000000010000000100000011000001
00000001001010000001000000001000100000100110011100000100010000000000010000010010010100001000
01001000100100000010000010101000100100110000010000100001000100010000001100100110001010000010
10000001111001100001001100010000000001000100000001000100001010110100101000011000000000000011
10000010000001010110100110000000010000000000000100000100000000000000000100001000000000000000
10100000000001001001000001000000010000000000100110000011000001010001010100100100001000100100
10010010000000000100111001001000000001001000000100000000001000000000001000000000000000000000
00000000000100000001000000010000100000000000000000010000000000000100110011100001001010010011
00000010000000010000000000000101010110110100001100001000000101101000100100110000000100000000
10000000000001000000010100000100000000000000000110100000000000001010010000001000001000010010
11000000100000001000010000101000000010010100000000000000001000000010001111100000100101000010
11100000001010010000000000000100000100000000010010000000001000010000000000010000000001001001
10000010000010100100000000100110100100010000100000100000000101101000000101000001110000001010
01000000000100000000010100000000100100101001100010000000000010000000110000001000010010101110
10000000000000011001000000001000000001000000110100001000000000001010100000100000100000001000
00000000001010000010000000100000000000000000000000000000100010100010100101000000000000110000
00110001000000000011000101010000000000000000000100000000010110000000010000000000000000010010
00100000100001000000000011000001101000001000100110000001010010010100000001000100000010001001
00000001100000000100000001000100000001000000000000100010000000001000101000001011010001000000
00000001000000000010000000010100000001000000110001010000010000010000010001001000000010000000
00000000000000000010000001000000000000000000000110000000010000000000000000001110110010000000
10000100101000010010010000000001001000100000000000010001000000010110001000101000000001010001
00000010010010110100010100010000100000001000100000010001001010000000001000000000010010101001
10000000100010000000000000100010000100000100010100000100001000100000001000001000001000001001
10010101000000010000100001010010100001000000000001000010010001000010000100000000010010010100
00000010000000000000001000111000000100000000000101110000000100000110000000010000000001000000
00101100000000000000000000000001100000000000000011100011000000100001000100100000000010010000
00000000000100000010000000000110000000000000000010000000100010000000100000100101000000110010
10000010000010001000001000001000000000000100110100110001000000111000100000000000000010001000
00000000010000001000001001001011000000000000000010000000000000100000000001010001000000001000
00000000100001000010000001010000000000010000000001100000010000000011000000010001001100110011
01001110100000000001000000110001000011010100000001000111010000011010010000010000011000000000
00001110000101000001000000100000100000000000000001010100001000111000000000000100000010100000
00000101100100000101100001000000001000100001100000100000001000010000000000000001000100000000
00010001110000000001000100100010001000000010000001001000100000000000000000000000000000000000
00000100000000001010000000000110001000011000001011011100001010101000010000010000001000010100
00000000100100100100000000000000000100000000000001011000000100000000000011010001000010000001
00110001000001000000001000000000001000000000000000000001001001000000000001000000100000000100
01001001000000011100100000000000000000010010000001010010000011000100000010000000010001010000
01001101000101000000000011000000101100000100000000010000010000101000000000111000100000001000
10000000010000011110011000000000101000100001100000111000010000010000000000000010000100101110
11110110001100101001001000011000100000000000100110000000010011100000001010100000100000011000
00010000001000110000000010100000100000010000001100000000000000010000000000100000101100000010
01001000000001010000000000000010000101000100001110000001000100000001000010010001000001000100
00000000110000000001000000001000100100100000000000100011100001001000100000000001100000001100
00010010000000000000001000010000100001011000001000000000000100010010010010000000000000000111
00000000100000000000100000010000110001010100000001000000000010100001100000000100100000000010
01010000000100100011000000000010100000001000101001000000000000010111000010010110010010000010
10000010000000000000001101000100001000000010101011100100010100001000000000000100000000000010
00000000110000000101010100010001010000000000001010010010000000001000000000000000000000010000
01001000000000000000000010001010000110000000100000101101000010100000011010010000000000000100
01100000000000000010101100000100000000000101000000100010100010001000110000000100000000100000
01000110000000001010000001011010010000000000000000000000001010110000000000001000000010001000
00001100001000101000110001110010000001000000000000000000001010010000110000011001000100010000
00000001110000000000001101000011010010000000000111010100000001101000000001000000011001000000
01100000000010101000101000000010100101101001000000101000000011001001010000000001000000000010
00000010000100000000100001100001000000000000101000010010000000000010000000000000001000010000
01100000111101000000000000000001000001000001000000000000000000000000010100000010000000000100
00000000000010001000001000111000010010000001000100000000000000010000001001000010000000000000
00000101000000100010101001000000000000001100010000000000110100000000000000000001010000100000
00100010000000100110100010100000100001001000010100000000010000000001000000000010010000100000
00000100010000000000000110000000000110000000101000011100000001000111000100000011000000000110
00110001000000001000000010000000110000010000000000010010010001000010100011011000000010000000
10010000100000011000100001000000000100000101000010001000000101000011001010001000100010000000
00010100010000000000100000001101010100000101000000000000001000010000000000110000000000010000
00000000001001001000001000100100000000110000001000000010001100000000000010000000001100001000
00100110000000000000001000001000111000000001000000001000000101000000000100001010000000100001
00100000000010000000001000010000000000001101001000000010001000100000100001101000000010100000
10000000100000000000001000010001100011100100000010000000000000001001000010001000000000000100
10011001100100000000000000101100000000001000010011000000000000000000001100011100001100000010
00000000100001100001010000000000100000010000000110000001100010000100000000101110000000001011
00010000010010101000000000001000010000101001110010000001000010000000000000000010000001100001
01010000001000000000010010100100010101000000000000000001000000100000000000001001010000010000
00000000000000000010110001000010010010000010000100010001110011000000100000001001100001000010
00010111001010000010000010000011000010101001000000000110000001001000100101001000000000100000
00010000010000000010001001000010000001001000000000010000000110000000001000100100000000001111
10111011100010000010000010000000011101010000001010000000000000010000000010000011001001000011
01000001010000001000100001000011000000000110000010000001110001000000000000001010000000000000
10100000000000000010000010010000010110010100000010000000100000101000000010011010000000010100
00000000010010000000000000000000000000000101000000100001000000100000010010000000000000000000
00010011000000000000001001001000000001000000101000001000010110100001001010000000111010111001
00001000100001110000100001000000100001000000001010000011001001000000000000001111010010000000
01100000000010000100001000000010000000100011000100000000010010010000001010000000010000101000
10 34
81 82
