92 92
00000000000010000000000001001000000001000001010000001000000000000000000000000000000000001000
00001000110010000000000010000000000010000000010000000000000100000100001000000100000000100001
10000000000011110100100000000000000000000010000000000001000000000000100010010000000000000000
01000000011000000001000000000000100000000100010100100100000100000000001000110000100000000000
00000000000001000000000100000000000100000000001000000000001000100010010010000000000010000000
00001000000001000100010000110000000000000010000010100000000001000100001000000000000000010000
00000100010010000000110000000100000000000000000000100000100001100000000111000000100000000000
00100001101010000000000000000001010000010000011110011010000100101000000000100000010000010100
00001000000000010000100000001001000000000100010000110000100000001001000001000100100010100000
01000000000010100000000010000000000100000001000010000010000100001000100000000010000000000000
11000000000100101000000000000000010000100000001000000010001010000000000001000000100000010001
10000000000000000001000000000000000000001011010000000000111000010001000000111001100000000000
00001000000000000001000000010010000011000000000000001100001000000000000000010000000100000000
01000000000000000000011110001100000010000100100010000110000000000000101010000100010000000000
01000101000100000010000001001000000100000000000000000000000000000101000000000000010000000000
00000100100000000000000000000000000000000000010000000000100001000000000100010010010000000010
01010000000100010000000000000000000110100010010100100000001001001000000011000000000000010100
10001000001000010001010000000100000010000100101000010000001000000000000000000000000100100000
00000000100000000001010100001000100000000000101000000100010010000000010000000100000000010000
00000000000001001010101110000010000000010000000100000001100001000000001000101100100000010100
00110000010000000001000110110100000000000000000000000110000000000000001000000001000000000000
10000100000000000000000000000000000000010010001000100001000000000000010000100000000000000100
00100100000110000010000000000000000000000000000000001100100000000000100000000000000011000000
00000000000000000000000000000000000010000100001100000001000110000100010000100000101000110110
00000000100000001000001000000010000000000000000000001000101000000001000000010000000000000000
01100000000001000000010000000000000110000001000010010100000100000000000100000000000000000100
00000000000000000000000001000000001000100000010100000000001100110000000000011000000000000010
10000000000000001101011101100000010000000100000000000000001010001000000000000000100100000000
00000000011001000000000000000000010000100000000001000000000100000000000001001000000100100000
01010001000000010000000010010010000000000010000001000110000000000000000010100010000000000100
00100000000000000001000000000000001000000000000000000000000000000000000100000000000100100010
00001000000000000000000000000000000000000000000101100000000000000100001000000010001000000001
01000000000001100000000000001010000010000000000001000000010000001000010001000010100000110000
01000000000000000100000010010000001101000000000100000000000000010000000100110001010010100000
00001000001000000000000000000000000000001000010000001001000000010100100001000000100100000000
00010000000000000000010000000000100000000000000000100000000010001010001000000000000010000011
11000000100001001000000100000000100000000001100100100000000000000000000000110010000001000001
11000000000000000011000000000100000110000000000000001100100000100000000000010000011110001000
00010000000001001000100010010100000000000000000100001000000101000001010100011100000000000001
00000000000000000101000000010000000000000000001000100000000000000000000000010000001001000101
01000000000000100100000010100000010000010000000000000100100100100000000110000000000000000010
00000000000001100000000101000100000010100001000110000001010000000000100000000000100000100000
00000011000000001100000010000000011000100000000100000010000010100010100101000100010010000000
00000100001000000010000000000000000000000010000100010001100110000000000100000000000000100100
11000000100110000010000001000100000000010101000000000000000010001000000001010010000000000000
11000000000000000001000000000000000000110100000000100101000010010000000000000000000010001000
10011000100000100000110110000100000000101000000001000000100000010110000000010100000000000000
01000000000100000000000100001000001000000000010010001000000001000000001000001000100000000000
10000001000011000100000000000010000000000000010000000000000000000001000000000000000000000001
01000000000000010000000000000000010010000000011000000000000000000000100000000000000000000000
00000001000001000000000110000000000000000000000000100010000000000001000000000010000110000010
00100000100000000000000001000000000011100010001000000001100000001000000001100100001010001100
00000000010100101000100000010100000000000100001000001000000010000000000000000011110000000110
00111100000010011100010000000100000000001000000000101110000000000010000000100000000000000100
00100100000000000100001000010011000100000001001010001000000000000010010100000000000000001100
11000000000000000010000000010001100000000000010000100000001000000000001001111000000100000000
10010000000110000100001000001101001000011000100010000000000010001010010101000000000010000000
00000000000001000000100000000000000001011000010100110000100000000110000000000010010101000000
10000000000000000000100000101100000010000000000000000000011100010000000101000000000101000001
10000000000100000000100000000000000000001000100010000000010001000000000000000010000000000001
01000000000001000111000100100000100101010000000000000000000000000010000000100000001000010010
00000010010001010000000000010001000100100000110001101000100000001000100100000000000001001000
00101000000001000000101000000000000000010010011101000000000001100001010000000000000100000000
00001000000100000000000000010000000010010100000000001000000000001000000000010000000001000000
00000000001000000010000000010100000000100000001000000000000000000001001000001000000000011011
00000000000001000000001000000000000000000001000000000000000101000000000000000000000010000000
00000000010001000010000110000000000000000010010000011000000000000000000000000000000111010000
01000011101010000001000000000000100000000000000010001100000000110100000001010000000000000000
00000000001000100010101001110000110010001000101010000000000000001000000100001000000000000000
01100000001000010001000000000001001101000000000010000101000000000010000000010000000000110000
00000100100010000000001000100000001000000000000010000100011000001100000000001000000000000000
01001000000010010000100000000000000100001001000000000000100001100000000000000001000000000000
00001100000000000000100000001100000000001000100001010110000101100000100000000000000000000000
00010000000010001000001010000000000001000001001000000000000011000000000000010000100000000000
00001000000001000001000000010000000100000000000000001001100010000000000100000000000000110000
10000000000000000000000000000000100000000000010000010000000010000000000000000000000101010000
00100000010001000101000001000000000000010101110000010010000000100000000000000000100001010100
00000010000000000010000100000000100001000010001010000000101000000001000000100001000000000101
01000010000100000000000000001000000000010000110000010001000000000110010001000100000000000100
00000001000000000100110100000000000000010000000011001000000000000000011000000000100000000000
00000000000000000010000000000000010000001000010001100000001100000000001001000000010000010010
00000000000000000000000001010000100100101001000011000000010100100100000011100000001000101000
00000001100000010001010001100000000001000000000010000000000001001000001000000000001001000100
00000010011110100000010100110100000111010000001100000000001000000100000000011000000000000000
00100000100000000001010010000001010101001000000000000000000000000000000000000100000000001000
00100000001001000000100000000011000000000000011000000010000000000000000000011000000101000000
00000011100001100000010001000010000000000000000100100001100000010000000010010100000001000100
00000001000110000101001001010001001000000000010000000000000010000000010000000000110000010000
10000000001000000101011000000000010000010000000000100000000010000000110000000000100000000000
00000000000100010000010000000000000001010001000101000001001000101000000000001000000010000001
00000100000001000000000100000110100000100100000000010000001000000000000000000000001000100000
00100010000000000000000010000100000000000100000000000000000000000000010010000010000000000000
0 0
91 91
