88 93
001011100000000000000000000000000110000100010010010000000000001001100011000101000011000011100
011001000011000100000010000000010000000001000000000110010011000110001000001100001100010001000
000000100010010001000000000011000001000001001000101110000000000000100000110100000101000000010
001111000000000000101000000000110001010000001101011000100000100000001110000000000000000010100
000101100100100101101100100000000000001100011011010100010010100000000000001110001000000000000
000010100000000001010000000000000000000100000000010000000001000000111001001001000000000000100
000000000000100001000000000001110000100000000110001011000000000100001010001000111000000001000
000000010000000001101001000000100000000100000011010100000000000100100000000001010000000111110
000100001000011000010010100011010000100010010000101010000000000000000011001000000000001000100
001000100000010001000000000111000010000000000001000010000010001001010000100011010000010101001
000100000000010010000000010010001110010000101000001010001000000100000000010000100000010010000
010010001000010000000100001100001011010010000000100000001000000001001100000100100000000000010
011001010010010000000000011011000000000000101000110000100000000000000000011000101000001010011
000000000000100010000000000000000000010001000000001010000000000100000010101010000000001001000
010010100100000010010000000110000000001001001011000001010010010001001000001010000000010101100
100000000000000000000101100000100001000000000000000000100000000000110000100000010000000010000
010000000001000000110000010110000000100000100010000000110010000010000000001000100000010010000
000000110001010000001001000100011010010000001001000100000000100100000000000100000110001000000
000010000100000110000000000000000000000001100010100010010000001011001000010000010000010000000
110000000110000001101100001100000000100010000000000000000100001000100010000000010011000000001
010000000010011000001010010001000100010000000100000010000110000010000000110000001101001100100
110000001100000010010010010000000101001000000000000100000000000001001000100000001010001000000
010110100001000100000000000000000100100000000100000011010010001000000101000100000010111000011
000000000100101100101100000000001000101001000000111000010000000100000100100000100000000011001
000010000001010001000100000010110100000001000101100000100100001000000110110000100000000000000
000000000010010000001000100011010000000010010100100001000011000000000001000000000001000000010
000000000000000010000100000001000000000010000000100011010000000000110000010000010000000000000
000100000010000000000000000010000000011000000000000100000100000011010100000000100100011000010
100101000000000111100000000010000101000010100100010001000001000010100000000100000000000100100
000000111101000010000001000000001000010000100001001011000000001000100101010000000011000000100
000000000000000101100100000010101000011000000000000100010010000001001100000000100000010100000
010110000100110000001010000000010100000000000001100110101000010000000101000010111110110000000
000010000000111000001000010001001000010000000111010000000000000110000000000101000000001010001
100000000000000001011010100101010010101000100010100001100010000000010101010001000000000101000
010011000000000001010000100001000000000110010010000100000010000010000000100001000000000000000
100000000000100000001000010001001001000000000000000001010011001100001010000100100000000000010
000010000100110001000000010000010010000000100100010000001000001001000001010100000000000000101
101000000000000010100010000000010010000010100110000010010001010000000110010001000001000000000
010100001100000000100100010010001000000000001000000000010010000000100000101000000000000000000
000000000010000010100000000011000000001101000010010000100001000000000000010001000000100000001
000011000000000001000000000000000001000000000010000001000000000000000000000000010101000001000
000100001100101100100000000000001010000001011000000100000000000001000000000010000000001000100
011000000000010000000000000000100100000001100000100000001010000010000000011010000000000000000
000100000110010001000100000000000000000100001000000000000000000010000000000000010100010001010
001110101110100000010100000000011000001000000000001000001000010010100001000100000100000010000
010100001000000000000001000000010000000000000000000000000001000001100000000010000000010000000
010000100100000001000001100000010010001000101000000100100001000000000010000000000011000001001
000010001000100001101000001100000000001000000000000010000100000101000010000000010000001000000
010000000100001100000010010001000000001110100000000000000100000100001000000000100001000000100
100100001000000111001000101100000000000000000000001000000000010010111001000100000000010000000
100000100000001100100010000010000100000100000110100010010110000000011000100010000000001010000
000010010001000000000000000000100100100001110000011000000100000000000000000100100000000001000
000000100011000100010000010100001100100000000000001000000001010000001000000000010000000010001
000011010000011000010000110000000100000000000010000000000000100101011010000000000100000000000
000000000001010000000000011000000000000100000000010000000000011000000000111011000110000100010
001000100100010000100110000000011100000101000000010000000110000001111000001000000000010000000
001100010000010000100000100100001001000000100001000000000000000010001000000000010000001001001
000000001011010000000010000000000111010000100010000101000000111101000100000011011000000000000
010001100000000001100000100000010010000001000001010000000000010010110000000000011010010010000
100000101000000010000010001000000111100100100101000000000000000100000010001010000000011000001
000011000100000000000001000001001000000000010000100010000001100000100000000001010000001000000
000000010000100000000000010000000000000000001000001000000100000000000001101000000000000000000
000100000000000000100000000100000000000010000010000000001000000100100010000010100001000011001
110001100100001100000000000000000000000000000001000000000000100000110000000000100110001000010
101100000000000000100100000000100000000000001010010110100000011000011100000000000001000100010
110000000010010000010000000000101000000000101000001010000100100000000010000000000000000001000
001010000010001010000000100010000010001000011010000010000000000000110000010001010010100101000
001000000110000101100000000110111000000000010000001000010000100000001100001101000001010001000
001000000001100000000000000000010001100001000001000100000110010000000010010000001000000000000
001000000000000000001010000001100000011000000010000001000000000000000001000100010000000011010
000001000100000000000000100100000001100010000100000000000010001010010000000001010000100010000
000010000000000010000010111000010010000000100010010010000000010000100010000100100000000001000
100000010001000000000111000000000010000010010100001010000010000001000001010100000100001001000
010001010000100011100000000000000101010000000000001000000010010101000010000000000000100000000
010001100001000010100001010100001100000000000010100000010000010001100000000000010001011000000
000000100000100001000000010110000010100000000000010100010001000000011000001000000000001000000
100000110110111000000000000100010100000000001000000000000100000100000010001001100000000101100
000000000000011110000100000010000000000100000000100100000001001000000000000010000001000010010
100001010000000000000000000000000010100100010000010000010000001000010000000000000000001010111
000001000100101011100100010001000000000000000000110010011010011101001000010000110000000101000
100010100000001000110100010000000001000010110001000001011000000001100000000000010010000100110
000000000000000001000000000000000000001110000000010001001000010000001000000000000110001000000
101100000010000110000000001100010000010001001000100000100101001011000000000011110000100000001
100000000100000010000010100010000100101000100000000001000001010000110000100000010001000001000
000000000000100000000000000111000000100100000010010000000000001011001000000100000100000100100
001000000000010000010110000000010101000010000000010001100000010100000000100001000000100011000
000100011100000000000011010000000101000100000000000000000000001001001100110100010000000000010
010000000010000001010000010000000001000000000010000000011000110000000000101000001000011111000
76 20
10 92
