93 93
000000110010000000010000001000111100000000001000000000000000001000000000000010001000000001000
001001010001000000100000000000000000010010000010001000000101100000000000100000001001000110000
000001001000010000000000001000100000000010000000000000101000000010100000000001010001000010001
000000000101001000000010000100000010000000000000101000010010000000000001100000000100100000000
000000001000000000101000000000001000000001111000000000000000010000001100001000000001000101001
100000000000001000000000000000000001000000110000000010100011000100000000000000000000000000000
000000000000000001100100000000000000000001100000010001110000001100000001010001000000000000000
000000010000000000010010000001000001000000000000001010010000000100010000000011000110000000000
000011000000001010001010010000000000000110001000000000100000000100000000000000000000010000000
100000000000010001000000100001000000000000000010000000000011000001001000000000000000000000000
000000000100000001010000001010000010101000010000001001000000000000110001100000100010000000001
000010010000010010000100000000000000100001000001000000000100000000000000000000000100100000000
010100000000000100010000100000100000000000001000000000000000000000000100100000100000000000000
000000000100000000000000000000100000000000000000000100000010010000010110000000000000000000011
001000001000001000000000001010000000000010100110000000011001010000000010011001000010000001000
000000000000100000000001100000010000010000100000010000001000000000000000110000000000101000011
000000000000000000000000000000010000000001100100000001001011010000001001000100110110010100000
001010000001000000000001000000010000000000000010010000010001010000000100010010000000000000000
000001000000100000000000100000000011000100001100100001010100100001000100100000000000000000000
000000001010000100000000001000000100010011110000000000000000001000000001000000000000000000000
100000100000010001010100000000000000000010100101000000100000000000000110000010010001000010000
011100000001010001001010110101000000010110000001010000000110000000000001100100010001000000000
000000000010000100000001000000000001000000000010000000000100000000000000000100000001001000000
010000001000000000011000100100000010000100000010000001000001000100111000000100100001000101000
000000000010100000010000000000000000110001010000000000000000010000000000000010000000100000000
001000100000000011000000000100000001011000000000001010000000000000110000000010010000001000000
000000000000100100010011000000001100000000000001010000000010000000010000100000000000000000100
010000000010000000000000000000000000000000000100000100000000000101100000000010000000000010000
000000100010000010000100010001001000000100000000000100000100100000000000000001000000000000110
010000100010000000100000000010010000000100000000000000000000100000000000000001001000110111100
000100001000011000110000010000100001000100000000000010000000000000001101000000000000001000011
000000000010000000101001000000011000001010000000100000001000000000000000100000101000000000010
001000000000001000001000000000000000000000000000000101000000111000000001000000101000001000000
100000011000010000001000000000010000000000001000001011000000000100000000101010000010000001000
000000000000000000000011001010001000001100000000000000000000000000000000000000000000000000010
000000000000100100010000000100000000010001000100000000000000001100000001000000000010001000000
000000000000000000000000000000000101000100000000100000100000000001000000000000000000010010100
100000000000000000100101001000000010100000001001010000000001100000010000000000000000000000000
010000000010000000000000000000010000000010000100000000000000100000010001000001000001000101000
000001010000000100010100000000011000100000000001000000000000010001000000000000001000000000001
000100000000000010000001000010001000000000000000000000000001000000001010000010000000100000000
100000010001000000000000010000000000000001001000000010001000101000001000000000110000100000001
000000001001000000000001001000000100101000100000000010011000000000000100010000000000000001010
000001000000000010100001000100000000000010010000000000000000010001000010000001000000000001010
100000001001000101001000010000110000000000000000000000010010001000000001000001000000101000000
000000000000010000010000001010100000000000001000000100100000000100000100000000100001000000000
010000000000000000000000010000101000010000000000000110100000001000000000000000000000000100001
000000000000001000100010000001000000001001000000000111000110000000100010001010010000000000000
100110000000000000000000000000000101010001000000000100000001100000000000000000000000001000000
000100000000000000000000000010000000000000010000000000010000010010101000001001001010000000000
000000000100001000000000000011100010001000100000000000000011000010000000000000000000000000010
000000000000000100001000001010000010000000000000100001000000010000001000000011010010100011100
000100100000000000000010000000000000000010000000000000000011100000000010000000000000000000100
111000000000000000000100000000000000010000010100000011001000000000000010010000000000110000000
000000001000001100100010000100100000011100011010001000000000000010000001010000010000000000000
000000000000000000000001000000000001001000000000000001100000001000010000001000000000000110000
000000001000000100100000000001001000100000011100000000000000000011000000010010001000010110000
000000000000000000100001000000100000100010000000000000000000000000101001010000101000000001000
000100000000001010000001100000000000000000010000000000100010000100000000000000000000000000000
000001000010000000000000000000000000001001010010000100001011000100000001001010000001011000000
100100000000000010000010011000100000000000100000001000000000100000000000000000000000000000000
000011000000010001000101010000100000000000000000000000000000100000000100000000000001000000000
000010110010000000000100001000000010010000000100000100100100000000000001001001000010000000000
000011000000010000100000001010000000000000000000000000011000100000010000000000110010000000000
000100010000000000000000000000000000010000000000000100011100001000000000110000000000000000000
000000000000000000110000000000000000100000010000000000000000000000000001010010010000000111000
100000100010000000001000000000001000001110000001010000000001001000000000000010000010000000001
000000001000000000000000000000000100100001110000001000100000100000000001000000000010000000100
000010010000001000100000000010010000000000000000100001100101000100000000000000010000001000010
100000000010000100001000101000010100010110000100000000000001001000000000000000000000000000000
110000010001000010000000000000010010000000000000000010001000010010000000000000010000100000101
000010010100001000000000000000100010000000010110000001001000000000010000000000100000000000000
000000000100000110000001001000001000000010000000000000011000110000010000010000000001011000001
000100000000000000010010000000000001000100001010010000000000000000100000000000001000000010000
000001000000010000001001000000000100000011100010000000110000001000100000000001000100010000000
000000000000000000000010000000010100000000000000000000000000000000000000000001000100010000110
001000000100100000000000110100101000100110010110000000000101000000010000010000000000000100001
000001100000000000100000000011000000001101000001000000110000000000100000000000000000010000000
000000100000000000000000000010101000000000000101000000000001101000000000000010001010111100100
100000000010000000001000000000000001100001000000000000010101100001000101000010010000000000000
000000100000000000100000001000000000110000000000010000000010000000000001000100000100000101100
010000000000000001000000000010100010000000100010000010000000000000001100000110010110000100000
011000100000000000000000000000000100000000000000010000000010001000100000000000100110000000110
000000000010000001000000000000000000000001100001010100001000000000000000000000000000000000000
000011000110000100000100000001000000000100010000001010000000000101000000000000110000010000010
001000000001100010000100000000010001000001000000100000000000000110000000000000011000001000100
110000100010011100000000100000000000000000000000000000000000000100000000000100000000000011100
001000000000000000000100000000001000000100000101010001000000000000000100011000000000000001000
000100000000010010000000011000000001001000010010000001000100000000000000001000000000000000010
000100000000000010001000000000010000000100000000000100001000001000000100001000110001000001000
000001001001011000000010010000001010000000000010100110001000000000001000001010000100000000000
010000001000100000000010000000000000000100000000100001000000000101000000100010001000000001101
000001011000000001010000000001000110010100000000000000101000010000000000000010001101000000000
0 0
92 92
