89 94
0000000000000100000000001100000010010001000000000100010010000000010100000100010000001001000000
0000010000001110100000010000010010000000000011010001100100001110000010000100000010010010000100
1110000000000000001100100100100000010010100000010000000010001010100010001000110000000000010100
0000001100100010000000000100000110000000000000001000000000100111000000000010100010100100000000
1000000000000010000000011011000000001010000000000000000000000011000010010000001100010111000101
0000000101000011000001010010100000001000000000001010110110001000000010001000000000000000000000
0000000000001010001010001001011010000000100000001000000000000010000000000000000000000000101000
0000100001000000000010000000000110100000000000100000000000000001000000000110010100000000100000
0000000000100010000000100001100011010000100000100100000001000000011100000001001011001000001001
1000000100010010100010000001100010100000001000000000001000000000000010000101000100010000000001
0001001100000010000000000100110000000000000000000011000000010001101011000000001111001000000000
0111000000000001100000010000001000001001101000000000011000100000000000100000010000000000000100
1000000010000001001000000011010000010000001000001000000000100000001000011010010000100000011100
0100000000000011000100001100000001100100010010001110000100010000101100100000100100000001010000
1100010011000000100111000000000000000000000000100000000101100000010000000001000000010000100010
0000000000101010100011000001010100110001000101000000001000000000000000001010001000000000011010
0100100101000000000011100010011000000000001000000000001010001000100001000100000001000000000000
0011000000000000001000000000000000100010010000000001001100100000000000100000101010001000010000
1000110001000101000000100000000001011100000000001001000100000001000100000000101001000000000010
1000000000000000000000101000001000001100010001000010110010001110110001000000110010010000000101
1000000000010000000000000100000100001000010000100110000010100000010010000100100000000001100000
1000000010000100000011010000000000100010000000001000000101010010100000000110010111010101110000
0110010000000010000000011001000000000000000000010000100100100000001000010001000000000100011000
0010100000000000010001110100100100001000101001101110100010000000100001000000010100000000110000
0110110000000000110000000100010000000000000001111000000001001110000010001100000100000000000000
0000100010001001100011100000000000000000001000100000110000011000100000000000001001100000000001
1000000000001000000000000000001100000011000110000000000100010100000000000000000100000000111000
0011000100000000010000000000000000000000010000000000110000000100000010000000001000000000000100
0001000000010000100000010001000000100101001000000010000100000000000101001000010000100000110100
0000000111000100000010000000000100100011100000001000000000000000010000000010000001000100011000
1000100001000100000001000000100010000010000000010000000000000000000000000101101000000001010000
0000001101011010010000000100000000000000000000010000000000000011000000000000100001000100000000
0000000100000000000000000000011000010000100010000010010010110000000010100010000100000000010000
0000100000000000000010001101110001000010010010010010001000001000000010000100000000000011000000
0010000000000000000100010010001100100001000000000000000000000000011110000100101000000001001001
0000101100000000001010010000000000011010110000000000000111010000100000000000000100000000000000
0001001000101001000110000100000000001000001100000010100000000100000000010010000001000100000000
1101000101001110010000000011000110000010000111010010001000000101000010000010100000111001000100
0010000000000001010000000000011100100001000000100000010001010000010000000100001001100000101000
0000110000100010000000010000000000000010000110100000110100000000000001000100001000001000010100
0000100010010000000100000100001110000100000100100110001000000010000100000100000000000001000000
0000111000001000001100101010001101000011010000000001000000010000000000010000000110001000000001
0000111010000001000000010010100000000010000010001010100000010000100110100000000000010000100000
1110000001000100010000000000000001000000010110010000110010110000001000000001000100010000010101
0101000010001000001000101000011001000000000010000000000110100010100010001100000000100000000001
0000010000000010010000100000001001001001000000100000000000000101100000001000000000100000000000
1101000000000000010001001000100000010000000000000000001000000001101000010000000000001000100010
0001000010000110010100000100000000000010100100000001000000000100000000000001000010000001100000
1000100001000000000100000100000000100000000000010000000001010000100001110000011000000001000000
1000011000100000010000000000000001110101001000100010100000100010010110000001100101000010001000
0001000000100000010001101011100001000000010000010000000010000000000010000000000000111000000000
0000000001000000100000010000001001000100000000000000000001100010000000001001010010000001000000
0100001000000001010010010100011000101010000000000000000000100100000000100000000101000000010000
0100000000001000001000101011100000000000100010000000001000000000000100000000000000000010001000
1000010010100100000100010000000010010010000100101100100010000001100000101000000100000100000000
0100100000001000000000000000100011000010000000001100101001010000000000000010011011010100011000
0000100000001000010100000001000000100000000001010010000000010000100010001011001010100010000001
0000000000010000101000110100100101000000100001100000000011100011010000101000000000000000000000
0001000100001000011000000000000011000000000011101000100010000000010100100101100000000000100000
0000011000100000000000100000110001000001000011000000000001110001010001001000000000100010010000
0100010000000000000100010000000000010100100000100001100000011000001100000000100000101100001100
0000000001000000001000001010000100010000000011000001100000001000000001000100010000000001000100
0110001100000010000000001000100010000000000000100000001000000000000011011000000001001000000010
0001000100000000100000101000000100011100001000000000010000010000010000000001000000010010000000
0000000000010000000000100001000000000010100100001000010000100000000001000000100000001010100000
1010011000000100000100000001000001110000100001000000000001100000000100000000000000100000010001
1000000001100001000000010001110000001000001000001101000000110001000000000100000000000000100000
0000000000100001001101000000000000010000100011000010000000000000100000000010111001010000100000
1000100010000001000000000000000000010000100110100000000010100001010000000000010000000000000000
0000000000000010001010000000011001100000101100001001000001000000011001000000001000000000000000
0001000000000000000000000110000000100001010100111000000001010110000000000100110011101000110101
0000000000000010000010100100110000000000011010000010101010100110000000000000001100000000001001
0100001001100000000000000000000110100100000100001000000110010000000001000000001000010000100100
0000000010000000000110000000010000000000000000000001000000010000010100000000010100000010001010
1000000000111000000010000101000000010001100001100010010000000000010010100010000000000001101000
0000110000010100100010000000000001001000000100000010011010101000000010000000000111110100010000
0101110001000010010000000110011001010001001000010100100000000000000110001000100001000100100000
0001000110000000010000001100100010011000100100000010001010010100000001100010101000000000101100
0000000000010000010000111001010000010010000101000000100000100011001000000000000110000000000000
0000001101110000000001001000000011000100000001100010000000000000001000100010000000001100000000
0000100000000000100000000000000100000000000000000001000000001000001110110000000000100001110001
0001100001000000000000000000100001010000001001101010100000000001000000010000000010011010000000
0000000000000001000101000000011001000000011000000100000100100000000000001000001000010000000101
0000000010000100000100000100101011100100000010000000101100010000110101000001100010000000100101
0000101010001100000001000100001001001100001110000000010000000000100000000011000000001101000001
0000010000000000000100011001101100000000000100010000000101010000001000100000100000000000001000
0000101100010000010001001111010000010001001100000011001001101001100000001000001010001101000000
0000010000000000001000000000000010000000100100001000001000000000010001011001000000000000000010
0001000000010000000001000000100000000100000001001001011001011001000001000000000010000000001000
10 17
77 83
