94 94
0000000000000000000000001000000001000001000000000000000010000101000000000000000001000000000000
0000000000010000000001100010000011100000000000000000000100000000100000000000000101000000001000
0100000001001101100100010000100000010100000001000001000000001000000101000001000000000010010011
0000000000000000000000001010000001001100001000000000100001010011000000000000000000001000000010
0000000011010100000110100000000101001000001000100001000000000010000010000000001000000000000000
0001000010000100000000000010000100001000000111001100001001000100000000000000000000001000110000
0000000000000000000001010000000100000001000000000001000000000000000000000000001000000010000000
0001000011000000101000000000000000001000000000000001001000000000000000000001000000000000110000
0000000000000000000101000110000000000011000000000000000000100000100100000010000000010000000100
0000000010000000000000000001000000000000001000000000011000000000000101000000000000000000010000
1001000000000000000000000011100000010110001000010000000010000010000000000000000001000100000010
0010000010000001000100101001001001000010000000001000000000000010000010001000010001000000000110
0000001000000000000000000000000000000000000001001010000001000000010100000100000010001000000000
0000100000000101000100000000000100000000100100000000111000000001000101000000000000001000000000
0100010110000000000001000000100000000000100100110000000000000010000000000000000001001010000010
0000100000000001000010011000000000100000101000000110100000001000000000011110010000000000000001
0100000010001100000001000000000000000000100000000010001000010000000000110000000100000000001010
0000100000010010000100000000000000000000100000000000000010000000000000100000100010000101001010
0000000010100010110000000010000000000100010010010000000001010000000001010000000010000000010010
0000000100000010000000001000000010000001001000000000000000000000000000001000000000000000000000
0001000000100000100010000000000000001010001000000100000101000000000010000000000010000000000000
0010000000000000000000101000000000000000010000000000010000000000001010000000001100000010100100
0000110000000000010000000010000110000000000000010000001000000010100000000000000100000100000000
0010000000010000001000000100000011100000100010000100000101000000000000010010110000000000000010
0001000000000000000000000000001010000000001000000000000000000000000000000000000000011000010000
1001001000000100000001010011010011100110000011000000010000000000010001000010000000000000010100
0000000001000001001000100011000000100010100000000110010100001000000010101010000001000000100000
0000010011101010000010100000000000000000000000110000010000000000001100000000100000010110100000
0000010000000010001000001000000000000000000000100100000000000010100000001000001100000000000000
0000101000000100000000100001000000101001000000001000001001000000000000001001000100000000001011
0010010000001000000001010010100000000100001000000000001000000001000000010000000000000000000000
1110010100000000000000000010000000010100100000000000000010001000000010000101000000000001000001
0001000000000010000000010000000110000000000100110000000000001000000100010100001000000000001000
0000000000100100100000001010001000001000100001100000000000100100100010000000000000001000100000
0000000010000000000000000100000010000100000000000000000000001000000000000000010000000100101000
0000000000100001000010100000100000110100101000000100000010001000000010000000001000000110000000
1000000000000000000000000000001001000000000110000000000011000001010100010000110000100000001000
0000000000000000100010000100001000001000001001000000001000000000010101110001100011000000001100
0000000000000000100000000000110100000000000000000000001000010000000000000000000010000000010000
0001000100000010000000000000000000000000000000000000010000000000101001001000100100000001000010
0110000000001000000000001011000100000000000000100001001010010000000000111001001100000000010001
0000000000000000010001100100000000000000000000000000100010000000000000001000000000001000000000
0000000000100000010000000010100000000100010110000000000000000000000000100001000000100000000000
0010000000010010001000000010000000000000000100001001001100000101100001001000100111001100000001
0000010000000000001000000110000000000100000000000000100000000000000110000010100001010000100000
0000001000000100010010000000000001000000000000100000000000000000000000100000011000000000000000
0101000001100000000000010000101101000000000000000000000010000001000100000000000000000000010000
1000000010000100000001001000000011000011101000000000001000010000000000100100000010000000011000
0001000001001000000000000000000000001110000000000100100000000000000100001100000100000000000000
0100000000011010000001000000000010000100000000001100000001010000000011010000001000000001000010
0000000000100000001000000001000000000010000000110001001100000100010000000010100100010100000110
0000000011000000000000000100000000010010000100000000000000000000010000011000000101000000000000
0011000010000100000100000000100000000010011010000000000000010100000000000001000000000000000000
0010000100000000010000000000000000000000000001000101000100010000010010000000001010000100001000
0010000100000000000001100000010000000001000010100010000000010110000000111010000000000010000000
0100000010000100011000000100000000000010001100001000000010010000000001000100011001000001100000
0010000000000001010000000010000000010000000000000000000010000010000000010100000000000000001000
1010010000000000000100001000000000010000000000101000000000101000000100000000000000100001000000
0010010010000000000000010000000000000000001001000000100000100000000000100000001000000100010010
0000001000000000000000000000000000000001100000001000001001000100001010000100000000000100000000
0000000001000000000000100000000001011000011100100000000000000000010000000000000001001000000000
0000000000000000101000000000011001001000001000000000001010010010100010010000000001000000001010
0010000000000000000001100000001100010100000000000000001000000001000000000000000000000010000000
0000000000000000000000000001100000000100000000100000001100000000000010000000000001010101000000
1001000000100001000000000000010100000000010010010000010000000001000000100001000000000000001000
1100000001000000010000000000111000000000100000000010000000000000001000010000100001000000000010
0011000001000000000000000100000010000010000010000100000000000000000010000000000000110000010000
0000101100011100000000001101010010000001000000011000010000010010000001100001000000010000000000
0000100100000000100010000001100000100000000000100100101011000000000100000000000100000000010010
0000000000001000000000000000000000010000000000000100100011000001000000000000010000000000000010
0110000000000100100000000000010010000000000001110010010000000001000100000000010000101000000000
0010000000000000000000000000000000000000000100000010001000000100000000000000000000000000000000
1010010000001000000000000110000000000000000000000000000000000010000000000000000010110000010000
0100000000000010110010001100000000000001001000000000000100000000010000000010000100000000001000
0000000000000000001000001000000000100000100000000001000010001010011000000001100001000000000000
0010000000100100000100100001000000001010000100000100100000000001000001000001000001000000000001
0010001000100001000000001000000010000000000000000000000010000000110100100000100110000000000000
0000011000010000100010000001000000000010000000010000000000000000001000100000000000010110000000
0001001100100010000000000001000000000000000000100000000010000000000010000000010000001000010110
1000110000000100000100001000100000011000010001100100000010010000001100001000000000001000000000
0001000010100000010001001000000001000000011000000000000000010000000101001000000100001110010000
0000100000011000000101011000000001000001010000000000000000100010010000001000001000000010000000
0100000100000100001000001010000000010000010010000100000100000000000001001010110000000111000000
0011100001000000000000000000100000010000010000000001011100100100000010000000000000000000100000
0000001010000000101000000000000000001000000001000101000100110000110000000000011000000000000000
0000000000000000000000010000000000000000000000011001000000001001000000000000101000000110110010
1000010011100001000000000010000100000000010000000000000010000001000000000101000000000000000000
0000100000010000100000001000000000010001000100000000101001000010000010000000000100000000110001
1100010000110110000000100001000011000000000010100000000001000101001000000000010000000010000000
1000000001000000100010000000010010000001000000000000000000001000010010000000100010000010010000
0000001010000000000010000000100000010001011000010000100001011000000100001000001000000001001100
1000000000000000000000001000000000010000001001000000000000000001001100100000100000001100100010
0010000001100100000000100100100100100010100101100000000001000100000000000001000001000000000000
0100000100010000000001000000000000000000001000000001000010000001000010110000000000001100000000
0 0
93 93
