90 95
00000000000110100000000000001000010000000000000000000001000001000001001000010100111010000000000
00000000010000001001001000100010010110000100000001000000000000000000101010000000010000010000011
10010100010010001001000000101000100001000100000000100000110000000010000110001001000110000000000
10011000000000110000000010000000001000100000001100010000001101000000000101100000000010000000010
00000000010010101000011100000000000100000000000100000001100001001100000101001000000001001111001
10100100000000110000011010000000001000001000010100000000000000000000101001010100110000100000000
00001111100000010000010100110000100000000000001000110000000010000000000000000001000010000001000
10000001000000000000010100000100000000000100000101101000000000000010000111000000100000000000000
10000001000000000000000010001000001000000000000000010000001000010000000010000000000100000011001
00000000101000000000100001010000010000101000100000000000010010000000000000000010000011000010001
00100000000000000000000100100000100001000100001100001000101000000100000000000010110001000000101
00000001000100000000000100011000000100001100010000010001000000000010000010000001000000000000000
01100000100011000000100101000000011100001000010000000000001000001000000000100000000000001010001
00000000000001000100000011001001011001000001000000010000100100100001000010000001000001000000000
00100010100100010001010001001010001000110000100000010000110000000000000000000001010101100000000
01000010000000101000001000000000100010010000001100000000001100000101000000011101110000001000001
00000000001000101000000000010000011100100000000001001000111000100011000010000000000000000011000
00111000110010000000100101010100000100100000100000000001110011000000000001000000000000100001000
01010001001010000010001010000000001000000100110000000000000100000010001100001100000100000100000
01000001100100000110001000100100011000000000000000010000001010000000000000101000100000000000100
00000000000000000010000000010010000000000000100000000100001000000000010000000100000010000011000
00100100000000000010101000110000000001010000001000000000001000000100100001010001001000001000000
00000100100000100001000001000000000000001010000100000100000011101000110001101001000000001000011
00010110000010010000110001000001000000001010000000011000001000110000001000000000000001000001000
00001000010000000000000000000000110000000010011010001001000110001100110100010010100010000000000
00000010000110000010000001000000001000000000000000000000001000100000000010110000001000110000000
00000000111001000000100000001100000100001000000000001100000100001010101000000000000010000000010
00000101000100000010000100100010110100000101000000011100001000000000100000000000100010000100001
00000001100000000001001000000001000001001000001001010110001000001001000000010000010010000100000
00110100000010010100000000100010000010001000100011010000100000110000000010000000010001000000000
00010010110000000001000000000110001000011000010000000000000000110000000001000000000101000110010
11110001000010000000000000000001000000000001100000001000000010010101001000000100001000000000010
00100000011000100000000100001000000000001100000100000000010101001010001000000000000010011011001
00100000000000000000010000000000100001000000000000000010000000010001000010100000010000100110010
10000000000010000001000001101010000000101000000101000000100000000000010000000100010000000000000
00100000001001001000100000000000010110000010011000000000000001101011101011000000000000000010000
00000001000011010000000000010000001011010101000000001100100000111100101001000000001000001110001
11001001001000100000000000010000001000000000000000000000011000000010001001000000000000000000000
00000000000010000100000000000001000100000000010000000000000110000001001001000100100000000111100
00000010000000100100000100000000000010000000000110100100001010100101100010000010000011000100001
01000000000000000100000101000010001000000011000000000000000000010001000000010000011000100100101
10000000100000000000000001011000000000101100010010000000000000000100010010000010110000000000000
01000000101000000000100000000000100101001000111000100100100000000010000000001000000000000000010
00010010010000000000000101000010100000000101000000001000000000100000010100000101000100000100001
00110010100000110011010010000010000000101010010010001010001000000000000010001000001011100000000
01001010000001000000101000010000000000000010000100100000110000000010000000000001000010100000010
01000011010000010010000000000000100011000010000100000111000001000000000000000010001000000000000
00000000000001010000000010000000110000010001101000000000001000101000100000010000110000000100000
10001000001110000000000000101010100011110000100000000000010001011001000000000000100000001000001
00001010001000000001100010000001100010100000110000100000001001000101001000000010100000000000000
01010000000010100010000000000000010100000100000100000000000000000000100000000001000010000001000
00000001010000000100000000000000000100100010100011000001000011000000000000000001100000000010010
01001001000000000000000100001000000000010100001000000100011000000000101010110000000010000100000
00010000101000000000000000000010000001100001110100000001000000000000000000010000000100000000100
00010110110000000001100000010001100111000001001100001010010000001001000000010001000000000100010
01000000000001001001010000000000000000000000001000001000001010000010001100100000100000100000000
00010000011000010000000000101000100000000100000000000100100010011000000000000101100100000000010
01000000000000000000011001110101100000010000000000000000001000000000010001000101100000010010000
01000000001100000010000111000000000100000000000010100000000000100000000000101100010000000011100
00100000100001101000001010000000000001001101100101100010000000010000110000000010000100000011101
00100000000000101000000100000000000100000110010000000010010000000000100101001000000110000100100
00010110001010101010000100000001000100000001000000000100000010000100000000100000000100000001100
00000000001010000010110000000000000000000010000100010100100001001010000000010010010000000001101
10010110001010000000000000000000100100000000000000100000100010010100010000000000100000100010000
01110000000000000010110000001000100000001010000000001000100000000001010000001100000000010100100
00010000000001001110000001001000000000000000010000000010010010001100111000000000000000010000010
00011000000001000010000000000000100010000100000000000100011100000000001000000001100000011010001
01101000000101111000000000000001000001010001001100001100001010000001000000000100110000000101011
00000000000100000010100000011100000000100000001010000000000111000000000010101010000000000000010
10010100001001101000101000000000001010001100000011001001000011000000110000000010000000000011000
01100101001000011000010001100100010001000000000000001000000000010000000000011000000010000000100
10101011001001001001000000001000000011000000000100010001001101000000010000100000000000001000001
01011000110000100000100101000000000010000000010000010011000000000000010010010110010000000011000
01001000100110000101100010000000000000010100000000000100001010000000000101000001101001000000000
01110010000000000110001001000110100000000000100000001001000010000001000100100100000001100100000
00100000000001001000111110100000010000000000000100000000100100010100001100000011000000000000100
00000110000110000100000010001100100000010000101000011010000011010100000000010000000000110000000
00000001010010001000000011000000101110100000000000010000010100000111000000000010001100100000101
00000011001000000100001000000100100001000000000000110100011111000000000000000010001000000100000
00011010010000001000010001010000000000000100001001010001000000000010000000000000000001100001001
00010000110000000100100001001001000000000001001010010001100110000100000001110110110010000010000
10100111000000000001010000000100000000000000000010111000000010000100000000000000001000100000110
10010011000000100000000000000101001000001000010110001001000100000000010000000001100000000000000
00101000100000100110000100000000100101000000100100010010000000001011101100000001010000001000010
00000110000000000000000011000010010000000001100000010001111010100100000000011001010000100010100
10000000100000001000000110000001001100101000000000000000000000000100010000100100000100100000000
01000000000000000100000000000101000100001001000000000000100100000000011001001010100010001100100
00000110000000001100110000100000101000011010100110100000000100000001000011000100000000000010010
00001010011111101100000101000000100000000001000000001100100100000000000001000000100000000010010
00000000000000110000000101001000001000101010000000000000001000000001000001000000000100000001100
79 5
13 90
