95 95
00000000000100000000000100000000010000001001010100001001001010000010000000001000001000101000000
00000010100011100000010000000000010001010000000000110000000000000100000000000000000000000010000
00100000000000000000000111000000100010000100001000001000000000000001011000000000000010001000000
01000000100100000000000000000000000001000001000000100000000100001000000000000010000000000000000
10100011010000000010100000010001000000100000001000010000000001010000101000000000000101100000010
00010000000000000000000000000000110000000011000000100001000001000000000000000010100010000000001
00000010000100100000000100001000000010000100000000100000001010000000000000010000100000000001100
00000100000010010011000100100000010000000100000100000000000100000100000001000000000010000000000
00000000001010000000000000001000000000010100001001000000001110011100000000100100000000001000000
00001001100000000000001000000000000010001110000000000000001000000000010011010100010000100000101
00000010000000000000000000000000001000100010000110000010000000000000100001000000001000100000010
00001110011011001010000000000000000100010010100000000000000000000000000111001000000000000000010
00100000000001001010000000000000000000100000000000100110100000000100000101100100100000001000000
11010000000000100000000100110000000000000000001001000000000000000000001000001001000000000000000
01100000110100001000000000100000000010000000001000000000100000000001000000100100100101100010001
00000001000000000000000010000000000000000100010011000011100000000000010100011000011000000000000
00000000000001001100000000000010010100001101000001000100010000000000000000001001010000100001000
00000000010000000010110001000000101000101000000010001010100010001001000010000100000000000000000
00000000000110001010000000011000000000101100000000000000010100000000110000100010100010000000000
00101001000010000000000100000100010000000000000000000000100000000000000001000001100000000100000
00000010000000000110000101000101000000010001000000000001000100000001010100000001000000001000000
00000000000000011000000000001000100000000001000000010000010000000000000000100000111000101100010
00000000000000000101000000001000100010100100010000000000100100000100000000000000000100010000100
00000000001000000011101000100010000000000010000000000010000010000001010000001000001000000000000
00000000000100001010000000000000100100000000000010000001010000000101000010000001001000001000000
00000001000000000000000000100100000001000001000100010000000000010010000000100010000000101010000
11000101001000001000000000000010000000000000000000000001000010010000010100000000000000000000000
00010000000101000000000000000000010100000110000001000000100110000100000000010100001000000000000
00000000000000000110000000000000000100000000000000000010000000000010000110000000010000000010100
10000000010011100000101010110001010000001000000100001000101000000100010000000011000000000100000
00001010001000010000000110000000000000000000000000001100010000010000000000100000000100000110001
00000000110000000000100010010010000001100000000100000110000011000000000000000000010000000100000
00000000000000000000000001000000100000000000000000000000011000000100000000110000000000000010001
00100000001000000000000001001000101000100000010000010000010000000100100000000000000010000000000
10001000000000000001000000000001000010000000001000100000000000001000000000000000001000000000000
00001000010000000000100000000010010000000010000100000100000000000010000000100101100100010000001
10000000000000000000000100010000000000000000010000000000010100000000000000011000010011110000001
00000000000000000100000000000000010000010000000000010000000100000000000000000010100010000000000
01000000100000001000000001000001000100000100100100000100000000100000000000000100000110010010000
01000000001000101000000010001000100000001001000000000100000001011000000001100000000000000000100
00010000000010001010000010100000000100100000000000000000010000000001000000000000000100001000010
01000000100000000010010010000100000000000000000100000000000010001000000001010000010000000001010
10100000000000000001100000011000000100000000000001000100000000000000000000001001011100110101010
00000000100101000000100000000000100000000001101000000100000100001000000000000000001000100000000
00100000000100000000000100101100010010000000000001000001000000100000000000000000011100000000010
01000100000010011000000000000000000000000000100000000000001000000000000100000110100110000001010
00000010100010100010010010101000000000100001100010000110101000000101001010100010001100000010000
00000000010000000000010000000000100000000000000000000001000000000000010000000000000000000000010
00001100010000000000100010000000000010000100100000110010100000000000000100000000000001000000000
00100000010100110001001000000001000000000000000001000000001000000010000000000000000010100000010
10000000000010000000000000100100010000000000000100000000101000000000011000000101000001000001010
00000010000001000010100000100000000001000000001101000000000000100010000100010000000100000000000
00100000010000000001101001000100000100000000010001000110000000001000000010000000000100000010000
10000000110000000000101000101000000000000100100000100000000000000100001100000100101010101000010
01000100000001010001000000000000001000000000000000000001000000000000001000110001101000000000100
01110000000000000000000000000010000000001010000000011001000010000110010100001001000100000000000
00100000101000100000000000100000000010000001100000000010000000100010010100000000010000000101001
00000001001111000100000000100001001000011000000000000000000000000000000000000101001101000010000
00000000000001000000000110100000010000100000000010000000000100000010000000000010010000010000000
00000000000001000000000000001000000100000000000000000000000000010011000000000001000000010000000
00000000000100011100000000001000100000010000000101000010100000010000000010000011000010001001010
00100000100100001000010100000000000000000000001011010100000000000010000100000100000000000000010
01100100000000001000000001000000000100000000000100010000000101000101001000000010100000000000000
10000001000000000000100110000000000001010101000000000000100000001010011000010000000000011000000
00000000000000000000000000010000000000000001000010000010000000001000000000000000000000001000000
00000001000100001000101000100000000001000001010011000000000000100001000000001001011010100000010
10010000000010001100000010000101000000100000001110000000000000100000000000100001000001000000000
01000100000000000000000000000100000001010000100000000001100000100000000000100001000100000000000
01010000101101000000000000000010110000000001000000010001100010000001001000010100100111100000000
10010010000100000010000010000001000010000001000010011100010000000110100100000000000000000100100
00001000101000000000101000110000000001000000000000000000001000000110000000001010000000000100000
01000100001000000001000000100000010100010110001100000000000010000010000000000000011010000010000
01000001000000101100000000000000100000000100010001001000100000000001000000010001000000000000000
00010000000000001100101000000000100100000100000000110000000000000000000000001100010000000000101
00001100000000000001000010000100100000000110000101011001100000001000000000100000110100000000010
01000000000000000000000001000001000000000110000000010000000010000000100000001001010010110100000
00100000000000000110010100000000010000000000001000010000000001010010000000000000010000001000000
10000100110010000000000000001000100000010000100000100000000011000000000000000000001101000000000
11000100001000010000010000000100000000010000000000000000000000000000000000100000000000000001000
00000010001010000100000100010000110000000011100000100000000001000001110000000000000000000000100
00000000010000000100011011000001000000000000000000100000000100000100000010010000000000010000110
00000010100000000010000000011001000000000000001000000000100010100000000010000000010000000000011
00000100000000000000100000000001100001000001000000000000000010000001000010010000110010100000000
01000000000000010000000100001100000000000000000000010000000000010010001000000010000000100000000
00000000000000000000000000010010100000000001000000100000000000000000000000000000100000100010010
00000001100000000110000100010000000000000000000000000001000010000100000100000010000000000001000
01010000000000000000000000100010000100000000000001001100010001100001000010000000000000011010000
10100000100100000001000100000110000000010010000000000000000110100010001000100001000000000000000
00010000000000100000001000000000100100000000000000000001000010001000001001001010000000010000101
10000010100000001000100000001000000100000000001000000000100101000100000000100000000000100100000
00100010100001000000001000001111000010000100001100000000000000000001000000000000100000100011100
00100000011000100000000000000001100100000000000000101000001010001000000000001000000000001000000
00010000000000000000000000010000000100000001001010001000000000000001000000000000001000000010000
01110000100000001000000110000000000000011000000000000100010000000010100000100000000000001000000
00010010000000000000100000001011000000000001000000010001000000000100000000001010000000000010000
0 0
94 94
