96 96
000000010000001100100000000110000000000100000000000100000100100000000000000000000100010010100000
010000000000100000101000000000001000100000100000000101000000100000000000000000100001000000000001
000000000010000001010000000000000010000000010001000000010000001000000000100001110000010000000000
001011000000100000000100001010000101000100000000000000000000000001000100000110000000000000001101
001000001100000000000000000000100000010010010100010000100000000100000010010000000000000000000001
000000000000000001000010000100000000000010000000000000010001000000000001000000000000010101000000
110000000001000000001000000100000001000000000000010001000000000001010000000000100000000000000000
100000000100000010000000000000000000001001100100011000100000000100100000000000001000010000110000
000000010001000000010011000000000011000000000000000000000000010110000001000010111000011000000000
100001001100000000000000001000000101000100000010100101000000000010100000010010110000000000000110
011000000001000000000000000100000011000000000010010100010000001100100011010010000100000001000100
001000001000000100000100000000001001100000100000000000000101000000100000000000000000000000000000
000000000000010001000000000010000100000010000000010101000000001010000000000000010100000000000000
000000010000000000000001100000001000000000000000000000000001000000001010000000001000010000000000
000010100010100100010000000001010001000000000000101000000010000000001000000000000000010000000000
000000010000000000000000000000000001000000000000000001010001100100000000000110001000010010000010
000000000010000010000000100001001000000000010101000001110000100100000100000010000001100000000010
101000000000000001001000000010001010101000100000000100000000000100001000000000000000000000000000
100000100010000000000010000001010000000011110000000000000010000100000010000000000000010000001000
000100100000000000000000000101000000000000001000000000000001000000000000011000000000010010011000
000001000000010000000000001010000001000000010000000010000000000000000000000000000000000100101000
000100001000000100000010000000100000000000000000001000000000010000000000000001011000000000001000
000010000001000100000000100000101000011001010011000000000001000000010000010010000000000000100010
000000000000000000100001000000001000000000010000001100100010000001000100000000010010001010000111
000000101000000000001000000000000000000001010000000000000010001000101000000000000000000000000000
000001100010110110000000000000000000001000100000010000000010100000010001000000001010000000001000
000000000100010000000000000000000100000000100000000101000000100001100000000000000000000001000001
000001000000000001000010000001010000000000100000000000000000000010100000000000000000100000100011
010000000000110001001000000000000001101100000010010001010000000000001010000010001000000001100000
000100000000000100100000010010001000000000000100000000000000000001000000000101001001010000000000
000000000000000000001000111000000000001001000000000000011010010001000100000101010010000001100100
000000100000000000000100101000010000001010010000010100000110100000001101100001000000000000000011
010000000000100100010000000000000010000000000001000000010000001000000000100000010000100000000000
000000000000010000000000000010001000001000010000100010000000000000000010000001000010000010000000
010011001000100010010000010000000001000000100000000001000000000000000000000100001000000000000100
010000000010100000000000000000000000100100000010000001000001000001000000000000000010000001010000
100000000101100001000100000000000000100000000000000000010100000000100000011000101000000010000000
000000000000001000000000010011000000010101000010000000100001000001001100000001000000000100000100
000010000000000000000000001000000000111000010010000101000000010000000000100000000000000000110000
000000000000000100001000000000001000000001000000000000000010000010101010000100010000000000000011
100000000000010000000000010000001000010001000101100100001000000011000000000001000010000000000000
000000010010100000000000101000001000000000000010010101000000000000000000000000011000000100000000
001000000000010000110000000001100000000100000100000000000000000110000000000110010000000100000011
100000010000001000001000100000000000111000001000000000100001000000000000001000100000000000000011
100100000001000000100001000000010001011001010000001000010000000010100000000100000001000000000001
010100000000000000000000010000000000000000001101010000100000000000000000000000100000000010000001
000000001000000000000001101000100000001000000100100000000000100000000000100000000001001010000000
010010000000000000000000010000001101001000010000001001000000000010000000100000001000010000000000
000010010000001000000000010000000000100000000000010100010100000000000001010100000000000000000000
000100000000000101100000000000000100010000101100000000001000000010010100000000100000000000000000
000000001001000000000001000000010011100000000001000000000000000010100101000100000000100100000000
001010011000001000000100000000000010000000000000000000000010010000100000000110100010000000100000
000001000000011010100001001011000000100000010000000000001000000001010000000000000000000010000010
000000000011000000010011100000100100001001010000000000000000010000000000000000001010000100000000
000100010000000000000000001000000100010000000001000000000010000100100010000010000000000010001000
010010010101100000000000000000001010000000000000001000101000000000000001101000000000001000001000
000000001000000000000000000110000000000000000000100000100100100010001000100000001000100000000000
000000000000000010000000001010000010001000000000000000100100000100000010000001000000000000000001
010000000000000000000000000000000001100000000000001101000010000000001000000010000000110010000000
000000100000101010001000010000000000010001000100010000000000000010000100000000000000100100000000
000000000000000000010000000100000000000000011000001000000010000000000010000000010001000000000001
000100000100100000000010000000101010000000001000000000100100000001001000000000101001000000000000
010000000000100011000000000000000000110000000000000000000001010000001001000000000000001001111000
000000001010000000000001000100110100000100000000000001110010000000000100000000000001010000000001
000000011010010100001001011000000000000010000001000000001000000100000000000000000000001000000000
010010000010000000000100000000000000000000010010000000000100001100100000001000000000000011000100
000000000000000000000000000000000000100000001000100100001100000000100000000000000110000010001011
000000100000011001001000010000010000000000110000000100000010000001010000001000000000000010110000
000000001001001000001000000001100000000000010000010001100001000001010100000010000100000000000000
000000001000000010001000000000000100000000000001010000000000101010000001000000000000000100100100
010000000000000010000110000101000000000000000011000000000000001000010000000010100011000000000000
000000010000100000000000001000000001000010000000000010100000110001000001000010100000110010000000
000100000010000001000000100000100000000000000000000001010001000101000000001000000000100110010000
010100101000010001001000100100000000000000000000110100000000000000000000010000001000000000000000
001000000000000001000000000001000001001011010010010000000001110000000100000000000001000000100010
010011000001000000000001000000010000000000000000001101000001000111010010000001000000000000000100
000100100000001000000000000000100000100000000001010001100000000101001001100000100011000000001000
101010010000000000000010000001000100010001010000010000110000000000011001000000000000110100000000
001000001000000000010001000000000100000001000100001000000010001000000010000010000000000001000000
001011000000000011000100000000111000010000100100001100010000000000100110000000010000000011000010
000000000000000010001010100000000000100000001000010000110000000010000000000001000010000000000000
000001001000001000000001010010000000100000000000000100001100100000000000000010100000000001000001
000000010000000100000000100000010000000011111100001101011000100000001100000000100000001000000100
000100010011100000000101000000011100001000010000000000100100000001000101100000000001010000101000
000100001000101000010000011110010001000100011000000000110000000000000010000000001000010000000000
010110000000011000000000001000001000000010000000010010000000000010001000000000000000000100000010
000001000000100110000000000000100000000000001000010101100000000000010000000000000000000000000000
000000010010000010000000000010000011110010100100000000000100000000001000000000000000001100010000
000000000000100001000000000000000001000000100000110000001000011000000000001100010000001010010001
100110100000000000100011010101001000001000000000000010010000110001110000000000001000100000000000
000000000000001000000010100010000000000000100000000100100000000000000010100000000000000000000000
000000001000000000000101000000000000100000000000100001001000000010000010000010000000101000000000
100011000000000101010100100001110100001000001100000000000010100000100100001110000001000100000010
000000001000000001100000000010000000010000000001011000010000001100000000000000010000000100100101
010000000010010000000011001001000101001010000000001000000000010000000000010101010010000100100000
001001000001000001010001000010100000000100000000001010000011000000000000000000000000000000000000
0 0
95 95
