91 96
100100000010000100000001001000000000100110011000001000000000000010000010001000000000100000000100
000000000010000000100100000110001000000000000000000000010000001000110000000100100010001000000010
010001111010100001011001000010010010010100110000011101000101000000000010010000101101100010010000
000000000000010000110000000100000000101000100010101000100000100010000000000100100000000000000001
000000000001000100100000100000000000000000010100000011000010010000101100000000100101000001010001
000000000000000001000100000000100001000000100001110000111000000001100000000001010000110010110100
000010001100110100000000001000000000000000010110000100110000000000100100101000000000000000101000
100000110000000001000010001000001001000001001000010001001000000000000000100000001000000000001100
001000011101000010100010000000000100110000000000001001000000000000000100010000000000000100000001
010010000000011000001111001010000000000000000000001000001000100000000000000000000000000000100010
001000010001000000110010001010100000000000000000101000101010000010001001000000010000010010000001
000100000000000000010000001000000001000110000000100000000010000010000000000100100000000010000001
000000000010001100000010000000000011001010010000001100000000000000000001000000001001100010010000
001000000001011001001100000000100000000101000000100100100100001100001000000101010000000000001100
000100000000100000000000000001000000110000000000000001000100000000000000000000000000000000010000
110000001011000000000100000000000000010000100000000000000110000000000110000000000101101000010001
100000011000000000000000000110000010000010000000001001000010000000000000100001000010010000001001
000000000010001010100000000000100000100111000101000100000000000001000000001000100000000001100000
010100100100000010010000000000001010010001000010001010001000100000001010010000010110011000000100
000000000100010010010001010000000100001100100010100100000101000000000010010001100010000000000001
000101000011100000000000000000000000010010001000010001000010000000010100001000000010000000000000
010001000010011000001101000010001000000000101110011000000100010100000101000000000110000001010000
100001000000000100001000000000010000000001000100100100000000000100010001100010000000000000000101
000000001100110000000000001001000001100001001000000001000001000001000000000110011000001000100110
100000000101000101000100000100010000110000000100110001001000101000000000100000000000100000001000
011110000100000000110000100110100011000000000000000001010001000010000110000011010000100100000001
111000001000001000000000001000010001000100000000000000000100000000000010001000000110000000000001
000100001000010000100010100001000010000001010010000000000000010101000001110001001001001000000001
000000000000010001001000000001110000011010010000000000000001000000001100000000010101000000000000
000000100000001000000000010000001010000000000000100110000000000001010000100000000001000000000100
000000000100000000101000010000010010001010001100000000000001000100000001100010000101000010000000
000000000110000100000000101100001100100000000001001010100000000010010000000001000000100000001000
011110010000100000000111010010000001010000101001000100000000100000000000000001001000000010100000
101010000000000010000100001000001000000100000010000000010100000000000000100000000000001011100000
001000111001100010000100000000000000010000000000100100000000000000000000100000000010000000000000
010010110000010000000001000000100001000000101000000000001100000010100000010111100000001000001010
000000001001000000011001010000000101000110000001100000010000000000110010001010001000000100001000
100010001000000000100000010000111000011100100010000000000010000100000001000001010000001000000100
000100000000001010000100100010000100000010010100001110000000000011001010000000000000010001000100
010001001000001000100000100000000000111100001000001000001010110010000011101001000000000010000001
100100101001000000000001000000001010001010100000010000000000000001100000000011000001000100000000
001001010100100010100000000000001000110010010010100100001110010100010000000000100010000100000001
001100000110000000000000000100011000000010010000010010000001000000000000001110000100010010000111
000000000111000100000100100010000000001000110000000000010000111000000011000000010110110010000000
001000000000000000000000100100100110001000010100000000000010000010001000000001000000000000110000
000000001001000000100100001000100000100000100010010001000000000000010010000000001001010100000001
010000001000000000000100000100000001100010000000101000100010001000101000100000001010000000000100
000000000000101010000000001000001100010000010000000100000000010101000001001000000011000011001000
000000000101100001000000111010001000000001001000100000000000010010000100000101100000000000000001
000000010001000000000010000000001100100001000000000001010000000010101000001001100110100101001000
100100000000011011111100000101000000110010000000100010010100011110001000010100000100011000000000
110010000000000000101000000100000000000000100011010000000010100000000000000000001000000011000000
001010001000010011000000000100000010100000000010001100000000010010001010010010000001001000100001
000000000101001000010010000001001000001000010000001000000011100000000010010000100000001100100010
101000001000000100101000001000000100001101010010010011000000000010000000100001000010000010000000
000000100110000100000001000001000000000000100110001000100100001000000000010100001000100000001000
010000000011000001010100010001011001100100000000001000000101000110101000000001000000000001000001
000000001001000000100000000000000100010000000010010000000000010000100000001110010000101000011001
100000100100000010000000000000000000000110000001001011110100000010110010000001101001100000000000
000000000000001100000000000000010010001001010000001000010000010000000001110000010000000000000000
011001010010000000010000000000100000100100000000100000110100000000000000010001000000010100000000
000000000100000000000000000000101010000000000010100001010000000100000100011000000000100100000010
000000100000011000000000000001001101000000010000010000000000010001000110000100100000011100000000
000100100100010000100000001101000010000110001100001000010110100001001000010000001000000000101100
001001010001000010010110000001000000000000000000001000000000010010000000100000000100000010000000
110011000001000000100101000010100000000110010000000010100010101100010000000000101111000000000000
000000000000110000000000101000010000000110010111010000001000010000000001100101000010000001100100
001100000110100001100000000010100000000000001100100010000110100100000000000001110010100000000001
110000000000101000011100100000100101000001000010010010000100000000000000000101010000001101000110
010101010000000000000100000000110010000010010000110000000000000011011000000000101001001000000000
000010111010100000010000100001000000010000000000001100000010011000110100010011000000000001000100
000000000000010000000011000000000000000001000001000100000100110000101000000100000010000000100001
000000000010001010000000001000000000100100100010000100000000010000010001000000000010010110010110
000010000010000000000000000010000110000000110000111101100001110000000100000101000000000010011000
001000010000000010100000000000101010001011000000000100100001100000101000000000100001000000000100
001100000000000011100000000100000110100010010100001110100000001000010010100010100000011000010100
000100001000010000000000000100010000000000101010100001100100000101000000000100010010000101000110
000000010001000000010011001010110101000010000000000010000101000000000000000110001000000000000000
000010010100000100101000000000000001000001000010110000100100000000000100000100000001001001000001
000000000010010010000000110000000010000010000000000100000000010000000001001010000000001000010000
100100110110010010000000000000100010000001000000000100100001000000000011000001000010000001000000
000000000000000000100110000100000000010000000000000011010110000110000000110000010000010010001100
010000000000000100000011001000000000100000001000000000000001001110000000110110100000010000001010
000000001000001000001000000000100010000010100000001000000000000000000000000100000110000000100010
100000011000100001000000010010000000000100010000001001000000110011001000011100010000000000100100
000010100000000100000010010001000001000100000101000000100001001100001101000000110010000000001000
000000010100000110000111000000000000001000000000000110000100001000010100001000100000000001100100
000001000000011000001000100000000000011000100000000000000000000001010001000000010000000000110000
000000000010000100001001000000010010000001000100000111100010000010001000000000000010100010000000
011000000000001000001000000001000000000000001000001001000000000010001001000000100110010010000000
000010000000010001110110010110000011000000100000001000000000010011010000000100100000000000000001
25 43
81 90
