92 97
0000000001010000100000010000100000000000010010000000001100000000000001000000000000000110100110010
1010000000000011100001000000011100000100000001000000000010000000010000001000000100001000110001000
0010110000000000100000010000001010010001001000001101110000000000000000001000000000000000110000000
0100000000000001100000100100011000100000100001110011001000100100000000110000000000010010000000110
0000101100000111010000000000000100010001001000001000010000100000000000001000010000010000010000010
1100101000000001100001000000000100000000000000000000011010100000001010000100000110010010000010000
1000010000000000100001000100100000010000000000000000110001000000001000000000100001010011100000000
1010100010000100100001000000000000000000000000000001000001100001001000000000000010010000000101001
0100010010000000100000000000000010000001010000000011100000000000000000010001000001110010000000000
0000001001000001000000101010000000000000000000010000000000000100000000000100000010000000100010000
0000110000000000000000000000100001000010100000010000010010000000000010000100010000001000101000100
0000000110010000001010001100000010000000000101000000000000000000001000110000010010000000000000100
0101100100100011010010010010000000000000000000000000000010000100010000100100001101000010001111001
0000100101100001000000010000000000000000000000000010100001100000010100010010000101111001100000000
0100100010100000000111001000000001100000010000000000000011010000001000000100001010011010000010000
0011000000100001100000000010000000000000000000001100100000100000011010110001010100110000111001010
0000001001001000001100010000000010100000000000000000000000010101100000000000000000010000000100101
0000001000110001010000001000010000110011000000000000100000000001010001000110001000000010000100010
0000000000101000100000000000010000100000000110000000100100000000100111010001100000000100011000000
1010100000110000101000010001001001000001000000100000000000001000001000001010010110101101010000000
0010001000101101010100000001100001011000000000000001001100000000101000000000010000000011000000000
1100100000000011000000001000010011000000001000010000001100000000110000010010000001000000000100000
1001001000100001000010000000000001001010000000110000010001001001000000000000000000001001000000011
0000110100001100010110010001000000100000000001000000000000100001110000010000000000000100000100100
0011000000010010000000011010001000000000110000001011001011100110001000001000000010000000100010000
0000000001100001010000010000010000000000011000000000000101100000000000001111110001000011000000000
1010100001011010000001000100000010000010010011001000010001100100001000110000000000001000001011000
0000000001000100100101000000000000000010000001000001000010010110000000001010000000001000001000100
1010000000010110101000001010000000001000100110101000000000000000000000101000011000011000000000010
1001001100000001000010100000000000010000010110000000010110000000000000100000000001000000000000100
0000010000000010000000000011000000000001000001010001000010001000000010000100000000010000001010100
1000010010000000000000100000000000100000100010000000010000000010000000100010001000000000000000010
0000000100000100001101010000100010001000110100000000010001000010000000000001000000001000001111100
0000100000100000100000001010000001010000001000000100001010001000100000001001001010110000000110001
0100001000001000100000000000100010100010001100001000010000000010001000000100000000000000000000000
0000000101000000000000000000000001110000001101000000001000110000000010001000010000000101000000000
0000000000000010000000000001000001010000010110000101100001100000000000001000010000000000100000111
0000000000100100000000000000001101010001100010000000000001000010000000100000010100000001100001010
1000000000010000000001000000001010000100001001111100000011010000101000000000000000000000010000000
0000000000100010000000000001000100100001001000000100000000001000000010010000100001001011000001100
0000000000000001000010001000011100001000000101101000011010010000001000010010000001000011000100010
0001000010100100000000100000100010100001000000100000000000000010000000001000100101100001000010000
0000001000000000100000000010010001000000000001010010000001000000000100000000100000000010000001100
0011101000001000000010001000000001000011000000100000000111000000100100000010100010010000000000011
1000000000101000100001001010001000100000100000010000001000000100001000000000000001010000111110100
0000000010001000000001000001010000000001000001000001001000000000000111101001010000001000000000101
0000001010000100000000000000001000000000110100000110000010000001001001000000101011000000100100001
0110100101000010000101000000000000001100000110001000000000000001000000010000000000101100010101001
0001000000000010000001100101000000000000010010000100000000000000001000000011000000000100000100011
0000000000000001100111001000010001000010100000100010010000010000000010011000000100000000011010000
0000000010000000001001100001000001100000000100110010000000110000100101100010100010000100100000100
1010001000000000010100100001001010100010000000101000000110000000110000100010100110010000000000000
1000010000110000001000100011001001100000000011100000000010000001000000101000110100010100100010001
0000000100100000011110010000101000000010001000000001000011011100110000000010010000001010010011000
1000000000011000001000100010000000010000000010010100010000100000000100000000000000000000000000100
1000000011000010100100000000000101000000010100000000010000100000000000100000100001000000000000000
0010000001100000010000000100010000000000000000100000000000001000000001110001010000100100000100110
1000001000000000001011000010100000100010000011000100011100000010000000000000001000000000100000100
0010100001101000100000000001000000000000000001011100100100000000000000001100101000000000001010010
0000100000000100001000000010001101001010000001010000000011000000101000011000110001010000010000100
0000010000010000000000000011001000000001010000000000110001100100101010001000100001000000110000000
1000000001001001000001000010000100000100000101001010000010000100000000000000001101000000000100000
0000101001010000000000000000000001000000000000000100000101000000000010000001000010000000000010010
1000100000011000000001000010000000000000010001000000001000000000011000100001010010100010001110000
1000010010000001000000100010000101000100000010000000000010000000000000000001100011000010001100000
0000101011010001001000100001011000011010000000100001100000000100110100100000000000001000100000011
0001000000000010011010000100010001000000001010001010000010000000000011000011000110000001011010001
0000000010000000000000000010000000000100100010100000100001001011001000000001001011000010000000000
0000001000001010000001010000010001100001000001001011001100000000000001001010001100001000000000110
0010000000010010010000000100000000000100111110000010000010000100000011000000000100000000100000000
0000100000101000000010000000000001000100000110001000100000011010000001001000110001000001000000000
1010000000100110000000000100110000000000001000100100010000000001000000110000100000000000001100000
0000100010000000010100000001000000000100000010001010010110000010001000100000000001000001010000000
0100000010000001010000011010010001001000100100000000010100000000001011000001010000100001001100000
1010010000100000010000000000000100000001001100010000011001000010000000000000100000000000000001000
0000101000000100000100000000011100000000000001000000001000000011000000001011000100001000000000101
1001100000000000000000000000000000100100001000000000101000000000000100000000000000000000000100100
0000000000000000001000000001010000000000000000000010000010000101000000100000000010100110000010101
0011010010010000010001010000000001010100001010010000000100000000000000111001010100000000001100000
0000010110000000001001000000000000000000000000001011011010010010101001000000000000001000100000100
0000010000000100000010010010001100110100001100000000011100000001100000000100100000000110000100000
0000001000000000000001000000010011100010000100111010000100001001000000000000101000000100001000010
0100110000000000000101000000000000000000101000110010000000000010100110000000000000001000001100000
0100101010001100000000000000000010010110010100001000000000100000100010001000100010001111011000100
0000100000101010000100110000001000010000001000011000010101000000000000110000000001000010100000001
0000000100100011100001000000111000000000000101000000001010010001000110100010010100100000000110000
0000000001000000001000100000010000000100010000000000010000101100000011000000010010000100000000001
0000000000100010000000100000101100000000000000000000100000000010100010010000000000000010000000101
0010001000110000010000000010000000101010000000000000000000001100010100001000000000000000100000010
0001000001000001000000000100010000011000001001000110100000000110010001001000001000001000101000000
1000001010001100000000000000000000011000000000000000100000001000000011000000100000000100001010001
0000100110001010000011010000100000100000000011000011100010001010010110010001000000000011001000000
60 47
2 7
