97 97
0000000001100000000100000000100000000010000000010100000000010000010000010000010001000001001001000
0000000000000000010000000000001000000000010000011000100110000000001000000000000000000000000000011
0000000100000110000000110000000000000000010000000000010000100000000000000000000000000001010010000
0000000010000000000000000001000000100000000000000000000001000000000000010000000010110000000000011
1001000011010000000001100000000000100001000100000001001000000000000100010101001000000000101000000
0010000000100000001000000000100100001000000000010000000000000000000000000001000010001100000101001
0000100100000000000001011000001000000000000000110000000000001000000000101000110100100100000000010
0000010001000001001110100001100000010110000000000000000001000101000000000001010000100000000000000
0000110000000000100000000100101010000000100000001000000000010010000010000000010001000001000000000
1000100000000000000000000000000000000010100000010000100100000000000000000100001000101000000100001
0010000010000000000000000000101010001000000000010010000000000101001000000000000001010001100000000
1000000001000100000000000000010000000000000000000000000000000000101000000100000000000010000100010
0000000000000011100000001000000100000000010000000010000000100100000000011000001000000000001000000
0000100101000001001000000000100000000100000000000001000000000000000000000110001100000000010000000
0000000001001010000000000000000100001000000000000010000000000010000001000100000000000000011000000
0000000100110000000000000001000010000000000000001011000000100000000010000001000000100010100000000
0000000000010000000000110001010100011001011000000001000000000000001000000010100000000000000110000
0001000000010000000100000000000001001000010000010000000000001011101001110010000010001011000000000
0000000000010001110010100000000000000000100000000001100000001000000000001000001010000001000100000
0001001010100100000000001000000000010010010000000000001000000000010001001011000001100000000010000
0000000000000001000000000000000000000000000000000011000100001010010100000100000000010100000000000
0000000000100000000000001000000000000000000000000000100011000000000000001000000100000000000000001
1000000000000000001000000001110000011000001000001100000000001010000000000000001110000000110000000
0000011100000000000011000000001000010000000000000000000010000000000000011000100000000000010000011
0010000000000101000000001101000100000100000000000101000000000000010001000100000001000000000001100
0001000000000100010010000101000000001000001100000010000010000000000000010010000001000000010000101
0010000001100000011100100011000010000100000000000000000010000010001000000000010010001001000000000
0101000000101010000001010000000010000000001000000000000010110000100000000000000000001100000000000
0001000000000010000100000000000000000000000000000000000000000000000011000000110000000000001000000
0011111000010000000001100010000000000000000000011000010001000001101000000000101000000001000100001
0100000000000000000000000100001010100010100100100010000000000000000000000010000000000000000000000
1010100001000000101010000100000000000000000010000001000000100101001000001001000100010001000000010
0000010000100010000000000000100000000100101100010100000011000000000010010000011000010000010000000
0000000000111000010001000000000000000100100000000010000100000000000000010000000001000110000000010
0000100000001000100000000010000000000000001101010000000000001000000000000000000000100000001000000
0100000100000001000000000000000000000000001000000001000000000100000000000000000000000101000000001
0000000001001000010010000000000000000100110000000000000000100000100100000000100000010100000100100
1000000110000010000000100000000100010000001100100000001000000000000000000010001000000101000000000
0001000000000000000100000000000000000010000000010010000000000000000000000000000010000000000000000
0000000000000001110000000001000000100110010001000000000010000000000000100111000000000000101001000
0010100001000000010000000000001001001010000001000010000010010110001010000000000000100111100000000
0001001000000000010100000000010000000100000110000000000100100000000000001000000000001000010000100
1000000000000000000000000001000000000100000000000000100000010001101000000000010000000000001100000
0010001000000000100000000000000001000000000000000010000100010010000000000010001000000100000100100
0000100000100000100000000000000000010100000001000000111000000000010000000000010100000001000000000
0000000000000000100000000000000000001100001000100100000000000000000100100000010000000000000000000
0000100000000000000000000000000111110000000000000000000000000010010100100010000000000001100010000
0001000001000010000000000000100000010000000010000000000000110101001000010100001100000100000000000
1110100000000001001000010000000010000000000000110101000000001000000010000000001000110010000000001
0000001000000001000010000000011011100010000000010000010000000000100101000000010010000000000000010
1100001000000000000000001000110001000000000000010000000010000010010000000000010000001000000010010
0000000001000001000000000001001100000100000000000000000000000000000100000010000000000101000001000
0010000000001100000000000010010000010100000000000000000000010100000000001000000000100010100100000
0000000000000000000000000000000001000000000010000101011001001000110010000000011000000010000001010
0000100010000000000000110000100101100000100000000000100010110000000010000000000000001000010000000
0000110000000000100100000100000000000010000000000000001000000001000010010001100001000010000000000
1010010000000110000001010000001100100001000000100010000010110000000001000000000000000000000010000
0001011000100000010001000000000001010000000000000010000100000000100000010000000101000000000100010
0100000010010100010000000001010100000000000000000010000100110100100111000000000000001000000000110
0001000000000010000001000000010000010000000000000000000010100000100000010100000000001100010001110
0001011000000000000101100000000000000000000000010100000110000000010010000000000000000000100000000
0000000000100100000000011010000001000010000001000100000010000000100101100001000100001010001100000
0000000000000100000000000000000110000001000111100000000000000000000000100000101000000100010000000
0000100000000001000000001000000100000000000001000101000010000000001000100000000000001000000000001
0000000000000001000010100000100100000100110001001001010000101100001001011001000000010010000000010
0000111000000000011000000000000000000000000100000010011010000001101000000110000000000000000100000
0000100100101000000000000000000000000001100000000000010000101000010001000000000000001000011001000
1010000000000000001000000000000001100000010000000000100100001001000000000000010000000000010100000
0001100010000000000100010000000001010100001110011100000000000011000100000000000000010001000000011
0010000000101000010000000000000000000000000000000001000001101010001000000000100100101000000011000
0000000000000011000000000010010000000000100100000001010100000000000000000001000000000000000000000
0000000010000000000010000100000000000001000000000001001000100000001000000000000100000010000010000
0000000000000000000000000001000000000000000000100000000001000010000000000000000000011000000000000
1000000001001000000000001000000010001000000000110000000100110000000010000000000001010000000000000
0000000000010000000100000000100000000000000000001000010000000000000101100000000000000000100000100
1000100000000000010010001000100001000001010000010000000100000000000000001000101000000010000000000
0000100010010000000100000000000001000010000101000010000000001000000010000000000000000000011000000
0100010000000100000011000100000100000000000100000000000000001000110000000000000010001011000000000
0000010000000000000000100000000000000010100000001000000000001010110000010110000010000001010000000
0000000110000000000101000000011000000100000100000000000000000000010000000000000000000000010100000
0000010100100000010000100100100000100000000001001000100010000000001110000000000111100001010100000
0000000100001100100000010000010100000000000100000000000000000100000000000101100000000000100000000
0000000000001000000000000100000000000000001001100100000001000100000010000000000000100000000000000
0000000000000001000000000000000000010000100100001100000000001001000100000000100000000000000000100
0100000000010000000000000001001000100000100101000100010001001000000000000010001000011000100000000
0000010000000000001100000101010000010010000000010100000001000010010000000010000000000100000000101
0000000000000000100000000010000000000000000000100001000000000010101000100000100000000000100000000
0000011100000000000010000000000010000000000010011010000000000001000010001000010000000101000000000
0000000100000100000000010010001000010000000000000000100000000000000001010011001101100000000010000
0010000001011000000000000000001000000000001001010000010000000000000000001000000100000000110000000
0001101000010001100100000100010000000000001000010000000000100000000000000000000100000000100000000
0000000000000000000000010000100010000000000110000010001000000000000000000001010001000100110000101
0100000010000000000000010000010010000000100100000000100000111000000100000000001110100010000000000
1000000000000100000000100000000000000000000000000001000110000000000010000000000000000000100000000
0000100000000000000000000101001010100010000000000000000010000101000000110000000001010000000000100
0000001000010100110001000000001000000000000000110010010010000010101100000100010001000000000001000
1100000110100000000010000000010000000000100000000100000010100010001100000101100000010101000011000
0 0
96 96
