98 98
00010101000001000011000000000000000100000000010000000100000000100000000000000000000001110100010010
00000000000101000000000000000100001000001000000100100001000000000101001000000100000000000010000010
00000010100000000100000001001000001000000000010010101000110000000000000000000100000101000000000000
10010000001100000001000000001000000000100000000000000001110000100000000000000101000000100000000010
00100000000000001000101010001000000010010000001001000000010000100010001000100001000000001000000011
00010000100000000000000011000000000001000010000011000000000000000010111100000010010100011010010000
00000000000001001000000000010100000000000010000100000000100000010000000000010100001000000000101000
01000000000000000000010000000000000000001001000000000000011000000000000000000010000001001010100001
00001000000000000000000000000000000000000110001000001000110000000000000100000111000100000000010000
00000001000010000000000000000010010000000011100001000000000110100010000000100100010000000010000100
10010111000000000100000001000000000001000000000010000000001010001010010000000000100000100010000001
00000000001000100100010000000000000001110000000001101000010000000010010001000010001000100100000000
00000000010000000000010000010011100000000001010000101000001100000110001010000000000000000010000000
00000000001000000001010001100000000001000000000000001100000100110000100000000001000000000000000000
10000001100000000000101000000111000000001000100000000000101000000000000010000010000000001000001100
00001000000000000001001000000100100000111001000001000000100010000100000100000010010101001000100011
00000100000011000000001010000000100001000000100000001000000010000000110010000000100000000001100010
01000000000000100000001001101010000001000100000010000000000000010100000000000000001000101000000000
00100000000010000001000011000000000011010100000001000000000000110000000000000000001010000011000000
10000000000000000000000001100100100100011100000000000000000001000001000010000000000000000000111000
00010100000000000000000000000000000000011000000000000000000100000001111000000000000011100000000000
10000000000000000000000000000000000000000001001000000000000001100000001000000000001000000000000000
00001000100000010000010100000000100000000000000010011100001000000000111010000001000010000110000000
00000000100000000000000100001010000100010100000000101001100100000010000001000000000100000000000000
01000001000110000000010010000000010000000010000000000000000000000000000110000000000000000001100001
00100000000000000000010000000000000100100000000000000010000100000000010100000000110010010010000000
00001000000100000000000000000000000000000000000100001000000100000011000000100001100100010100000000
00101000001001000101000000000010001100010000000000000001000000000000101100000000001000000000000000
00000000000000001000000000000010100000000000100000000000000010010010000010001001000011001000000000
00000000000010100000000000000000010000101000000100000000100001000000101000000000001010000001010000
00001100100000000000001000001000000000000000011001010000000000010000000000000000100011000000000100
11000001010001000000000100100000010000000000010000000001010000011010000000001100010000000000001010
00000000000100000100000101000000000000000000000000000000001000010000000000100000000110100010001001
10000110000000000000000000000000000000000000000000000001100001000000100010000010010111001100000000
00000000110000000000100010000010000000000011101000000000001000000100100010000000000000000011000000
10000000100011011100000001001100000000000000010000000000000000000000000000100000001001000000000010
00000000000010000110000010000010010101100000001000110000010001000000000000000010010001110000011000
00000010000000010000000000000100100000000110000001000000000000001001000010000000100000000110000000
10000010101000000000000010010100000001000100100000010000000000110000100000001000010000010000010100
00011001001100100100000100000000000000001000000000000000000101010000000000000000000010000000000100
00000000000000000000111000010000000101000010100000000000001010001000000010000100000000000000001000
01001010000000000000100000000000000010001000010000000000100100100000100100000010000001000001010000
00010000000000000100001000011100010000010010000000100000010101000000110100011101000100001000000000
00000000000000001000000001000101000010000100000000010000000110000000000000100001000000000000000100
00000000000011000000000000010000101010010000000101000000001110010000000000000000010000101000000000
00100000000000010000111000000001000000100010000001001000001000010000000110001010100000011000100010
00000000100000100010000010010100000001100100100000010000010000000100000000000000001000000000000000
00001000011000000000000001000000000000000000000000001001000000000000010000110000100001000000100000
00000000000100000000000100100000000001100010000000100001000000101001000000010010000000000010000001
00000000000000000000000000010000010000010000000100000000000100010001000000010101001000000000100100
10000000100000100000000000000000000100000000100000000000000100100100010100000000001001000000000000
00000000100010100100000000000010001000000000001000100000010000000000000000010100000000001011000011
00000000010000000100100000000100000001010000000010000100000000000000000000000111000000000001000001
00000001010100000000000000100010000000000000000100000000000110000001000000000000000011011100010010
00000100000011000001000000100000001001000000000100000110110000100000000000010100000100101000000010
10100000001000100000110100000000001000000000001000001101000000011100011000001100001100000000000000
00000000000100000010010100000100100010000001011000000000010000101000000000000000000000000000000000
00001000000000000000100100001000000000000000101000000000000000000000000000001000000000000000000000
00000100001010001100101000000010000001010000000000000001000101010100000000010000000110010000001000
00010000000100100000010000011010000000000000000010100000001001000001000000100000000010000010000000
00010110000000000111010001100000110000000000001010000001100000010010000000000000000000000000000000
00100000000000010000000000000000000000010010000000000000000001010010100000000011100001010101000110
10001000001000000100000000010000000000000000100010110100000000001100000000000000011010001101010001
10000100000101000010000000001000000000000010000100001010000000000000000000000000000100100000010000
00000000000001000001000000001000000000000000000010000011101000001000000010100000010001001000011000
00001001100100000010000010000100000000010000000000010000000001000001010000000001010000100011001010
00000100000001001000000001000100000000000000100011000100000000100010010000010001100000000000000000
00101010100100000000000000010001001100000000100100000000000000000100100010000011101000000000000000
00000001000000100000000010000000000000110000000000000000000000000000000000010100000000000000000000
00100100001000001000000000001100001000000000000000000001000001000000101010010010000011010000000001
00000000000000000010000000010000000000000000100000001000110000000011000000010000100010010010100010
00100000001001000011000000010000100000000000000000001000000010000000000001000101000000011000100010
00000000000000000000100000000000000000001000000001000100010110010001000001000001000000000111000000
00000001000010001000000010100000000000100000000010000010000000000110000010000000100100000000100001
00001100100000000100000000000110100011000001000001000000000000000000000000000000111100000100000000
00100011111000000010110000100010000000010010000011000000000101000010000000000010100001000000010000
00000000010000000010000010000100000101000000000100000001010000000000100000010000000000010000000100
00010000000010000000000000000000000010000000000000000000000010000000100000000001100000000011100100
00000000010000101000000000000000000100000000010001000000000010010000000000000000000000000000000001
00000000000010010001000000000001001000000010010010000000000100000000010000000011001110000000010010
00010000000111001000000000110000001010000000100000000010100100100110000010001100000010001010100000
00100000000000000101010000000100100100001000000000000000000011000101010000000000010000000111100000
00000000000001001001001000000000000001000000000010100100000000100000001000000100000100100001000000
00011010001001010000001100000000000000000000000001000100001000100000000100010001000100000000011010
00010001010000000000000000001000010000100010001001000010001000001000000000000000010001000000000000
00000000010000000000000100010010000000000000010000100000000010110001100010010000001000100010001011
01000000000000000000001000010000010000000000000000000001000000000000010000000000000000100000001001
00001100000001111000000000010000000000000000100010000000100000000000100111000000000100000100000000
00000000100100100000000000000000000100100000101100010000000001000011000010110000000001000000000000
00000001000010000000000000000000000000000011000100100000000000000000000000000000000001010100000000
00000000101000000000101000000000000100001000000010000010000000000010001000000000010100000000000001
00000010000000100100000100100100100000000001100000001000000000001000000001000000100100110000000000
10000100110000000001000000000001000100000100000000000000000000000000000000110000000010000001000000
00000011000000100001001010001000100000000001011001010000100000000000000000000000000011000001000011
00000010001000000100000000000000010100001000000010011000000000000000001000000011000000000000100010
01010000000000000001000000000110000001010000000000001100000000101000000110000101100000000000000101
00000001000000000000000000000010010000010000000000000000000000000000000010000000100001000011000000
11000000000000000000000000000000010000001000000000100000000000001000000000000000010000000000000000
0 0
97 97
