93 98
00000000000010100001110000001000000100000001100000000001000000000011100000000010000010000000000000
00010000011000000000100010000001000010000010100000000100000101010000000000100000100000010101100100
00000000000000001000011110001110100000111010000000001010000110011000000001100010000010000000000101
01000010010000000000000010010000010000000000110100000000000000110100001000000001010001000010000101
00010100000001000100111100000001010000011110000101000000001000011000010001100000100011000001000100
00110000100000000001101101000010000010101100000000100000000000000000001000000100000000000100000010
11000010000001000100001000000010000010001110000011000000100000000000100000000100001000010010101000
10000000000000000001100001010100000000001011001100000001100000000000011000100010000010100010000001
00000010100000001111000110100000000010010000000000000000000000000000001001100001001101010000000000
01000000001000000000001000001100010000000100010000000000000010100000000000100010100100010101000000
00010010100100110011010001010011100000001001000000110001100100000000000101101000101100000000101110
00001000010000000101000000100011001100000001001000101000010000000000000110000000000010010000001100
00100101100010110000000110011000001000000011000000000001100001000001010000000001011000000100010010
01100000000001011000000000000000001001000000000000000100000001100000000000000000010000000000001000
00100000100110000000000010000001010000000000000100001100000000000001100000000000000000001101000000
01111000000010001000100000010010001000000000000011000001001000110000000000000000011000110101010000
10000010000000100010000000100100110000000000100100010000100000010000000000000000000001000000001001
11100110000000001001000000001000011000000110000001010000000000000000010001000000010000000100100000
00010000101000000101010100001000010100001100100000000100000100010011000010000010001100000100011010
00000000011110001000000000000011001000000000000101001011000100000010100000110001000100000001100001
00000100100001000100100000000100000000100000000000010000001010000000001000001100001001100010000000
00100000100000000100010001000001000000000000000000001110000001000100101000000000000000000000110100
00011000001100000001000100000000010000100001001000100000110001001100000001000000011000000000001000
10000001000000101100100100010110000000000011000000010010000111000000010111100000000000100110000000
00000000110110000000000000000000001010000000001000000000001001000100010000000110000100111000010000
00001000000000000010010000100010001000000101000001010000000001000100000100000001010001000000000000
00000000000001000001000000000000000101000001010100100010100110000000000000000100000000000000000000
01000000101100000000000000000101000000100001000000011000000001001000000001100000000010010001000000
00000000001000010000000101001100100000100001000010000000000000000110010000000000010000000000000000
00100000000000000010010110100010000000100000100000000000000000000000000000000000010000010001100110
01101000000000000001000011001000010000000010000110000010000010010110000100000000000010100010010000
00010001000001101000000100000000100000000000000001000000100010001010000101010000101001100000010000
00000000000010000000000010000000000001010000001100000000000000000011001000001000001000000000000001
10110001000000000000000000010010100000001010110100011011000000100000000100011000000010000010000000
00000110001000000000001010000000110000100000000000000010000010000000001010110000110010001000100100
00100100000000001001100100000000001101001000000110001000100001001100000001000000000011100010000000
00000001010000000000011000000010000000000000000010001010100000000100001101011001000010000010000000
10000000000000000000000010000000000001001000010010010001010010001001001001000010000000000100001010
00000010010100000100110001001000100001000000000000000110000000000000000000100000001010000010000000
00001110000110101001000000000100001000000000110001001101001000010000000000001001001010000100100010
00000000101000000000100000010111010001000000001010000000100100010000000000100000000001100000000010
00001010110000010000000000001010100110000011000101000011010000010110000000100010100000000000000000
00001000100100010000000000001000000000000001000100010010000100000000000100000100001000000100000111
00010000000000010000100000011001000000100100010001100000010010000001000001000000000000100001000001
00110010000010010000100100000000000101000010000000001100000000010101000011100010000100001000000000
00011000110000000000000111000000000100100000000000100000000001100101010100000000000010010101000001
00000101001000000010000000000000101010000000000000100010001010000110000000001001000000000000000000
00000000001000000000000000000100010001000010000000100001001010001000011111000010001000000001000001
00000011010000000100000000100001001001100000110101000000110011000010010000000000000000101010000000
11000000000000000000101010001000000001000100000001100110000100000001000000000100001001000000011000
00000000000000000100000001010011000000100001000000000100000000000101000100000001000000010000001100
00000000000000000010010000001001011000010000010000001101100100011000011101010000011000000000000000
00010100010000010000010010101100100000011100000101110000100000000001000001000000110000010000001000
01000000000100000000001001000000110000000010010111110010000011000001101001100000101000110101100000
01001000110000000000000000100001100000000000000010000000000000000000000000001100000000001000000010
01100000101010000000000000010100000100000001100000000000000000001010001010011000000010010000000000
10000001000000000000000000000000000000000000100010000000010100000000100000000000001100001000000000
00000001000000100000000000010100100000000000000000000000000100000000000100001000000000000100010010
10001001000000000100101100100000100001000100000100010110010110010100001100010000000000000000000010
00000100110000000000000100110000010100101010100010010011110010000001000010111000000001000000000000
00000000000000100011110000000000000000011001000000101010001001110000100000010010000100010000000000
00101100000000010000011000010100000000000010000000100010000000110000100001001100000010001000000000
10001000110100000101110000000001000100001011000100100000100000010000000100000100100001010100010000
00011000000000000001000000000000001001001110000000000100000010000010000000000000000000100010001000
00011100000011110011011000000010001000100000000000010100101011000000000100010000100000000000000001
10000000010000000010000000100000000100000110100000100100100100000010100011100010100000000000000000
00000000000110001001011000101010000001000010000000011000001100000000010110100000000000000001000000
00000000000100101000001001100000010001100000001000001000100000000111000001011010001001000001100000
00000000001000001110010001010000001011111001100000001100010001000000000000000000000010000000100010
00011100000010110100110001001000000000010000010000010001000011100111010000000110000000010000101000
00000000000010001100001101000000000001100000001100010001110000000000000010011001000000100111000000
01100101100101000000000001000001000000000000100000000000000010001101001000001000001000100110000000
00100100110000000000000000001000000011010000000000010001000000100000001101000011000000001000001000
00000000010000010000000001010101000000010011010110100000001100000010000000100001000000100000000000
00000000100000000000000001001000100000000010000000000000010000000000110100000010001000001001000100
00001010000010000010101001000000100000000001000100000000101000110001000000000110000000000000001010
00001000000000010110000000100000001100000010000000000000001100000000001000001001000000001000000000
00000001000100010010101000001100001000000000010001010110000000101000010000000000000000000000011010
00000000000110111001010001010000001010000000011000000001000011000001010000000000000000001110000001
01000001011111000100000000001000010001000000000011000001000000000010000000100100000100000000001010
10110000010000001110000000001000010001010011100101000000000000000010000010000000100000010010001000
00000011000000001000000000000100000001000001010010100000001000000000010100001011100000000010100100
00000100010000000000000001000000000000000100000000000011000000001010001011000010000000001000001000
00001000000100000000000000000000000000111000000100101110010010000000010000000010010000001110100001
00000000001010000001110010100010111000000000000000000000111100100000000001100010010001001001000000
00110000100111000000000001000100100000101000110000001110001000010001001100000001000010001010000000
00000000100001000000000100100100000000000000101000000010100000000010001110010010100010000100010010
10000001000001100101000011010010000010010000000000000000000110000001110100000000001010000010000000
00000000000000000000001000000000001000000100010000110000100000101010100101000000001010000000011100
10000000000000001000010010000000010000000000010000010000000111000000010000000100010100100000100100
01010101000000000001000010000000000000001000100101100000000000100000100000000010100000000000001100
00010000101010000101000000101000010100100100000000100000001000100000100100000001001000100011001000
10100010001001000000000100101000010001000000011000100000101000000100010011010001000010000000000000
29 32
88 86
