99 99
000000000000000000001100000001000100010000000000100010000010000010100000000000010010001100000000001
000110000001100000000011011000010000000000001010100000011000000100100000110000000000000000000000010
000000000000000100000000000000001001000000000010000000010000010100010001101000001000000000000001010
000010010000000000010000000010010000000010000100100101000000000000101000000000000011000001010011000
000100000001000100000001010011000000000000101000000100000000010000000100000000000000000000110000000
000001000000100000100001001001100100000000001000000011100001100111100000101000000010000000000000100
000100010010000000000000000110000010000000001000000000000010000000000000001010000000000100000000100
000001000000000100000100000000000000100000001100100000100000110001000000000000100000000000000000101
000001010000010000010110000000000000000000100010101000101000100000000000000000000000010010000000000
000010000001000001000000001110000100010000000001000000000001000010000000001000010110000000000001000
000000000001011010000000100011000000000000000000000000000000100000010000010010000000011000001010000
000000000000000000000000000010000000000000001000100001000100010010010000000001000000000000000000000
000000000000000000000000000010000011000000000000000000000001000000000100100000000001000101000000000
100000000000000000011001000000000000000100110000000000010100100000000101000000001000100000000000000
000010000000000000001100010000011100000000010000000000010000000010010000010110000000000000011000000
000010100000000000000000000000000000000100000000010000000000000000110010000000000000000000010011000
000000000010000001100000010000010100000100000000000100000000100000000100000000000010000100000000000
000000100000000010000010000001100001000000001000001000000000000001000001000000000001100010000001000
100000000001100010001000000000000000000000000000000000001001010010001000000000000100010000000100000
001000000001100010000100000010000000000010000001000100001100010000000000001000000000000000000001000
110000001001010010000000000000001010000000101010000000001001100000000001001000000000001000000000100
000000000000000000000010000000010000000000000000100101000000000000000000000000000000100000000001000
010000000010000000000000000001001000000000000000010000110000000000000000010001101000000100000000000
000000010001000001000000010010010000001100000000010000000010000000001000100000100100000000000000000
010000011010000000000000000010000000000001001000000000000000000101001000010000101000000001000000101
000000000000000000000010001001100010010000100000001000000000000000000000000001101001000000010000100
010000000000001000000010001000000000001000010000001000010010000000000000001000000000000001000000000
000011010100100001000001000100000000010000011000000000000100000001110001001110000000000000100000000
000000001000000000000000001000000001000010000000000010000000000000000001000000001000001000000000000
000110000000010000000000000100100001010000010010001100000100000000000000100000000010000000100000001
000010000010100000000001001000000000000000001000000000000100000000000000000000100010000000000000000
000000101100000000011000000000010000000000000010000100000110000000000010000000000000000000000000100
000001101001000000100010010100001100000001001110000000100100100000000001010100000000011000100000000
000000000000000001000000010000000000000010000100101000000000000000001000100000010000000000001001001
000100000000010110000000101000000000100100100000000000000100000001001100000000000010000000000010000
000100010000001010000001100000000010000110101000001000100000001000010000000000000010000000000000000
001000000100100011010000000100010000111000000010000000000100000100000000100100000000000110000010000
000010000010000000001000100100000000001000010000000000001010000000000000100000110000000000000010000
001000000001000000000000100000000000010000000100010000000010100001000010100000000000001001000000010
000000000100000000101000000001000000000000100010001000000001000101001000000000000000000000000000000
000000001010100001000000101000000000000000000100000000000010000100000000000000000001000000000000000
000000000100000000000000001010000000000000100000000000000000001000000100000000011000000010000100000
010010000001000100000010000010000000000000011000000000001000010000000000000000001100000000000000010
000000000000000000000001000001000000000000010100000000000000011100000100000010010000000000010100000
100000100000001011000100000000000000101100000000000000000000000000000000000000001000000000000000000
000000000000000000001000000100000000000010100000000001000000000001010000000010000000011001000000100
001000000100010000000000100000010000000000000000000000010110000000001001000000001010000000000000000
110010000001000010000001000000000000000000000000000000010000000000000100000000000000000100011001000
000000100100000010000100111010000100000000101100000000000010000000000100000000000000000010000000000
000001000010000000100000000000000100000001001000011000000000001000100000010000000000000000000000010
000000100000010000000000000000000000000110100000000000001110010010010000000000000010000000000001000
000001000011010000000100000000000000100000000000011000010100000000000000000000000000000000000000000
000100010010010100000100000010010001000000010000100000010001001000000000011000000000000000010001000
010000000000000000000010011000000100000000010000001000001000000010000000000000000010010000000101000
000000000100000000000100000000000000000100010000100100000000000000100000000000000000100000000000000
000000011001101000000000100001010100011010000000001000000000001000010010001000001100100000010010100
000000010000010000000001000010000010001000000000000010000000100100000000000000000000000000000010000
000001000010010000000000010000000000000000000000110000001000110000000000011000000000000010101010100
110000000000000100010010010000001000000000010100000010001001100010100000000000100100000000001000011
000000000000000000000000000010000000000000000010100000010000010001100000010000000100000000000110000
000000010000000010000100000000000000000011000010000001000000000000000000010000000000100000000100000
010000100000000001000100010010010100000001000010010000000000000000000000011101010000000100000000001
100000100000000000000000000011000000000010010000000000010000010000001001100001001100100000010000000
000001010000001000000000000001010000000000001010010000010000100000111000000000100000100111000000000
000011000000000000000001101001000000000000100000000010000010000000100000000011000010000000000001000
000000010000001000000000001000000000000000000010010000000000000000001001011001011010000100000101000
000000000000100000001010000001010010000001000000000001000000000000000000000000000000000000000001000
000010010010100000001000000110010000000000100001000010000000100000000010110000000001000000011000100
000000000000000000000000010100001000000010001000001001000000000000000010001000000000000000010100001
000000001100000000010010100000100010100110000100000000001100010101000000001000000000010010100000100
000010001000000000000000000010000000100000000000000100000001000000000010000000110000000000000100000
000000000001000000000000100000000000100000000001000000000000010000000010000000001010001001010001000
001000010100100000000100000001000110010000000000000000000001000101010000000000000000000000101000000
100010001000010001000000000000000010000000000000100001000000100010011000000000000001000010000000000
100010000000000000000100000000000100000000100100101000000000010000001010000000000100000001001010000
000100000000000000000000000000000000010100000100010000000000000000100000001010100001000000000000000
000010001000000100000000100000000000100000000000000100000000000000000000000000001000000110000000000
000010011001000000000001000100000000000000001000000000000010100001000000000000000101001011100000110
000000000000000010101000010000000000000000010000000000000101110000000010000010000000100000000000001
000000001000010001000000100000000000000000100000000000000000010000000100000100000000100001001000000
000000000000010100000010000100010000000000000000000000000100000010000000000000010000011110000000000
000000000000000100110010010000001000000100001000110000000000000100000000010000000000110000000000000
001000000001001001000000000000000000010000000000100000001001100000010000100000000000110000010001000
000100000000000000010001000010010010000000000000000000000001001000000000000100100000010000000001000
000001000000000000100000000000100000001000000000000001000010010000101000001001010100000000100100000
000101000000100001000000100100000000000001000011100000001000000000010000000000000000000001000001000
000001110000010010000001101100010000000000001000000000000000000100010000000100000000100001010000010
101000000000110000000000000010000000000000000000000000110000000000000000000010010001010000010000000
000000001001000000000000000100010000010000001000000000011000000000000000000100000000000000100000001
000001000000001010001000000010000000000000000000000000100000011000000000000100010010000100000000000
110000000000000000000001001010100000001000000000100001100000000000000001000010010101000000000101001
010001010000000011001000000100001000000001000000000000000010000010000001000000000001000000100000000
000000000001000000010000000100001000100001010000000000100000010010001000100000000100000000000000100
001100000000100000001000000010001000000000100011000000000000001000100000000000000000010000000011000
010000000000010010000000000000100000010010010000000100001000001000001000010000010000000000000100000
000100000000000100000000100000000100000000100000100001000100000001010000000000000000010000000000001
000000000100001000100000000000000000100010101110000000100010000010000000000100000000000000100000001
010000011000010000011000010001000000000000000000000100000000000000000011100000000001000000000010001
000000100000001000000010000100000000000000010100000000000000000100000011010000000000010000000000000
0 0
98 98
