94 99
001010001001100000001110110010000011000000000001000000000001000000100000000000100000100100000000001
010001010000000001010000000000000000001010000000110010000000100000010001001010000000000000100001100
100000000000000001001011000000000000000000001001010001101110000100000101100001000100000001000110000
000001001000101001001100100000000100000010001101010000100000001000000000000101110010001000010101000
000010001001000001001010000000000010100010110000000110000100000011010000010010010001000011000000000
010000010001000000000000100001001000000011000000000000100100101010010000010010010100000000000011001
110000000100000000010001000010000000000100100101100010100001001001000000000000000000010000111000000
000100001000000000110001000000000000001010010100011000001000000000000110000000100100000000001000000
000100010000010110000000010110000100000000000000000001000000000100000001000000010000000000001000001
000010100001000001100000010000000000000001000000010000001000100100100100000110000001000000000011100
000001000111001000110000010000001010000000000000000011000000101000000110010001000000001010000000000
001000100100101001000000010000001000001000000100010000001001000000100000010000000010000000010100000
010010000000010000001010000000000000100000010100011100000000000000001001000001000000000010100010100
000000100100001000000000000001000100000011000010001000010000100111000001110000000000000000001011110
000010000000000010000100000000000001011010001100100000100000000110100000000100001010011100010100000
100001000010000100000100010100000101000000000001100000000100000000000001000000100000000010000010000
010010100001000000000000000001100001001000100000000010001001000001000000000100010100000000000000000
000000001000010010100011000001000000100000011000101100100001000100010000000000100000100000000000000
000100100000000000000000001000000100010100000000010001100000010000000000001010100100100000000000100
010000100000010010000001010100000100100000100010100000110010100101000000000001000000110000000000101
010010010010000010001000000001000100000100000000000000000000110010000010100100010000001000101010010
010000000000101010001000000101100010101000001000100000100100000001110000000000000100010000010000000
000000010001000000000000100100100000001100010010001000000000000010001000100001000001000011000001101
001010000011001000100000000001000000100010000000000000110000001010000010001100100000000000101000100
010100000100000000000000000000000100000000011010011001000100000000000100010010000000001110000100010
000000100000000000000100000000010000100000000000000010110100000010000001000000000100000000100000000
001000000010100000000001110001000101000000100000100100000000000000001000001010001001010000000000100
101110010100100000000010110001000100100000010000000010101000001001010010011011010000010000000000010
000000000000000111000000000000000000100000000000100000000000000000000000000100000000011110000001001
000000100000000100000011001000100100111001000011001100100010001110100000000000010000000000001001000
000000010011000000001000001000000000100100000001000100000110000000000101010001001100000000000001001
000000001010100101000010010000110111000000000011000000100010000000001011000100000100100010110010010
000010000000101000010001001000000010010010000000000000000010010100000000000000000111000010110000000
000001101011001001001000100000000110000010110101001100001100000000000110000000000010000000000100000
000100000101010000000000000000000110010000000000000100000000000000000001000011000000000000100000000
000000100001011010000000000010000001010000101000000000110000001000000001010000000000011000010010011
001000000100000100000110000010000010000000100000000001011100011100010000001011000000000000011001000
101101100000000000110000101000101000100000000100100000010100100000000010110001100000001001010001010
010000000010000101000111000000001000000010001000000000000001000000100001011000100100100010000000000
000010010010100000100010001110000000000101001001000000000000100000000000100001000001000000010000000
000000001001000000100011000000000000000000001001010001100000010011000001000000100000100000000010100
010000000000001000001100100001000010000000000000000000100011000000010001111000001010100100010011010
000001001000001101000010100001000001000000000000000000010000001000000100000001100000000100001110000
000000000010101110000001000110000101100000000100010000000110100000000000000000000001000010001110001
001100000100010100010000000100000000000000000000000010100001010001111000000100001001010010010000101
000100100000001000010000011000101011000000000000000000001000100000001000000000100000000000000010001
000000000000010000001111001000001100110000000010000001100000000000000001010000100100000000000000000
000000001100000000000001101001000110000000011011000000010000000000000000010100100010001000000010000
000000010000110100100000000010000000000011001000000000000110000110010000000000010000010000001000100
100000010110000010000100010000000000010101000000100100110100000110000000000001100000000000000010010
000000100101100001011000010000000100000000010010000001001001000100010100011010000001000000100000110
100010000110100010010000000000000000100000000000000010000001000001000001101110010001001001001000001
101000000010001010100011010001000000000000100010000100100010000000000000000000000010010010010011001
000100000000000000000100000000011100100000010010110000100100100100000000100001000001010000000001100
000010010110000001000000000010000100000110001000100001011101000001001101000100100001000000100010010
000010000100000001000010000010000000000000010000000011000000000000000001100000000100000010011100100
001000000010000001000000010010010011001100001000010011000000010100000000000000001000111000000000011
000000100000000101000100000000010100000100111101000100000000100000000000000000000000000010100000001
011001010001001000000000000100100010100000000001100000000000100000000010110000110100011000011010110
000101000110011000011000100000000100100000010000110000001100100000000011000000001000000000000000000
001100000000000000010100000011000001110000010000001000000011000111100000000000000100000100010110101
000010100000000101100000010000000000100100010000000101000010010010110000000000100010100001010010000
000000100000000000010000000000000000000001000000000000000000010000001011101000100001000000000000010
100000000101011001010010010000010101000001010000000000000000000001000000100000100001001000000100010
001000000000011000000000011101001000010010000010010010100000011100001001010010100100000000000010001
000000100100010000000001000000100000010100110000001000101001000000000000000010001000000011010011100
100010000000000110000000000000101001000000000000000000000101000100001001000000001001100001010000000
100000000001000100000010000100100000000000000110000000000001100100000001010000110000000001000000010
100100000000000000010010001000001000100010001000000001011000000001001011000100000000001000000001000
000000000000101001000000000001100001000000000000000010010100010010000100000001001001001011100001001
000100010000000001100010010000000100000011000000100000000000000110000110010010000000000000001000000
000010000000001100001110010001100100100000000000110000000000000000001010001000010100000011001000001
000000001000000000100100011000100000110000001100000010100100000010000000000000010100101110000110001
100000100001000010001001010000000011001000000000001010001000000001000000000000010000101000010010000
010000010100000100001100010100000000101000000010010000100100000101000000001000100000100000100000000
010011000110000001000000000000000000010000000100001000000011100000000000110000000001000000000000100
010110000000000000010010000000101000000001000000100100000000000101001000100100000010000010010000001
000000000000001000000010100001000100010000000000000000110000100000000001000001000110001100000001000
001001000001000000100010010010000001000100000000010000000010000011000010010000000010000000011100000
000000000000011000000000100000001010001000000000000001000001000100000000000010001000000000000000000
000010000000000000000000100010000010001000001100010001000000100101000000000001000001000000010000010
000000000010000000000000010001000000000100000101010001000000000000000000001000000101000000010000000
010001101100000010010001111000000000000100101000100110001000110000010001010010000000110000000100000
000100000000010000110100000000110000110010100000011001000001010000010010100001101000000110100000100
000110100000000010111000010000000000010000000110010010001100000000000000100010011001001000010000000
000100000000000000000000101000001001000000010100001000110000100100100001001000000000110100000010010
100011000100001000100010000000000001000010000001010110100100100000100000000000000000000000000100000
001000000000111010001001100100010000110001000000000000011001010000000000100000000010001000101000111
010000000000000000000001000000100010100110011011100000100000000000110000001000010100010000111101000
010000000100000010000000000010000001000000100001010001000000000000001000110000000000000000000000011
000000100000000001000000010000000000000000000000000010001010000101000000001000000000100100000001010
010100000100000000000100100000100000100000100000000000010000000001010001010000100000000000001000000
000001000000001000000000000000011100001000100000000100010000001001000001101110000110010000000100000
000100000000000010011100000001010000100000001000000010000110000010000001001000010100101001101001011
63 27
11 90
